8046866.00000000	0.01067075	0.00038800	0.02852805
8041866.00000000	0.01133661	0.00039194	0.03124857
8036866.00000000	0.01209473	0.00036322	0.03462610
8031866.00000000	0.01290952	0.00035315	0.03846069
8026866.00000000	0.01383612	0.00032022	0.04290582
8021866.00000000	0.01479425	0.00028363	0.04811420
8016866.00000000	0.01589307	0.00020245	0.05410809
8011866.00000000	0.01710510	0.00009479	0.06124753
8006866.00000000	0.01839862	-0.00006589	0.06960547
8001866.00000000	0.01983087	-0.00029431	0.07928397
7996866.00000000	0.02133035	-0.00056775	0.09059756
7991866.00000000	0.02300031	-0.00096094	0.10339737
7986866.00000000	0.02490811	-0.00136316	0.11772437
7981866.00000000	0.02702432	-0.00177713	0.13230405
7976866.00000000	0.02965210	-0.00209851	0.14624393
7971866.00000000	0.03284082	-0.00220312	0.15682034
7966866.00000000	0.03693835	-0.00207437	0.16234512
7961866.00000000	0.04158743	-0.00162189	0.16149893
7956866.00000000	0.04742450	-0.00094180	0.15386957
7951866.00000000	0.05521042	-0.00019321	0.14023468
7946866.00000000	0.06448508	0.00045007	0.12135953
7941866.00000000	0.07502972	0.00086520	0.09851541
7936866.00000000	0.08725662	0.00095981	0.07048648
7931866.00000000	0.10094357	0.00050269	0.03704919
7926866.00000000	0.11606119	-0.00050549	-0.00272272
7921866.00000000	0.13164478	-0.00196109	-0.04788501
7916866.00000000	0.14673935	-0.00342676	-0.09764066
7911866.00000000	0.15987085	-0.00451215	-0.15129990
7906866.00000000	0.16884738	-0.00465085	-0.20531119
7901866.00000000	0.17219894	-0.00367853	-0.25786865
7896866.00000000	0.16931067	-0.00191821	-0.31075565
7891866.00000000	0.16130008	-0.00034320	-0.35770593
7886866.00000000	0.14857300	0.00070782	-0.40371970
7881866.00000000	0.13167786	0.00106036	-0.44651147
7876866.00000000	0.11078735	0.00094360	-0.48416571
7871866.00000000	0.08370807	0.00064734	-0.51693460
7866866.00000000	0.05048630	0.00039801	-0.54126385
7861866.00000000	0.00956549	0.00036533	-0.55708145
7856866.00000000	-0.03891107	0.00059564	-0.56321921
7851866.00000000	-0.09195834	0.00099738	-0.55903674
7846866.00000000	-0.15077859	0.00170633	-0.54328796
7841866.00000000	-0.20633618	0.00242673	-0.51809802
7836866.00000000	-0.26258923	0.00338522	-0.48185397
7831866.00000000	-0.31714813	0.00437793	-0.43537421
7826866.00000000	-0.36722592	0.00555383	-0.38258133
7821866.00000000	-0.41535947	0.00686786	-0.32234448
7816866.00000000	-0.46032227	0.00803442	-0.25632025
7811866.00000000	-0.49858810	0.00898676	-0.18943860
7806866.00000000	-0.53135379	0.00968274	-0.11785266
7801866.00000000	-0.55497458	0.00990182	-0.04619073
7796866.00000000	-0.56942789	0.00965067	0.02807227
7791866.00000000	-0.57333307	0.00916501	0.10271655
7786866.00000000	-0.56665485	0.00831940	0.17743903
7781866.00000000	-0.54881451	0.00708301	0.25364072
7776866.00000000	-0.52033582	0.00546774	0.32787375
7771866.00000000	-0.48174167	0.00359671	0.39938885
7766866.00000000	-0.43463824	0.00170074	0.46521774
7761866.00000000	-0.38064594	0.00013232	0.52336435
7756866.00000000	-0.31871918	-0.00099588	0.57477621
7751866.00000000	-0.25245847	-0.00171616	0.61617004
7746866.00000000	-0.18510724	-0.00215353	0.64713980
7741866.00000000	-0.11476675	-0.00219992	0.66970447
7736866.00000000	-0.04186447	-0.00224167	0.68401129
7731866.00000000	0.03275110	-0.00234119	0.69020663
7726866.00000000	0.10668970	-0.00228558	0.68826947
7721866.00000000	0.18138525	-0.00221039	0.67804654
7716866.00000000	0.25684006	-0.00219107	0.65862927
7711866.00000000	0.33063293	-0.00229071	0.62956415
7706866.00000000	0.40261270	-0.00218854	0.58958984
7701866.00000000	0.46874084	-0.00216962	0.53998264
7696866.00000000	0.52715051	-0.00190436	0.48210278
7691866.00000000	0.57836969	-0.00193457	0.41508157
7686866.00000000	0.61853775	-0.00180020	0.34506342
7681866.00000000	0.65003149	-0.00162326	0.26969241
7676866.00000000	0.67205783	-0.00165405	0.19238376
7671866.00000000	0.68507944	-0.00185306	0.11458603
7666866.00000000	0.68967297	-0.00232654	0.03583163
7661866.00000000	0.68578897	-0.00261365	-0.04241879
7656866.00000000	0.67291260	-0.00335916	-0.12164310
7651866.00000000	0.65067123	-0.00439600	-0.19994135
7646866.00000000	0.61912805	-0.00574579	-0.27528494
7641866.00000000	0.57506528	-0.00754291	-0.35181366
7636866.00000000	0.52338477	-0.00904501	-0.41962039
7631866.00000000	0.46284030	-0.01044205	-0.48101654
7626866.00000000	0.39506488	-0.01150363	-0.53451926
7621866.00000000	0.32788474	-0.01232410	-0.57584650
7616866.00000000	0.26582877	-0.01302493	-0.60578763
7611866.00000000	0.19029291	-0.01172726	-0.63355078
7606866.00000000	0.11360934	-0.01042447	-0.65280664
7601866.00000000	0.03494632	-0.00900601	-0.66430698
7596866.00000000	-0.04136157	-0.00718240	-0.66761798
7591866.00000000	-0.12266922	-0.00496945	-0.66246207
7586866.00000000	-0.20197098	-0.00274091	-0.64823059
7581866.00000000	-0.28007748	0.00019949	-0.62418457
7576866.00000000	-0.35823804	0.00340088	-0.58810876
7571866.00000000	-0.42662155	0.00688669	-0.54415302
7566866.00000000	-0.49028802	0.01020526	-0.48916403
7561866.00000000	-0.54522784	0.01337625	-0.42612350
7556866.00000000	-0.58904614	0.01570963	-0.35937354
7551866.00000000	-0.62533521	0.01732962	-0.28513022
7546866.00000000	-0.65118112	0.01825357	-0.21055463
7541866.00000000	-0.66880630	0.01888824	-0.13206400
7536866.00000000	-0.67763632	0.01965454	-0.05215598
7531866.00000000	-0.67762137	0.02014993	0.02738159
7526866.00000000	-0.66785995	0.02057022	0.11108975
7521866.00000000	-0.64838568	0.02065878	0.19211880
7516866.00000000	-0.61839114	0.02021185	0.27210843
7511866.00000000	-0.57628204	0.01924268	0.35123065
7506866.00000000	-0.52691730	0.01747690	0.42041714
7501866.00000000	-0.46648038	0.01514395	0.48503687
7496866.00000000	-0.40058942	0.01252350	0.53909564
7491866.00000000	-0.33037671	0.01023575	0.58314719
7486866.00000000	-0.25503979	0.00821182	0.61824612
7481866.00000000	-0.17884604	0.00656464	0.64335486
7476866.00000000	-0.10167813	0.00537503	0.65944339
7471866.00000000	-0.02281339	0.00412592	0.66700485
7466866.00000000	0.05647687	0.00306326	0.66573010
7461866.00000000	0.13883240	0.00179626	0.65490463
7456866.00000000	0.21839026	0.00041360	0.63447723
7451866.00000000	0.29746109	-0.00143500	0.60349402
7446866.00000000	0.37309946	-0.00340076	0.56219287
7441866.00000000	0.44215445	-0.00552798	0.51200891
7436866.00000000	0.50573737	-0.00746136	0.45194351
7431866.00000000	0.55974036	-0.00938211	0.38579480
7426866.00000000	0.60277924	-0.01121411	0.31699271
7421866.00000000	0.63775555	-0.01267694	0.24204330
7416866.00000000	0.66269058	-0.01380597	0.16642975
7411866.00000000	0.67883026	-0.01478107	0.08890866
7406866.00000000	0.68597504	-0.01585168	0.01104446
7401866.00000000	0.68404111	-0.01700812	-0.06925079
7396866.00000000	0.67228845	-0.01783481	-0.14980719
7391866.00000000	0.65004672	-0.01817252	-0.22948584
7386866.00000000	0.61575146	-0.01787555	-0.30946283
7381866.00000000	0.57100742	-0.01705591	-0.38395981
7376866.00000000	0.51664417	-0.01551132	-0.45209647
7371866.00000000	0.45239905	-0.01323471	-0.51400565
7366866.00000000	0.38478546	-0.01064844	-0.56425385
7361866.00000000	0.31127203	-0.00811032	-0.60596997
7356866.00000000	0.23586383	-0.00607687	-0.63747870
7351866.00000000	0.15998074	-0.00433221	-0.65960577
7346866.00000000	0.08105182	-0.00264243	-0.67320947
7341866.00000000	0.00327338	-0.00122366	-0.67785138
7336866.00000000	-0.07742044	-0.00000800	-0.67345703
7331866.00000000	-0.15689706	0.00128397	-0.65941940
7326866.00000000	-0.23501144	0.00267459	-0.63537405
7321866.00000000	-0.31407413	0.00421964	-0.59951874
7316866.00000000	-0.38534183	0.00572037	-0.55575488
7311866.00000000	-0.45316901	0.00728741	-0.50193643
7306866.00000000	-0.51409164	0.00882501	-0.44049335
7301866.00000000	-0.56538062	0.00986740	-0.37497043
7296866.00000000	-0.60897095	0.01109653	-0.30311603
7291866.00000000	-0.64219299	0.01227853	-0.23074750
7286866.00000000	-0.66710709	0.01296802	-0.15499792
7281866.00000000	-0.68340814	0.01323563	-0.07681671
7276866.00000000	-0.69071115	0.01367252	0.00010028
7271866.00000000	-0.68913483	0.01435583	0.07971326
7266866.00000000	-0.67787222	0.01538211	0.15953210
7261866.00000000	-0.65648834	0.01608649	0.23773865
7256866.00000000	-0.62267316	0.01671500	0.31764877
7251866.00000000	-0.57998679	0.01678006	0.38924857
7246866.00000000	-0.52696460	0.01660321	0.45615100
7241866.00000000	-0.46434470	0.01584790	0.51661908
7236866.00000000	-0.39843008	0.01440649	0.56561841
7231866.00000000	-0.32544302	0.01277744	0.60684924
7226866.00000000	-0.25073239	0.01112234	0.63812607
7221866.00000000	-0.17536453	0.00982019	0.65984454
7216866.00000000	-0.09650076	0.00865271	0.67339117
7211866.00000000	-0.01848853	0.00741663	0.67807541
7206866.00000000	0.06276666	0.00600336	0.67377557
7201866.00000000	0.14281113	0.00453607	0.66007593
7196866.00000000	0.22197473	0.00274466	0.63653833
7191866.00000000	0.30165796	0.00038452	0.60154602
7186866.00000000	0.37559619	-0.00257419	0.55763095
7181866.00000000	0.44595688	-0.00586334	0.50298889
7176866.00000000	0.50858231	-0.00924069	0.44070255
7171866.00000000	0.55997623	-0.01243619	0.37571307
7166866.00000000	0.60431012	-0.01524237	0.30334970
7161866.00000000	0.63769449	-0.01758386	0.23090112
7156866.00000000	0.66245758	-0.01970932	0.15568652
7151866.00000000	0.67821533	-0.02151416	0.07884601
7146866.00000000	0.68498746	-0.02309015	0.00075439
7141866.00000000	0.68240866	-0.02464804	-0.07826706
7136866.00000000	0.67000259	-0.02628360	-0.15628079
7131866.00000000	0.64669104	-0.02740063	-0.23469101
7126866.00000000	0.61199280	-0.02732465	-0.31131870
7121866.00000000	0.56749759	-0.02613776	-0.38194638
7116866.00000000	0.51181601	-0.02371332	-0.44883951
7111866.00000000	0.44946393	-0.02082715	-0.50652988
7106866.00000000	0.38187384	-0.01738455	-0.55496744
7101866.00000000	0.30891492	-0.01396262	-0.59500232
7096866.00000000	0.23501807	-0.01113770	-0.62513300
7091866.00000000	0.15867041	-0.00844302	-0.64681952
7086866.00000000	0.08174805	-0.00605768	-0.65999747
7081866.00000000	0.00334467	-0.00380841	-0.66485709
7076866.00000000	-0.07774298	-0.00165765	-0.66067810
7071866.00000000	-0.15672040	0.00066254	-0.64732455
7066866.00000000	-0.23823907	0.00292322	-0.62301044
7061866.00000000	-0.31365744	0.00513058	-0.58978720
7056866.00000000	-0.38491318	0.00668451	-0.54702216
7051866.00000000	-0.45290033	0.00814337	-0.49332770
7046866.00000000	-0.51056158	0.00945663	-0.43444949
7041866.00000000	-0.56078799	0.01054233	-0.36831189
7036866.00000000	-0.60189960	0.01128043	-0.29756430
7031866.00000000	-0.63311038	0.01187503	-0.22515677
7026866.00000000	-0.65603418	0.01248486	-0.14888898
7021866.00000000	-0.66972104	0.01334018	-0.07321326
7016866.00000000	-0.67493216	0.01412531	0.00613626
7011866.00000000	-0.67082620	0.01500598	0.08451126
7006866.00000000	-0.65709125	0.01608374	0.16307214
7001866.00000000	-0.63188055	0.01744812	0.24395242
6996866.00000000	-0.59760635	0.01843420	0.31805338
6991866.00000000	-0.55299774	0.01862674	0.38876611
6986866.00000000	-0.49645517	0.01837967	0.45626282
6981866.00000000	-0.43676968	0.01781036	0.51134125
6976866.00000000	-0.36786682	0.01706848	0.56054892
6971866.00000000	-0.29617551	0.01621301	0.59952652
6966866.00000000	-0.22156995	0.01545731	0.62959448
6961866.00000000	-0.14342514	0.01460840	0.65140750
6956866.00000000	-0.06550909	0.01385541	0.66436630
6951866.00000000	0.01527338	0.01300980	0.66904443
6946866.00000000	0.09704126	0.01131186	0.66461472
6941866.00000000	0.17807886	0.00917456	0.65064597
6936866.00000000	0.26124597	0.00602524	0.62519913
6931866.00000000	0.33702261	0.00253101	0.59071985
6926866.00000000	0.40947580	-0.00153195	0.54515802
6921866.00000000	0.47647964	-0.00546542	0.48880405
6916866.00000000	0.53165488	-0.00866943	0.42784943
6911866.00000000	0.57965353	-0.01114923	0.35865469
6906866.00000000	0.61776093	-0.01309399	0.28548361
6901866.00000000	0.64554633	-0.01399506	0.21227817
6896866.00000000	0.66532758	-0.01481342	0.13497195
6891866.00000000	0.67617267	-0.01574008	0.05810010
6886866.00000000	0.67833969	-0.01707086	-0.02158905
6881866.00000000	0.67097891	-0.01800937	-0.10113736
6876866.00000000	0.65345276	-0.01900928	-0.18061188
6871866.00000000	0.62470081	-0.02004306	-0.26036618
6866866.00000000	0.58607544	-0.02135217	-0.33508417
6861866.00000000	0.53697647	-0.02207233	-0.40568652
6856866.00000000	0.47956799	-0.02258572	-0.46901901
6851866.00000000	0.41585452	-0.02275726	-0.52386420
6846866.00000000	0.34508823	-0.02279169	-0.57105280
6841866.00000000	0.27164590	-0.02286206	-0.60817950
6836866.00000000	0.19683636	-0.02254703	-0.63578207
6831866.00000000	0.11922769	-0.02206345	-0.65513068
6826866.00000000	0.03949857	-0.02123920	-0.66581183
6821866.00000000	-0.04111969	-0.02020612	-0.66773203
6816866.00000000	-0.12189267	-0.01832654	-0.66043219
6811866.00000000	-0.20414185	-0.01545514	-0.64293546
6806866.00000000	-0.28560309	-0.01163385	-0.61441736
6801866.00000000	-0.36151740	-0.00718845	-0.57606561
6796866.00000000	-0.43353497	-0.00229749	-0.52663391
6791866.00000000	-0.49516043	0.00234311	-0.47064230
6786866.00000000	-0.54897491	0.00646869	-0.40711398
6781866.00000000	-0.59303195	0.00997034	-0.33875665
6776866.00000000	-0.62715939	0.01269617	-0.26828754
6771866.00000000	-0.65279700	0.01525311	-0.19425253
6766866.00000000	-0.66952725	0.01700046	-0.11915607
6761866.00000000	-0.67760800	0.01909351	-0.04159686
6756866.00000000	-0.67662775	0.02161752	0.03582736
6751866.00000000	-0.66607269	0.02445724	0.11421567
6746866.00000000	-0.64459119	0.02739331	0.19483774
6741866.00000000	-0.61328540	0.02997375	0.27123694
6736866.00000000	-0.57171924	0.03199213	0.34461157
6731866.00000000	-0.51926776	0.03329114	0.41494296
6726866.00000000	-0.46110263	0.03296619	0.47585751
6721866.00000000	-0.39555948	0.03136896	0.52979153
6716866.00000000	-0.32610184	0.02915219	0.57454120
6711866.00000000	-0.25419742	0.02670984	0.60987384
6706866.00000000	-0.17899045	0.02446307	0.63691324
6701866.00000000	-0.10298840	0.02223874	0.65523624
6696866.00000000	-0.02533383	0.02042593	0.66507474
6691866.00000000	0.05423630	0.01856726	0.66623138
6686866.00000000	0.13266779	0.01671213	0.65807864
6681866.00000000	0.21347610	0.01517633	0.63906976
6676866.00000000	0.28887024	0.01337909	0.61047116
6671866.00000000	0.36190356	0.01206299	0.57075485
6666866.00000000	0.43012872	0.01076270	0.52073819
6661866.00000000	0.48905786	0.00904898	0.46426440
6656866.00000000	0.54169553	0.00720407	0.39910370
6651866.00000000	0.58492148	0.00490317	0.32922238
6646866.00000000	0.61769455	0.00210312	0.25890805
6641866.00000000	0.64290555	-0.00107736	0.18354044
6636866.00000000	0.65897089	-0.00395331	0.10908118
6631866.00000000	0.66704700	-0.00763199	0.03030331
6626866.00000000	0.66607156	-0.01164426	-0.04794662
6621866.00000000	0.65582529	-0.01616696	-0.12704419
6616866.00000000	0.63537640	-0.02064590	-0.20605737
6611866.00000000	0.60465945	-0.02477457	-0.28306534
6606866.00000000	0.56332034	-0.02802002	-0.35683966
6601866.00000000	0.51195071	-0.02990988	-0.42574066
6596866.00000000	0.45459097	-0.03104593	-0.48510956
6591866.00000000	0.38900220	-0.03054700	-0.53802274
6586866.00000000	0.32015475	-0.02967871	-0.58101730
6581866.00000000	0.24786923	-0.02791467	-0.61539178
6576866.00000000	0.17335110	-0.02619452	-0.64127853
6571866.00000000	0.09669556	-0.02460104	-0.65917700
6566866.00000000	0.01798221	-0.02277536	-0.66881146
6561866.00000000	-0.06103687	-0.02084967	-0.66969165
6556866.00000000	-0.14100986	-0.01850079	-0.66155627
6551866.00000000	-0.22225888	-0.01602362	-0.64320132
6546866.00000000	-0.30002530	-0.01290988	-0.61513950
6541866.00000000	-0.37621121	-0.00934219	-0.57575784
6536866.00000000	-0.44476862	-0.00561551	-0.52763666
6531866.00000000	-0.50547006	-0.00205206	-0.47121939
6526866.00000000	-0.55763882	0.00141483	-0.40768866
6521866.00000000	-0.60042526	0.00440158	-0.33896268
6516866.00000000	-0.63316504	0.00693002	-0.26819919
6511866.00000000	-0.65737762	0.00919177	-0.19393454
6506866.00000000	-0.67288696	0.01212076	-0.11755438
6501866.00000000	-0.67971484	0.01444934	-0.03917990
6496866.00000000	-0.67750397	0.01740146	0.03916052
6491866.00000000	-0.66488086	0.02057620	0.12179721
6486866.00000000	-0.64231979	0.02423056	0.20067474
6481866.00000000	-0.60906039	0.02721713	0.27805438
6476866.00000000	-0.56480737	0.03006848	0.35299551
6471866.00000000	-0.51197971	0.03214813	0.42126495
6466866.00000000	-0.45147607	0.03388742	0.48236765
6461866.00000000	-0.38396423	0.03461273	0.53596860
6456866.00000000	-0.31448688	0.03420322	0.57882864
6451866.00000000	-0.24021652	0.03375784	0.61385858
6446866.00000000	-0.16523727	0.03320920	0.63947095
6441866.00000000	-0.08710236	0.03279459	0.65691464
6436866.00000000	-0.00817993	0.03185391	0.66564020
6431866.00000000	0.07120587	0.03071021	0.66539835
6426866.00000000	0.15466489	0.02872629	0.65512479
6421866.00000000	0.23345490	0.02612933	0.63525119
6416866.00000000	0.31098117	0.02265756	0.60449399
6411866.00000000	0.38643991	0.01823471	0.56183923
6406866.00000000	0.45183179	0.01314377	0.51212024
6401866.00000000	0.51114383	0.00766284	0.45275101
6396866.00000000	0.56094492	0.00215121	0.38749359
6391866.00000000	0.60048593	-0.00333435	0.31908319
6386866.00000000	0.63194672	-0.00813699	0.24516702
6381866.00000000	0.65392719	-0.01298621	0.17099414
6376866.00000000	0.66761334	-0.01842187	0.09407040
6371866.00000000	0.67246170	-0.02365189	0.01538647
6366866.00000000	0.66823950	-0.02945883	-0.06325507
6361866.00000000	0.65393347	-0.03569635	-0.14383261
6356866.00000000	0.62978134	-0.04140607	-0.22186166
6351866.00000000	0.59584824	-0.04636679	-0.29713632
6346866.00000000	0.55042526	-0.04932599	-0.37117807
6341866.00000000	0.49942828	-0.05051746	-0.43514517
6336866.00000000	0.43888538	-0.04956570	-0.49438943
6331866.00000000	0.37289401	-0.04724905	-0.54461279
6326866.00000000	0.30519003	-0.04443161	-0.58456018
6321866.00000000	0.23114316	-0.04076807	-0.61738223
6316866.00000000	0.15737903	-0.03721811	-0.64056158
6311866.00000000	0.08051230	-0.03383395	-0.65588898
6306866.00000000	0.00192032	-0.03061050	-0.66254785
6301866.00000000	-0.07756219	-0.02684897	-0.66045667
6296866.00000000	-0.15942014	-0.02287039	-0.64845105
6291866.00000000	-0.23833209	-0.01862036	-0.62662582
6286866.00000000	-0.31599722	-0.01377618	-0.59351746
6281866.00000000	-0.38901370	-0.00888092	-0.55019238
6276866.00000000	-0.45470251	-0.00436392	-0.49796585
6271866.00000000	-0.51337964	0.00030014	-0.43685693
6266866.00000000	-0.56235394	0.00438306	-0.37032822
6261866.00000000	-0.60121802	0.00789719	-0.30094724
6256866.00000000	-0.63210562	0.01106152	-0.22631952
6251866.00000000	-0.65358151	0.01421689	-0.15157721
6246866.00000000	-0.66696729	0.01767847	-0.07423505
6241866.00000000	-0.67194403	0.02152603	0.00426175
6236866.00000000	-0.66766156	0.02509171	0.08605023
6231866.00000000	-0.65377908	0.02916943	0.16658478
6226866.00000000	-0.63004260	0.03318295	0.24464801
6221866.00000000	-0.59536566	0.03724350	0.32189786
6216866.00000000	-0.55016302	0.03966373	0.39443210
6211866.00000000	-0.49709280	0.04088507	0.45877820
6206866.00000000	-0.43560223	0.04142697	0.51600226
6201866.00000000	-0.36937616	0.04120975	0.56347153
6196866.00000000	-0.29810144	0.04064874	0.60230823
6191866.00000000	-0.22324118	0.03935254	0.63265027
6186866.00000000	-0.14724152	0.03831104	0.65389420
6181866.00000000	-0.06916956	0.03730972	0.66673981
6176866.00000000	0.01043683	0.03605054	0.67089764
6171866.00000000	0.09204199	0.03409113	0.66584406
6166866.00000000	0.17442896	0.03101709	0.65084329
6161866.00000000	0.25434418	0.02643039	0.62580707
6156866.00000000	0.33490973	0.02059567	0.58876172
6151866.00000000	0.40505704	0.01430112	0.54487253
6146866.00000000	0.47039346	0.00732950	0.49121643
6141866.00000000	0.52823999	0.00079416	0.42955939
6136866.00000000	0.57515430	-0.00479810	0.36464249
6131866.00000000	0.61390915	-0.00992548	0.29406683
6126866.00000000	0.64264105	-0.01422043	0.22258807
6121866.00000000	0.66291360	-0.01839923	0.14840997
6116866.00000000	0.67460709	-0.02248920	0.07082397
6111866.00000000	0.67689365	-0.02661612	-0.00567480
6106866.00000000	0.66927249	-0.03116919	-0.08523956
6101866.00000000	0.65129385	-0.03565344	-0.16296259
6096866.00000000	0.62256766	-0.03979239	-0.23955356
6091866.00000000	0.58186752	-0.04260913	-0.31543390
6086866.00000000	0.53241312	-0.04418564	-0.38469907
6081866.00000000	0.47366193	-0.04409720	-0.44893933
6076866.00000000	0.40766971	-0.04306683	-0.50597577
6071866.00000000	0.34025900	-0.04123703	-0.55199121
6066866.00000000	0.26743613	-0.03879178	-0.59083398
6061866.00000000	0.19464792	-0.03671518	-0.62006540
6056866.00000000	0.11924545	-0.03466525	-0.64125690
6051866.00000000	0.04209784	-0.03277875	-0.65412338
6046866.00000000	-0.03490860	-0.03097726	-0.65807419
6041866.00000000	-0.11478046	-0.02917294	-0.65256738
6036866.00000000	-0.19207401	-0.02760666	-0.63714792
6031866.00000000	-0.26822583	-0.02626813	-0.61133170
6026866.00000000	-0.34360532	-0.02496274	-0.57381445
6021866.00000000	-0.41014038	-0.02371652	-0.52893423
6016866.00000000	-0.47242047	-0.02207999	-0.47472299
6011866.00000000	-0.52793372	-0.01971765	-0.41275778
6006866.00000000	-0.57307004	-0.01688626	-0.34815344
6001866.00000000	-0.61111270	-0.01360541	-0.27729187
5996866.00000000	-0.63978424	-0.01018259	-0.20485284
5991866.00000000	-0.66018213	-0.00647870	-0.13066714
5986866.00000000	-0.67265167	-0.00219171	-0.05352542
5981866.00000000	-0.67651718	0.00253769	0.02349408
5976866.00000000	-0.67136121	0.00817551	0.10442557
5971866.00000000	-0.65681305	0.01460995	0.18287820
5966866.00000000	-0.63132990	0.02186343	0.26148108
5961866.00000000	-0.59482565	0.02875613	0.33652646
5956866.00000000	-0.54874557	0.03482190	0.40468271
5951866.00000000	-0.49220322	0.03991223	0.46685031
5946866.00000000	-0.42922214	0.04317505	0.51903506
5941866.00000000	-0.36054831	0.04503751	0.56236313
5936866.00000000	-0.28735144	0.04559753	0.59687280
5931866.00000000	-0.21212427	0.04541464	0.62224426
5926866.00000000	-0.13545651	0.04499084	0.63898267
5921866.00000000	-0.05750989	0.04465765	0.64733347
5916866.00000000	0.02389963	0.04412866	0.64675494
5911866.00000000	0.10532626	0.04300040	0.63699475
5906866.00000000	0.18633630	0.04122562	0.61762595
5901866.00000000	0.26803644	0.03845364	0.58778992
5896866.00000000	0.34588901	0.03486496	0.54829538
5891866.00000000	0.41713165	0.03061340	0.50059085
5886866.00000000	0.48215381	0.02564880	0.44410144
5881866.00000000	0.53672681	0.02073419	0.38303091
5876866.00000000	0.58198444	0.01566470	0.31738031
5871866.00000000	0.61815799	0.01110916	0.24762564
5866866.00000000	0.64474179	0.00705176	0.17699283
5861866.00000000	0.66333121	0.00286014	0.10262741
5856866.00000000	0.67325827	-0.00125610	0.02759576
5851866.00000000	0.67429233	-0.00576801	-0.05054398
5846866.00000000	0.66595102	-0.01054984	-0.12774933
5841866.00000000	0.64776077	-0.01576257	-0.20381723
5836866.00000000	0.61812274	-0.02090399	-0.28082999
5831866.00000000	0.57937143	-0.02574380	-0.35161887
5826866.00000000	0.53066321	-0.02940543	-0.41787939
5821866.00000000	0.47306281	-0.03309198	-0.47807837
5816866.00000000	0.41063651	-0.03512567	-0.52865680
5811866.00000000	0.34170746	-0.03614615	-0.57199692
5806866.00000000	0.26990179	-0.03682489	-0.60638406
5801866.00000000	0.19633780	-0.03701700	-0.63217255
5796866.00000000	0.11907330	-0.03695624	-0.65023740
5791866.00000000	0.04238776	-0.03676132	-0.65973251
5786866.00000000	-0.03755273	-0.03635876	-0.66089926
5781866.00000000	-0.11852371	-0.03546216	-0.65292145
5776866.00000000	-0.19864099	-0.03398145	-0.63520462
5771866.00000000	-0.28015482	-0.03146457	-0.60658838
5766866.00000000	-0.35341605	-0.02835107	-0.57029855
5761866.00000000	-0.42548550	-0.02429330	-0.52268008
5756866.00000000	-0.49069388	-0.01975076	-0.46634140
5751866.00000000	-0.54348181	-0.01501764	-0.40758951
5746866.00000000	-0.58952686	-0.01011469	-0.34145374
5741866.00000000	-0.62565601	-0.00556235	-0.27290900
5736866.00000000	-0.65306641	-0.00132266	-0.20185452
5731866.00000000	-0.67233527	0.00293436	-0.12802826
5726866.00000000	-0.68298801	0.00697842	-0.05444614
5721866.00000000	-0.68514005	0.01153549	0.02249548
5716866.00000000	-0.67765082	0.01615732	0.10027206
5711866.00000000	-0.65991583	0.02085995	0.17682721
5706866.00000000	-0.63080289	0.02537854	0.25314786
5701866.00000000	-0.59125510	0.02897943	0.32501382
5696866.00000000	-0.54134964	0.03177048	0.39257388
5691866.00000000	-0.48245456	0.03346786	0.45403983
5686866.00000000	-0.41926129	0.03443863	0.50581976
5681866.00000000	-0.34909195	0.03484140	0.55134360
5676866.00000000	-0.27710132	0.03515115	0.58742587
5671866.00000000	-0.20192456	0.03547592	0.61566696
5666866.00000000	-0.12487946	0.03620071	0.63564539
5661866.00000000	-0.04529346	0.03714902	0.64767502
5656866.00000000	0.03550650	0.03806943	0.65102478
5651866.00000000	0.11683575	0.03875723	0.64511252
5646866.00000000	0.19868402	0.03885510	0.62940057
5641866.00000000	0.27940631	0.03786047	0.60310474
5636866.00000000	0.35423587	0.03575238	0.56716568
5631866.00000000	0.42533252	0.03215909	0.52031445
5626866.00000000	0.48702945	0.02763098	0.46587402
5621866.00000000	0.53975388	0.02233496	0.40491699
5616866.00000000	0.58397620	0.01655347	0.33777734
5611866.00000000	0.61866888	0.01093204	0.26768130
5606866.00000000	0.64465009	0.00549936	0.19534167
5601866.00000000	0.66243945	0.00001413	0.12087109
5596866.00000000	0.67192929	-0.00570007	0.04484656
5591866.00000000	0.67273065	-0.01165729	-0.03447174
5586866.00000000	0.66437332	-0.01796078	-0.11196155
5581866.00000000	0.64546692	-0.02453720	-0.19289740
5576866.00000000	0.61713342	-0.03041174	-0.26933725
5571866.00000000	0.57868631	-0.03533102	-0.34297620
5566866.00000000	0.52986420	-0.03916455	-0.41278238
5561866.00000000	0.47419580	-0.04165237	-0.47382111
5556866.00000000	0.41169846	-0.04298907	-0.52698898
5551866.00000000	0.34374026	-0.04337180	-0.57180826
5546866.00000000	0.27328891	-0.04322678	-0.60710019
5541866.00000000	0.19790561	-0.04291794	-0.63482162
5536866.00000000	0.12191180	-0.04279636	-0.65346008
5531866.00000000	0.04158762	-0.04253064	-0.66387854
5526866.00000000	-0.03929410	-0.04210519	-0.66510068
5521866.00000000	-0.12063992	-0.04108911	-0.65648386
5516866.00000000	-0.20511649	-0.03887747	-0.63661060
5511866.00000000	-0.28378653	-0.03550952	-0.60666061
5506866.00000000	-0.35820901	-0.03112076	-0.56618024
5501866.00000000	-0.42809604	-0.02563855	-0.51451886
5496866.00000000	-0.48613757	-0.01994131	-0.45782736
5491866.00000000	-0.53685596	-0.01415765	-0.39334467
5486866.00000000	-0.57783850	-0.00871887	-0.32474854
5481866.00000000	-0.60921317	-0.00394983	-0.25455093
5476866.00000000	-0.63283920	0.00070770	-0.17924506
5471866.00000000	-0.64709985	0.00522461	-0.10414935
5466866.00000000	-0.65263586	0.00997046	-0.02651440
5461866.00000000	-0.64856378	0.01491589	0.05320862
5456866.00000000	-0.63465665	0.01989679	0.13091843
5451866.00000000	-0.60926041	0.02476920	0.21148013
5446866.00000000	-0.57374948	0.02860715	0.28796136
5441866.00000000	-0.52799146	0.03157843	0.36112292
5436866.00000000	-0.47209174	0.03359857	0.42982352
5431866.00000000	-0.41410327	0.03452545	0.48617877
5426866.00000000	-0.34715988	0.03468832	0.53773245
5421866.00000000	-0.27733682	0.03405124	0.57968069
5416866.00000000	-0.20701218	0.03336194	0.61183340
5411866.00000000	-0.13177533	0.03224368	0.63686407
5406866.00000000	-0.05590158	0.03164212	0.65324524
5401866.00000000	0.02231201	0.03073581	0.66121936
5396866.00000000	0.10168549	0.03007401	0.66004584
5391866.00000000	0.18070612	0.02874768	0.64944781
5386866.00000000	0.25929813	0.02686691	0.62832895
5381866.00000000	0.33291068	0.02486270	0.59747662
5376866.00000000	0.40269141	0.02256812	0.55630917
5371866.00000000	0.46543570	0.01996545	0.50660175
5366866.00000000	0.51904282	0.01709863	0.45068188
5361866.00000000	0.56587698	0.01422134	0.38688779
5356866.00000000	0.60317389	0.01151895	0.31987622
5351866.00000000	0.63189508	0.00901559	0.25030875
5346866.00000000	0.65309665	0.00636075	0.17628540
5341866.00000000	0.66571091	0.00351038	0.10212173
5336866.00000000	0.67018085	0.00032327	0.02426990
5331866.00000000	0.66553815	-0.00298926	-0.05407394
5326866.00000000	0.65073676	-0.00680872	-0.13461728
5321866.00000000	0.62559836	-0.01078928	-0.21373840
5316866.00000000	0.59084753	-0.01454129	-0.28891638
5311866.00000000	0.54515793	-0.01799219	-0.36203699
5306866.00000000	0.49167822	-0.02082669	-0.42751477
5301866.00000000	0.43234955	-0.02297540	-0.48450732
5296866.00000000	0.36599725	-0.02449652	-0.53432150
5291866.00000000	0.29851022	-0.02543909	-0.57374557
5286866.00000000	0.22549899	-0.02622540	-0.60598526
5281866.00000000	0.15061124	-0.02699469	-0.62953909
5276866.00000000	0.07457397	-0.02785925	-0.64463120
5271866.00000000	-0.00419595	-0.02875476	-0.65132422
5266866.00000000	-0.08395685	-0.02979022	-0.64910135
5261866.00000000	-0.16523016	-0.03088324	-0.63710352
5256866.00000000	-0.24563858	-0.03098367	-0.61502676
5251866.00000000	-0.32178812	-0.03023441	-0.58330942
5246866.00000000	-0.39564771	-0.02859637	-0.54028494
5241866.00000000	-0.45863895	-0.02630194	-0.49125247
5236866.00000000	-0.51472177	-0.02316098	-0.43413330
5231866.00000000	-0.56279736	-0.01962292	-0.36992160
5226866.00000000	-0.60061462	-0.01614661	-0.30338089
5221866.00000000	-0.63065210	-0.01269174	-0.23175381
5216866.00000000	-0.65191519	-0.00932928	-0.15840695
5211866.00000000	-0.66485208	-0.00601746	-0.08318896
5206866.00000000	-0.66925769	-0.00263705	-0.00373746
5201866.00000000	-0.66425525	0.00090732	0.07459961
5196866.00000000	-0.64906290	0.00521933	0.15524869
5191866.00000000	-0.62444769	0.00956613	0.23215170
5186866.00000000	-0.58954883	0.01383844	0.30731766
5181866.00000000	-0.54385910	0.01787585	0.37973828
5176866.00000000	-0.49130759	0.02129596	0.44343927
5171866.00000000	-0.43043015	0.02411792	0.50087115
5166866.00000000	-0.36423907	0.02594400	0.54932587
5161866.00000000	-0.29722824	0.02702225	0.58736447
5156866.00000000	-0.22362616	0.02765359	0.61886847
5151866.00000000	-0.14702148	0.02800180	0.64198035
5146866.00000000	-0.06905008	0.02819504	0.65639154
5141866.00000000	0.01481174	0.02840808	0.66211633
5136866.00000000	0.09538446	0.02818909	0.65808218
5131866.00000000	0.17694614	0.02747101	0.64407617
5126866.00000000	0.25527661	0.02626965	0.62010696
5121866.00000000	0.33148962	0.02457715	0.58536496
5116866.00000000	0.40437268	0.02220578	0.53920273
5111866.00000000	0.46505310	0.01935406	0.48812433
5106866.00000000	0.52004083	0.01601898	0.42804843
5101866.00000000	0.56605502	0.01263361	0.36266873
5096866.00000000	0.60285526	0.00924677	0.29436420
5091866.00000000	0.63201199	0.00604980	0.22146881
5086866.00000000	0.65244818	0.00277600	0.14733459
5081866.00000000	0.66475241	-0.00113611	0.07041977
5076866.00000000	0.66821991	-0.00536261	-0.00807864
5071866.00000000	0.66219345	-0.01014539	-0.08723523
5066866.00000000	0.64565460	-0.01539142	-0.16785275
5061866.00000000	0.61892697	-0.02038049	-0.24450528
5056866.00000000	0.58088062	-0.02499289	-0.31957266
5051866.00000000	0.53343237	-0.02856519	-0.38804477
5046866.00000000	0.47827191	-0.03076321	-0.44878149
5041866.00000000	0.41510165	-0.03183301	-0.50240979
5036866.00000000	0.34826813	-0.03200912	-0.54612625
5031866.00000000	0.27799280	-0.03149939	-0.58100748
5026866.00000000	0.20424167	-0.03079041	-0.60759851
5021866.00000000	0.12795178	-0.02993951	-0.62582385
5016866.00000000	0.05012683	-0.02912717	-0.63537457
5011866.00000000	-0.02956989	-0.02817703	-0.63628641
5006866.00000000	-0.11315878	-0.02668973	-0.62737872
5001866.00000000	-0.19455920	-0.02457712	-0.60849347
4996866.00000000	-0.27320749	-0.02177090	-0.57975858
4991866.00000000	-0.35100974	-0.01794391	-0.53952576
4986866.00000000	-0.42142203	-0.01387701	-0.49071722
4981866.00000000	-0.48256839	-0.00967255	-0.43559677
4976866.00000000	-0.53645572	-0.00530991	-0.37269388
4971866.00000000	-0.57949719	-0.00091370	-0.30746509
4966866.00000000	-0.61471222	0.00327667	-0.23700241
4961866.00000000	-0.64085873	0.00696674	-0.16445773
4956866.00000000	-0.65832333	0.01029327	-0.09066052
4951866.00000000	-0.66753021	0.01389316	-0.01341486
4946866.00000000	-0.66761588	0.01758606	0.06207272
4941866.00000000	-0.65760858	0.02072940	0.14199927
4936866.00000000	-0.63754874	0.02353720	0.21828568
4931866.00000000	-0.60690234	0.02584961	0.29240454
4926866.00000000	-0.56462155	0.02752194	0.36449243
4921866.00000000	-0.51538287	0.02815665	0.42738165
4916866.00000000	-0.45697415	0.02816302	0.48513074
4911866.00000000	-0.39240686	0.02767828	0.53502725
4906866.00000000	-0.32549030	0.02669241	0.57556519
4901866.00000000	-0.25279340	0.02557553	0.60935648
4896866.00000000	-0.17912570	0.02440573	0.63448193
4891866.00000000	-0.10244910	0.02311978	0.65186707
4886866.00000000	-0.02292075	0.02165790	0.66094278
4881866.00000000	0.05591245	0.02019287	0.66112726
4876866.00000000	0.13816794	0.01822998	0.65139053
4871866.00000000	0.21854846	0.01574356	0.63166452
4866866.00000000	0.29705154	0.01259006	0.60128815
4861866.00000000	0.37385449	0.00852921	0.55926669
4856866.00000000	0.44120749	0.00455838	0.50954144
4851866.00000000	0.50185202	0.00008133	0.45079495
4846866.00000000	0.55298724	-0.00408920	0.38622900
4841866.00000000	0.59312985	-0.00768716	0.32026437
4836866.00000000	0.62577542	-0.01119525	0.24906885
4831866.00000000	0.64968585	-0.01433487	0.17603952
4826866.00000000	0.66528378	-0.01718518	0.10122272
4821866.00000000	0.67252719	-0.02015952	0.02336835
4816866.00000000	0.67046292	-0.02314941	-0.05460513
4811866.00000000	0.65838724	-0.02616672	-0.13443622
4806866.00000000	0.63599158	-0.02883035	-0.21244992
4801866.00000000	0.60219461	-0.03103589	-0.28988721
4796866.00000000	0.55667444	-0.03294586	-0.36480872
4791866.00000000	0.50460254	-0.03376727	-0.42971704
4786866.00000000	0.44376166	-0.03382080	-0.48863968
4781866.00000000	0.37778372	-0.03324020	-0.53842566
4776866.00000000	0.31015802	-0.03249969	-0.57796106
4771866.00000000	0.23752148	-0.03171680	-0.61008862
4766866.00000000	0.16439206	-0.03096707	-0.63332669
4761866.00000000	0.08802469	-0.03012341	-0.64848569
4756866.00000000	0.01039679	-0.02917972	-0.65525281
4751866.00000000	-0.06988669	-0.02757227	-0.65293161
4746866.00000000	-0.15021127	-0.02510071	-0.64094336
4741866.00000000	-0.22837292	-0.02168515	-0.61903232
4736866.00000000	-0.30622745	-0.01734335	-0.58605264
4731866.00000000	-0.37843393	-0.01237820	-0.54370898
4726866.00000000	-0.44360489	-0.00746576	-0.49350464
4721866.00000000	-0.50250070	-0.00257526	-0.43465515
4716866.00000000	-0.55128790	0.00180035	-0.37186270
4711866.00000000	-0.59210025	0.00556021	-0.30371167
4706866.00000000	-0.62408627	0.00869507	-0.23232513
4701866.00000000	-0.64759998	0.01140424	-0.15808405
4696866.00000000	-0.66259183	0.01388922	-0.08170050
4691866.00000000	-0.66885345	0.01627094	-0.00390936
4686866.00000000	-0.66574698	0.01869086	0.07615176
4681866.00000000	-0.65218979	0.02116669	0.15744653
4676866.00000000	-0.62827756	0.02338080	0.23578070
4671866.00000000	-0.59183154	0.02542276	0.31465823
4666866.00000000	-0.54692664	0.02677103	0.38477573
4661866.00000000	-0.49208661	0.02777997	0.44931360
4656866.00000000	-0.42693750	0.02831021	0.50793253
4651866.00000000	-0.35998813	0.02782297	0.55411581
4646866.00000000	-0.28718530	0.02742072	0.59246082
4641866.00000000	-0.21262128	0.02699728	0.62123666
4636866.00000000	-0.13632144	0.02657864	0.64128931
4631866.00000000	-0.05616327	0.02612411	0.65324008
4626866.00000000	0.02301831	0.02539194	0.65597067
4621866.00000000	0.10762955	0.02396072	0.64907794
4616866.00000000	0.18954083	0.02199863	0.63219458
4611866.00000000	0.26938400	0.01924985	0.60511179
4606866.00000000	0.34760110	0.01533792	0.56694910
4601866.00000000	0.41736118	0.01093716	0.52105728
4596866.00000000	0.48146201	0.00596185	0.46545193
4591866.00000000	0.53640375	0.00111606	0.40349185
4586866.00000000	0.57983136	-0.00318921	0.33989636
4581866.00000000	0.61608664	-0.00717303	0.26996664
4576866.00000000	0.64305466	-0.01068073	0.19885321
4571866.00000000	0.66203040	-0.01392435	0.12466800
4566866.00000000	0.67271323	-0.01716333	0.04797482
4561866.00000000	0.67454941	-0.02023828	-0.02773688
4556866.00000000	0.66697382	-0.02338333	-0.10705920
4551866.00000000	0.64960123	-0.02616107	-0.18409351
4546866.00000000	0.62199841	-0.02846909	-0.25949548
4541866.00000000	0.58249683	-0.02996710	-0.33427307
4536866.00000000	0.53683032	-0.03020938	-0.39850198
4531866.00000000	0.48021762	-0.02946515	-0.45951868
4526866.00000000	0.41750409	-0.02768918	-0.51208871
4521866.00000000	0.35196964	-0.02549017	-0.55484280
4516866.00000000	0.28001208	-0.02257272	-0.59084601
4511866.00000000	0.20610449	-0.01951212	-0.61821051
4506866.00000000	0.13051047	-0.01634155	-0.63728778
4501866.00000000	0.05176648	-0.01288580	-0.64855191
4496866.00000000	-0.02747617	-0.00940054	-0.65101596
4491866.00000000	-0.11040619	-0.00520929	-0.64387183
4486866.00000000	-0.19134015	-0.00055240	-0.62700259
4481866.00000000	-0.27169235	0.00426785	-0.59945526
4476866.00000000	-0.34921268	0.00908350	-0.56082391
4471866.00000000	-0.41828290	0.01344058	-0.51405670
4466866.00000000	-0.48205005	0.01729767	-0.45748831
4461866.00000000	-0.53543713	0.02035059	-0.39590472
4456866.00000000	-0.57945230	0.02262680	-0.33005673
4451866.00000000	-0.61515027	0.02450974	-0.25967734
4446866.00000000	-0.64151154	0.02618494	-0.18771585
4441866.00000000	-0.65957693	0.02772751	-0.11299936
4436866.00000000	-0.66894766	0.02910907	-0.03625452
4431866.00000000	-0.66902768	0.03037915	0.04361835
4426866.00000000	-0.65903696	0.03130603	0.12295807
4421866.00000000	-0.63891315	0.03170844	0.20122632
4416866.00000000	-0.60753012	0.03121924	0.27962143
4411866.00000000	-0.56703564	0.02978568	0.35246161
4406866.00000000	-0.51792542	0.02743500	0.41923352
4401866.00000000	-0.46033325	0.02404932	0.48002197
4396866.00000000	-0.39807510	0.02027261	0.53108789
4391866.00000000	-0.33093335	0.01635059	0.57385114
4386866.00000000	-0.25977448	0.01247678	0.60827472
4381866.00000000	-0.18815710	0.00898749	0.63354153
4376866.00000000	-0.11153397	0.00551385	0.65159186
4371866.00000000	-0.03446317	0.00234210	0.66096649
4366866.00000000	0.04549222	-0.00086728	0.66168057
4361866.00000000	0.12559369	-0.00387125	0.65292688
4356866.00000000	0.20315366	-0.00631683	0.63490521
4351866.00000000	0.28355612	-0.00854025	0.60531088
4346866.00000000	0.35541599	-0.00997525	0.56798050
4341866.00000000	0.42299683	-0.01093469	0.52153104
4336866.00000000	0.48541095	-0.01126926	0.46590265
4331866.00000000	0.53687909	-0.01136176	0.40724982
4326866.00000000	0.58104449	-0.01118033	0.34277927
4321866.00000000	0.61689597	-0.01108423	0.27457581
4316866.00000000	0.64372607	-0.01112576	0.20561987
4311866.00000000	0.66330551	-0.01151999	0.13212091
4306866.00000000	0.67436313	-0.01223367	0.05766891
4301866.00000000	0.67668909	-0.01327631	-0.01988840
4296866.00000000	0.66928867	-0.01470724	-0.09876355
4291866.00000000	0.65180911	-0.01635449	-0.17552698
4286866.00000000	0.62188281	-0.01811420	-0.25500290
4281866.00000000	0.58314111	-0.01946362	-0.32668933
4276866.00000000	0.53384457	-0.02030737	-0.39483893
4271866.00000000	0.47602161	-0.02065955	-0.45644296
4266866.00000000	0.41320212	-0.02030960	-0.50896909
4261866.00000000	0.34405054	-0.01953140	-0.55437698
4256866.00000000	0.27161993	-0.01861780	-0.59098245
4251866.00000000	0.19912622	-0.01773511	-0.61844867
4246866.00000000	0.12200949	-0.01704684	-0.63857858
4241866.00000000	0.04389117	-0.01648911	-0.65026712
4236866.00000000	-0.03709000	-0.01629111	-0.65327686
4231866.00000000	-0.11855838	-0.01616980	-0.64674765
4226866.00000000	-0.19895682	-0.01584338	-0.63020880
4221866.00000000	-0.27834070	-0.01538800	-0.60279343
4216866.00000000	-0.35254019	-0.01469131	-0.56581223
4211866.00000000	-0.42151239	-0.01360883	-0.51926700
4206866.00000000	-0.48374927	-0.01203848	-0.46384152
4201866.00000000	-0.53500574	-0.01015198	-0.40493292
4196866.00000000	-0.57902487	-0.00801349	-0.33955664
4191866.00000000	-0.61410727	-0.00587354	-0.27109894
4186866.00000000	-0.64076288	-0.00354257	-0.20014664
4181866.00000000	-0.65950507	-0.00104437	-0.12619678
4176866.00000000	-0.66964987	0.00181470	-0.05030399
4171866.00000000	-0.67097641	0.00515387	0.02573676
4166866.00000000	-0.66278000	0.00901993	0.10346729
4161866.00000000	-0.64438687	0.01317160	0.18084113
4156866.00000000	-0.61468033	0.01735492	0.25814313
4151866.00000000	-0.57571213	0.02077203	0.32972665
4146866.00000000	-0.52605289	0.02319620	0.39816879
4141866.00000000	-0.46876096	0.02456189	0.45910461
4136866.00000000	-0.40662555	0.02504239	0.51134802
4131866.00000000	-0.33783768	0.02458707	0.55703036
4126866.00000000	-0.26601022	0.02375925	0.59408313
4121866.00000000	-0.19256674	0.02298300	0.62259457
4116866.00000000	-0.11648898	0.02238840	0.64330664
4111866.00000000	-0.03813293	0.02103894	0.65601050
4106866.00000000	0.04274576	0.01973260	0.66002551
4101866.00000000	0.12345609	0.01810794	0.65450732
4096866.00000000	0.20565155	0.01624176	0.63824881
4091866.00000000	0.28356677	0.01408029	0.61161533
4086866.00000000	0.35687378	0.01155643	0.57463007
4081866.00000000	0.42560269	0.00872293	0.52673682
4076866.00000000	0.48475381	0.00587903	0.47189362
4071866.00000000	0.53593802	0.00312460	0.40980341
4066866.00000000	0.57824228	0.00065115	0.34262381
4061866.00000000	0.61150711	-0.00159366	0.27282352
4056866.00000000	0.63693161	-0.00363184	0.19894415
4051866.00000000	0.65393430	-0.00551746	0.12308392
4046866.00000000	0.66262485	-0.00739355	0.04478842
4041866.00000000	0.66234622	-0.00922302	-0.03601517
4036866.00000000	0.65246689	-0.01097614	-0.11647778
4031866.00000000	0.63170993	-0.01265662	-0.19920795
4026866.00000000	0.60145422	-0.01396280	-0.27649374
4021866.00000000	0.56092517	-0.01493109	-0.35006046
4016866.00000000	0.50990845	-0.01511932	-0.41864105
4011866.00000000	0.45352325	-0.01502795	-0.47629950
4006866.00000000	0.39028049	-0.01448660	-0.52604306
4001866.00000000	0.32199979	-0.01378000	-0.56714407
3996866.00000000	0.25167380	-0.01300272	-0.59875351
3991866.00000000	0.17623355	-0.01221213	-0.62260724
3986866.00000000	0.10002649	-0.01165894	-0.63742868
3981866.00000000	0.02108527	-0.01098413	-0.64362997
3976866.00000000	-0.06055405	-0.00997940	-0.64048749
3971866.00000000	-0.14240793	-0.00854584	-0.62745782
3966866.00000000	-0.22500821	-0.00655576	-0.60368137
3961866.00000000	-0.30292291	-0.00400931	-0.57043219
3956866.00000000	-0.37714838	-0.00101044	-0.52727136
3951866.00000000	-0.44588437	0.00225220	-0.47446561
3946866.00000000	-0.50339716	0.00517722	-0.41774075
3941866.00000000	-0.55427603	0.00773993	-0.35345300
3936866.00000000	-0.59611224	0.00986667	-0.28526306
3931866.00000000	-0.62841711	0.01154956	-0.21596576
3926866.00000000	-0.65351117	0.01308383	-0.14200470
3921866.00000000	-0.67010406	0.01453098	-0.06591946
3916866.00000000	-0.67772626	0.01580142	0.01129044
3911866.00000000	-0.67585364	0.01689978	0.09019177
3906866.00000000	-0.66365286	0.01761551	0.16872928
3901866.00000000	-0.64011084	0.01784723	0.24690378
3896866.00000000	-0.60626395	0.01751233	0.31967365
3891866.00000000	-0.56166183	0.01666217	0.38819943
3886866.00000000	-0.50828336	0.01548566	0.44944757
3881866.00000000	-0.44871976	0.01406900	0.50190500
3876866.00000000	-0.38241351	0.01254886	0.54689560
3871866.00000000	-0.31329449	0.01118823	0.58276859
3866866.00000000	-0.24255359	0.00987082	0.61008463
3861866.00000000	-0.16821173	0.00855539	0.63005661
3856866.00000000	-0.09268124	0.00706772	0.64208173
3851866.00000000	-0.01377261	0.00542029	0.64618515
3846866.00000000	0.06536197	0.00349487	0.64171259
3841866.00000000	0.14648874	0.00130972	0.62797665
3836866.00000000	0.22423605	-0.00102222	0.60550238
3831866.00000000	0.30003735	-0.00275833	0.57390997
3826866.00000000	0.37285318	-0.00390128	0.53287396
3821866.00000000	0.43842670	-0.00443207	0.48473444
3816866.00000000	0.49663019	-0.00437753	0.42994714
3811866.00000000	0.54707034	-0.00397363	0.36915680
3806866.00000000	0.58843503	-0.00335968	0.30460977
3801866.00000000	0.62198880	-0.00252298	0.23538434
3796866.00000000	0.64661798	-0.00177896	0.16439407
3791866.00000000	0.66311627	-0.00111188	0.08992072
3786866.00000000	0.67073325	-0.00076440	0.01359604
3781866.00000000	0.66886014	-0.00084747	-0.06408609
3776866.00000000	0.65629950	-0.00128180	-0.14431082
3771866.00000000	0.63297610	-0.00208447	-0.22232806
3766866.00000000	0.59887219	-0.00315002	-0.29729858
3761866.00000000	0.55190689	-0.00421832	-0.37129071
3756866.00000000	0.49890860	-0.00496140	-0.43397021
3751866.00000000	0.43734195	-0.00543619	-0.49028470
3746866.00000000	0.37027246	-0.00560297	-0.53789200
3741866.00000000	0.29957791	-0.00549557	-0.57673221
3736866.00000000	0.22476773	-0.00529410	-0.60761890
3731866.00000000	0.14856223	-0.00510019	-0.62986197
3726866.00000000	0.06987878	-0.00530508	-0.64392245
3721866.00000000	-0.01146497	-0.00564328	-0.64930719
3716866.00000000	-0.09339337	-0.00614066	-0.64544077
3711866.00000000	-0.17792322	-0.00658289	-0.63081638
3706866.00000000	-0.25737878	-0.00702679	-0.60614340
3701866.00000000	-0.33400558	-0.00702817	-0.57065573
3696866.00000000	-0.40710623	-0.00651218	-0.52367563
3691866.00000000	-0.46891382	-0.00564050	-0.47091922
3686866.00000000	-0.52433527	-0.00439014	-0.40952917
3681866.00000000	-0.57022214	-0.00308389	-0.34336966
3676866.00000000	-0.60645200	-0.00200543	-0.27505197
3671866.00000000	-0.63464816	-0.00108264	-0.20282092
3666866.00000000	-0.65435458	-0.00042804	-0.12915320
3661866.00000000	-0.66569312	0.00004623	-0.05238593
3656866.00000000	-0.66799252	0.00030740	0.02554605
3651866.00000000	-0.66061707	0.00040973	0.10390408
3646866.00000000	-0.64294949	0.00036713	0.18287686
3641866.00000000	-0.61540302	0.00024554	0.25864777
3636866.00000000	-0.57743964	-0.00021677	0.33204398
3631866.00000000	-0.53012823	-0.00090143	0.40048947
3626866.00000000	-0.47615448	-0.00157208	0.46094861
3621866.00000000	-0.41488934	-0.00217145	0.51486923
3616866.00000000	-0.34886261	-0.00273840	0.56025766
3611866.00000000	-0.28065378	-0.00333591	0.59664957
3606866.00000000	-0.20749823	-0.00365683	0.62592142
3601866.00000000	-0.13216040	-0.00365210	0.64692572
3596866.00000000	-0.05537152	-0.00334454	0.65974628
3591866.00000000	0.02388583	-0.00258023	0.66404944
3586866.00000000	0.10390259	-0.00159680	0.65904581
3581866.00000000	0.18518863	-0.00052975	0.64380185
3576866.00000000	0.26210312	0.00046320	0.61855872
3571866.00000000	0.33654022	0.00141852	0.58229764
3566866.00000000	0.40433997	0.00197324	0.53674283
3561866.00000000	0.46473605	0.00203952	0.48294989
3556866.00000000	0.51748569	0.00172656	0.42179816
3551866.00000000	0.56072565	0.00115628	0.35676544
3546866.00000000	0.59616565	0.00054886	0.28682452
3541866.00000000	0.62338080	-0.00039648	0.21377625
3536866.00000000	0.64246634	-0.00124524	0.13734665
3531866.00000000	0.65274380	-0.00225888	0.06076968
3526866.00000000	0.65434018	-0.00339285	-0.01770294
3521866.00000000	0.64641470	-0.00473605	-0.09862115
3516866.00000000	0.62880984	-0.00640732	-0.17785669
3511866.00000000	0.60147684	-0.00758932	-0.25472604
3506866.00000000	0.56340601	-0.00829736	-0.33006314
3501866.00000000	0.51748468	-0.00851764	-0.39738049
3496866.00000000	0.46382739	-0.00835107	-0.45757474
3491866.00000000	0.40279501	-0.00768375	-0.51053165
3486866.00000000	0.33785474	-0.00704761	-0.55401224
3481866.00000000	0.26758789	-0.00649710	-0.58997287
3476866.00000000	0.19598654	-0.00557578	-0.61700443
3471866.00000000	0.12042563	-0.00421146	-0.63648279
3466866.00000000	0.04135138	-0.00276819	-0.64769611
3461866.00000000	-0.03837366	-0.00146689	-0.65025775
3456866.00000000	-0.12215314	0.00004886	-0.64309134
3451866.00000000	-0.20253171	0.00168387	-0.62658124
3446866.00000000	-0.28175259	0.00319098	-0.59997952
3441866.00000000	-0.35942679	0.00476886	-0.56237091
3436866.00000000	-0.42667538	0.00606958	-0.51813403
3431866.00000000	-0.48794614	0.00756686	-0.46498120
3426866.00000000	-0.54099689	0.00891406	-0.40468027
3421866.00000000	-0.58350723	0.01012875	-0.34148825
3416866.00000000	-0.61869553	0.01117639	-0.27222458
3411866.00000000	-0.64489056	0.01210428	-0.20104672
3406866.00000000	-0.66316833	0.01307373	-0.12644714
3401866.00000000	-0.67308044	0.01386850	-0.04821271
3396866.00000000	-0.67384091	0.01474017	0.03054907
3391866.00000000	-0.66475665	0.01539066	0.11218036
3386866.00000000	-0.64545444	0.01578903	0.19256009
3381866.00000000	-0.61564813	0.01568909	0.27102676
3376866.00000000	-0.57413647	0.01500064	0.34778079
3371866.00000000	-0.52546851	0.01415131	0.41478766
3366866.00000000	-0.46799777	0.01290573	0.47508618
3361866.00000000	-0.40462326	0.01135056	0.52662564
3356866.00000000	-0.33647272	0.00976685	0.56927448
3351866.00000000	-0.26475757	0.00836853	0.60331448
3346866.00000000	-0.18882397	0.00676541	0.62923837
3341866.00000000	-0.11295062	0.00543561	0.64593271
3336866.00000000	-0.03255481	0.00410156	0.65436172
3331866.00000000	0.04867630	0.00292303	0.65343848
3326866.00000000	0.13269342	0.00152750	0.64237030
3321866.00000000	0.21528500	0.00016504	0.62091312
3316866.00000000	0.29529596	-0.00119650	0.58923453
3311866.00000000	0.37186877	-0.00248917	0.54717111
3306866.00000000	0.43980051	-0.00354810	0.49749576
3301866.00000000	0.50029202	-0.00428809	0.44034894
3296866.00000000	0.55216708	-0.00467801	0.37701190
3291866.00000000	0.59370905	-0.00471259	0.31124753
3286866.00000000	0.62719107	-0.00457175	0.24104358
3281866.00000000	0.65189749	-0.00436566	0.16914398
3276866.00000000	0.66843887	-0.00420932	0.09415283
3271866.00000000	0.67612909	-0.00424310	0.01722345
3266866.00000000	0.67422382	-0.00458881	-0.06225958
3261866.00000000	0.66189929	-0.00537296	-0.14105280
3256866.00000000	0.63885355	-0.00643939	-0.21866956
3251866.00000000	0.60473297	-0.00796405	-0.29425577
3246866.00000000	0.56036292	-0.00963943	-0.36524582
3241866.00000000	0.50781699	-0.01124197	-0.42947443
3236866.00000000	0.44723776	-0.01204074	-0.48719012
3231866.00000000	0.38242157	-0.01209732	-0.53594452
3226866.00000000	0.31256522	-0.01281140	-0.57711331
3221866.00000000	0.24000000	-0.01346091	-0.61005563
3216866.00000000	0.16459793	-0.01386087	-0.63500604
3211866.00000000	0.08728790	-0.01428964	-0.65179895
3206866.00000000	0.00804001	-0.01486325	-0.66023813
3201866.00000000	-0.07382550	-0.01529764	-0.65955942
3196866.00000000	-0.15440927	-0.01528180	-0.64949338
3191866.00000000	-0.23429291	-0.01472467	-0.62914615
3186866.00000000	-0.31246558	-0.01329889	-0.59814716
3181866.00000000	-0.38374026	-0.01106131	-0.55828439
3176866.00000000	-0.44850571	-0.00806534	-0.50990189
3171866.00000000	-0.50599426	-0.00470529	-0.45374701
3166866.00000000	-0.55423334	-0.00142365	-0.39285352
3161866.00000000	-0.59480124	0.00177817	-0.32641736
3156866.00000000	-0.62695877	0.00505273	-0.25656253
3151866.00000000	-0.65096445	0.00820081	-0.18385489
3146866.00000000	-0.66709158	0.01140527	-0.10720535
3141866.00000000	-0.67441568	0.01449271	-0.02931995
3136866.00000000	-0.67241452	0.01751425	0.05219028
3131866.00000000	-0.66014285	0.02005026	0.13526663
3126866.00000000	-0.63742224	0.02187936	0.21650018
3121866.00000000	-0.60331659	0.02279114	0.29746179
3116866.00000000	-0.56083820	0.02272589	0.37053229
3111866.00000000	-0.50894244	0.02186691	0.43853387
3106866.00000000	-0.44843295	0.02015903	0.49981729
3101866.00000000	-0.38563855	0.01848755	0.54961285
3096866.00000000	-0.31679498	0.01700275	0.59228665
3091866.00000000	-0.24471042	0.01629559	0.62671909
3086866.00000000	-0.16887457	0.01666751	0.65363254
3081866.00000000	-0.08888803	0.01802744	0.67300293
3076866.00000000	-0.00526886	0.02061786	0.68446997
3071866.00000000	0.08365414	0.02473129	0.68776154
3066866.00000000	0.17800925	0.03066174	0.68219757
3061866.00000000	0.27608380	0.03756183	0.66719031
3056866.00000000	0.37717426	0.04386798	0.64172684
3051866.00000000	0.47535413	0.04698712	0.60543179
3046866.00000000	0.56425363	0.04671738	0.55883109
3041866.00000000	0.64176791	0.04324884	0.50089999
3036866.00000000	0.70116180	0.03872202	0.43776065
3031866.00000000	0.74832556	0.03376718	0.36734628
3026866.00000000	0.78307059	0.02846506	0.29230777
3021866.00000000	0.80585522	0.02248505	0.21444135
3016866.00000000	0.81739487	0.01505756	0.13157080
3011866.00000000	0.81530408	0.00541989	0.04446066
3006866.00000000	0.79755057	-0.00596301	-0.04362915
3001866.00000000	0.76242197	-0.01820654	-0.13304407
2996866.00000000	0.71056400	-0.02865308	-0.22145181
2991866.00000000	0.64562070	-0.03534705	-0.30551816
2986866.00000000	0.57410800	-0.03740659	-0.38136642
2981866.00000000	0.49946271	-0.03666821	-0.44789606
2976866.00000000	0.42383456	-0.03410513	-0.50482303
2971866.00000000	0.34822430	-0.03114728	-0.55176062
2966866.00000000	0.27172150	-0.02813361	-0.58992157
2961866.00000000	0.19410785	-0.02534970	-0.61953989
2956866.00000000	0.11699997	-0.02314069	-0.64020358
2951866.00000000	0.03771884	-0.02130399	-0.65269421
2946866.00000000	-0.04227774	-0.01999280	-0.65604385
2941866.00000000	-0.12410727	-0.01872235	-0.64960977
2936866.00000000	-0.20399246	-0.01781219	-0.63289413
2931866.00000000	-0.28333209	-0.01694513	-0.60465204
2926866.00000000	-0.35598700	-0.01695538	-0.56714627
2921866.00000000	-0.42268246	-0.01655402	-0.52036478
2916866.00000000	-0.48265921	-0.01619412	-0.46522836
2911866.00000000	-0.53413644	-0.01562100	-0.40428659
2906866.00000000	-0.57704590	-0.01498590	-0.33905701
2901866.00000000	-0.61237469	-0.01429034	-0.26906250
2896866.00000000	-0.63931067	-0.01362756	-0.19720209
2891866.00000000	-0.65881757	-0.01291812	-0.12141592
2886866.00000000	-0.66975171	-0.01203967	-0.04503094
2881866.00000000	-0.67198264	-0.01092719	0.03535019
2876866.00000000	-0.66460999	-0.00942111	0.11500031
2871866.00000000	-0.64711118	-0.00738672	0.19444424
2866866.00000000	-0.61882849	-0.00489764	0.27302505
2861866.00000000	-0.58015640	-0.00204214	0.34798514
2856866.00000000	-0.53278815	0.00115375	0.41626962
2851866.00000000	-0.47624365	0.00454099	0.47865222
2846866.00000000	-0.41624600	0.00756561	0.53023987
2841866.00000000	-0.35027951	0.01051425	0.57455429
2836866.00000000	-0.28009796	0.01319382	0.61059677
2831866.00000000	-0.20785501	0.01575516	0.63798288
2826866.00000000	-0.13179330	0.01829126	0.65739578
2821866.00000000	-0.05453369	0.02061313	0.66795166
2816866.00000000	0.02581500	0.02240930	0.66939520
2811866.00000000	0.10780243	0.02364929	0.66083414
2806866.00000000	0.18870108	0.02428641	0.64194717
2801866.00000000	0.27065625	0.02411169	0.61128818
2796866.00000000	0.34469345	0.02304626	0.57234415
2791866.00000000	0.41456622	0.02144833	0.52396613
2786866.00000000	0.47759772	0.01951694	0.46770377
2781866.00000000	0.53045239	0.01751715	0.40761850
2776866.00000000	0.57609491	0.01547565	0.34156088
2771866.00000000	0.61295032	0.01357748	0.27227362
2766866.00000000	0.64085886	0.01177243	0.20191272
2761866.00000000	0.66120587	0.00974338	0.12723383
2756866.00000000	0.67260886	0.00762900	0.05185107
2751866.00000000	0.67481961	0.00513828	-0.02643799
2746866.00000000	0.66679086	0.00227158	-0.10518805
2741866.00000000	0.64800208	-0.00076758	-0.18301984
2736866.00000000	0.61772278	-0.00394199	-0.26023770
2731866.00000000	0.57748874	-0.00680783	-0.33236530
2726866.00000000	0.52758142	-0.00951276	-0.39962836
2721866.00000000	0.46891492	-0.01199152	-0.46102087
2716866.00000000	0.40766840	-0.01401999	-0.51171198
2711866.00000000	0.33906464	-0.01592911	-0.55653015
2706866.00000000	0.26854794	-0.01761255	-0.59231747
2701866.00000000	0.19503580	-0.01939072	-0.62023376
2696866.00000000	0.11806189	-0.02120779	-0.64019885
2691866.00000000	0.03868668	-0.02324701	-0.65167810
2686866.00000000	-0.04188614	-0.02537543	-0.65374210
2681866.00000000	-0.12393008	-0.02757654	-0.64560086
2676866.00000000	-0.20620300	-0.02950232	-0.62701492
2671866.00000000	-0.28692221	-0.03098282	-0.59722885
2666866.00000000	-0.36192270	-0.03174466	-0.55805557
2661866.00000000	-0.43205621	-0.03170737	-0.50900171
2656866.00000000	-0.49294659	-0.03083597	-0.45369461
2651866.00000000	-0.54566199	-0.02939352	-0.39253653
2646866.00000000	-0.58993744	-0.02760831	-0.32627118
2641866.00000000	-0.62507330	-0.02576764	-0.25763647
2636866.00000000	-0.65215320	-0.02386703	-0.18580350
2631866.00000000	-0.67095694	-0.02176068	-0.11092813
2626866.00000000	-0.68075424	-0.01911935	-0.03426596
2621866.00000000	-0.68092529	-0.01566321	0.04447470
2616866.00000000	-0.67071103	-0.01123764	0.12247424
2611866.00000000	-0.64882855	-0.00565793	0.20221091
2606866.00000000	-0.61626950	0.00043695	0.27775757
2601866.00000000	-0.57365628	0.00665793	0.34852432
2596866.00000000	-0.52126376	0.01254495	0.41466296
2591866.00000000	-0.46288483	0.01762695	0.47220490
2586866.00000000	-0.39869608	0.02168930	0.52219104
2581866.00000000	-0.32986472	0.02504184	0.56425623
2576866.00000000	-0.25958279	0.02771509	0.59719769
2571866.00000000	-0.18497241	0.03032767	0.62262695
2566866.00000000	-0.10930276	0.03278372	0.63949506
2561866.00000000	-0.03089294	0.03514743	0.64783859
2556866.00000000	0.05031308	0.03730524	0.64661545
2551866.00000000	0.13079245	0.03883762	0.63536679
2546866.00000000	0.21319461	0.03953793	0.61269989
2541866.00000000	0.29026785	0.03916528	0.58049695
2536866.00000000	0.36345490	0.03766946	0.53890762
2531866.00000000	0.43306204	0.03500610	0.48689429
2526866.00000000	0.49139255	0.03169104	0.43127869
2521866.00000000	0.54364233	0.02790448	0.36849899
2516866.00000000	0.58775821	0.02392578	0.30075644
2511866.00000000	0.62196426	0.02022729	0.23270770
2506866.00000000	0.64935336	0.01641559	0.15940036
2501866.00000000	0.66821170	0.01253275	0.08468848
2496866.00000000	0.67854456	0.00826456	0.00731711
2491866.00000000	0.67947714	0.00334921	-0.07226028
2486866.00000000	0.67017062	-0.00224820	-0.15142834
2481866.00000000	0.64958630	-0.00864014	-0.23057816
2476866.00000000	0.61788361	-0.01520630	-0.30609906
2471866.00000000	0.57576395	-0.02148749	-0.37642493
2466866.00000000	0.52301413	-0.02736517	-0.44132678
2461866.00000000	0.46538498	-0.03193192	-0.49571991
2456866.00000000	0.40023239	-0.03567941	-0.54356146
2451866.00000000	0.33118640	-0.03856070	-0.58316339
2446866.00000000	0.25938458	-0.04117258	-0.61434579
2441866.00000000	0.18332089	-0.04362482	-0.63835242
2436866.00000000	0.10483102	-0.04604584	-0.65410730
2431866.00000000	0.02547540	-0.04836414	-0.66138824
2426866.00000000	-0.05708557	-0.05039972	-0.65988544
2421866.00000000	-0.13965298	-0.05153378	-0.64901685
2416866.00000000	-0.22265408	-0.05153510	-0.62777774
2411866.00000000	-0.30157990	-0.05016086	-0.59686166
2406866.00000000	-0.37561481	-0.04739172	-0.55630530
2401866.00000000	-0.44244165	-0.04356247	-0.50724594
2396866.00000000	-0.50071606	-0.03914658	-0.45143930
2391866.00000000	-0.55073276	-0.03463782	-0.38970917
2386866.00000000	-0.59254614	-0.03027924	-0.32287866
2381866.00000000	-0.62512433	-0.02626810	-0.25456250
2376866.00000000	-0.65059384	-0.02220227	-0.18120740
2371866.00000000	-0.66774255	-0.01796069	-0.10551636
2366866.00000000	-0.67618036	-0.01326550	-0.02775574
2361866.00000000	-0.67526044	-0.00785611	0.05287946
2356866.00000000	-0.66377271	-0.00171719	0.13506424
2351866.00000000	-0.64203262	0.00458627	0.21382068
2346866.00000000	-0.60942172	0.01097745	0.29044611
2341866.00000000	-0.56690747	0.01700775	0.36197873
2336866.00000000	-0.51525494	0.02257480	0.42709634
2331866.00000000	-0.45764322	0.02724982	0.48324466
2326866.00000000	-0.39409341	0.03150519	0.53170798
2321866.00000000	-0.32643524	0.03531165	0.57184851
2316866.00000000	-0.25580023	0.03918546	0.60390338
2311866.00000000	-0.18157080	0.04339236	0.62801337
2306866.00000000	-0.10595078	0.04782083	0.64370862
2301866.00000000	-0.02641342	0.05266534	0.65071338
2296866.00000000	0.05449512	0.05704739	0.64835864
2291866.00000000	0.13757800	0.06050739	0.63561270
2286866.00000000	0.21863284	0.06217728	0.61273856
2281866.00000000	0.29631711	0.06174341	0.58028482
2276866.00000000	0.37109079	0.05901825	0.53751279
2271866.00000000	0.43585483	0.05477765	0.48922318
2266866.00000000	0.49310312	0.04949414	0.43465039
2261866.00000000	0.54376465	0.04375781	0.37299915
2256866.00000000	0.58511011	0.03828284	0.30853177
2251866.00000000	0.61889059	0.03297711	0.23958331
2246866.00000000	0.64442645	0.02787836	0.16812204
2241866.00000000	0.66174359	0.02279135	0.09426648
2236866.00000000	0.67036307	0.01725635	0.01704028
2231866.00000000	0.66927673	0.01155283	-0.06065436
2226866.00000000	0.65750198	0.00580695	-0.14068335
2221866.00000000	0.63456863	0.00026584	-0.21964517
2216866.00000000	0.60114081	-0.00497900	-0.29457013
2211866.00000000	0.55696396	-0.00982867	-0.36606863
2206866.00000000	0.50656555	-0.01401071	-0.42797971
2201866.00000000	0.44800107	-0.01780518	-0.48409845
2196866.00000000	0.38259958	-0.02138904	-0.53298157
2191866.00000000	0.31684515	-0.02450983	-0.57108301
2186866.00000000	0.24551727	-0.02780811	-0.60261670
2181866.00000000	0.17148489	-0.03127472	-0.62596216
2176866.00000000	0.09504169	-0.03507617	-0.64095993
2171866.00000000	0.01521725	-0.03912064	-0.64751715
2166866.00000000	-0.06520673	-0.04288422	-0.64487048
2161866.00000000	-0.14829797	-0.04629639	-0.63221478
2156866.00000000	-0.23010043	-0.04872400	-0.60938571
2151866.00000000	-0.30797302	-0.05003839	-0.57697641
2146866.00000000	-0.38195828	-0.05001062	-0.53456848
2141866.00000000	-0.44779300	-0.04896777	-0.48460376
2136866.00000000	-0.50605722	-0.04708896	-0.42720261
2131866.00000000	-0.55590265	-0.04480945	-0.36349094
2126866.00000000	-0.59493765	-0.04254095	-0.29862668
2121866.00000000	-0.62674368	-0.04027914	-0.22824527
2116866.00000000	-0.65018658	-0.03805316	-0.15480414
2111866.00000000	-0.66491983	-0.03558408	-0.08029797
2106866.00000000	-0.67105038	-0.03245935	-0.00264505
2101866.00000000	-0.66748380	-0.02830350	0.07686160
2096866.00000000	-0.65344205	-0.02295416	0.15647229
2091866.00000000	-0.62841721	-0.01644797	0.23479977
2086866.00000000	-0.59273361	-0.00908157	0.30930576
2081866.00000000	-0.54662195	-0.00132874	0.37899994
2076866.00000000	-0.49279074	0.00617047	0.44073782
2071866.00000000	-0.43151370	0.01308344	0.49501089
2066866.00000000	-0.36590341	0.01936050	0.54024353
2061866.00000000	-0.29638071	0.02504642	0.57721783
2056866.00000000	-0.22296356	0.03062866	0.60635297
2051866.00000000	-0.14693314	0.03629715	0.62709705
2046866.00000000	-0.06882825	0.04219006	0.63928476
2041866.00000000	0.01154871	0.04808453	0.64258844
2036866.00000000	0.09490158	0.05360043	0.63596078
2031866.00000000	0.17754617	0.05811322	0.61905826
2026866.00000000	0.25716501	0.06087433	0.59232858
2021866.00000000	0.33515115	0.06190408	0.55460068
2016866.00000000	0.40414224	0.06092456	0.50970654
2011866.00000000	0.46553986	0.05856418	0.45778207
2006866.00000000	0.51985199	0.05499921	0.39873199
2001866.00000000	0.56429022	0.05092050	0.33636868
1996866.00000000	0.60089764	0.04667709	0.26947162
1991866.00000000	0.62900806	0.04222754	0.19962054
1986866.00000000	0.64853201	0.03752509	0.12770135
1981866.00000000	0.65950305	0.03213165	0.05146475
1976866.00000000	0.66077167	0.02582971	-0.02582791
1971866.00000000	0.65115594	0.01816388	-0.10742535
1966866.00000000	0.63074918	0.00968774	-0.18688907
1961866.00000000	0.59943765	0.00055740	-0.26431403
1956866.00000000	0.55699817	-0.00892368	-0.33979874
1951866.00000000	0.50716025	-0.01747986	-0.40740961
1946866.00000000	0.44973557	-0.02514462	-0.46846878
1941866.00000000	0.38548926	-0.03183224	-0.52261209
1936866.00000000	0.31995023	-0.03746814	-0.56631363
1931866.00000000	0.24863739	-0.04272147	-0.60329309
1926866.00000000	0.17525998	-0.04808661	-0.63163232
1921866.00000000	0.09957742	-0.05325403	-0.65177081
1916866.00000000	0.02024194	-0.05845392	-0.66332468
1911866.00000000	-0.05980188	-0.06282727	-0.66510220
1906866.00000000	-0.14168240	-0.06579111	-0.65656174
1901866.00000000	-0.22274783	-0.06669257	-0.63676566
1896866.00000000	-0.29962756	-0.06500708	-0.60631833
1891866.00000000	-0.37443228	-0.06110376	-0.56386087
1886866.00000000	-0.43861823	-0.05564304	-0.51491217
1881866.00000000	-0.49685544	-0.04928400	-0.45750314
1876866.00000000	-0.54774496	-0.04247321	-0.39348828
1871866.00000000	-0.58847086	-0.03612616	-0.32816898
1866866.00000000	-0.62262607	-0.02975104	-0.25731879
1861866.00000000	-0.64863840	-0.02335480	-0.18345450
1856866.00000000	-0.66577924	-0.01696866	-0.10881467
1851866.00000000	-0.67417612	-0.00995596	-0.03012372
1846866.00000000	-0.67249417	-0.00257065	0.04916037
1841866.00000000	-0.65948782	0.00514880	0.13128885
1836866.00000000	-0.63527142	0.01241751	0.21091138
1831866.00000000	-0.59994894	0.01860214	0.28799664
1826866.00000000	-0.55374448	0.02374231	0.36141141
1821866.00000000	-0.49964175	0.02741608	0.42738364
1816866.00000000	-0.43885342	0.03010306	0.48574057
1811866.00000000	-0.37215396	0.03184689	0.53645752
1806866.00000000	-0.30378757	0.03315363	0.57742474
1801866.00000000	-0.23013943	0.03443164	0.61156906
1796866.00000000	-0.15492657	0.03579825	0.63742596
1791866.00000000	-0.07668848	0.03722656	0.65545206
1786866.00000000	0.00366602	0.03897159	0.66532010
1781866.00000000	0.08597458	0.04084866	0.66567450
1776866.00000000	0.16623511	0.04275049	0.65619296
1771866.00000000	0.24459866	0.04456302	0.63631949
1766866.00000000	0.32036655	0.04615329	0.60531122
1761866.00000000	0.39013144	0.04718643	0.56410718
1756866.00000000	0.45181210	0.04735510	0.51478915
1751866.00000000	0.50723395	0.04673627	0.45664252
1746866.00000000	0.55366962	0.04553049	0.39364606
1741866.00000000	0.59194101	0.04405197	0.32644882
1736866.00000000	0.62300150	0.04225839	0.25481726
1731866.00000000	0.64616360	0.04020184	0.18014615
1726866.00000000	0.66118564	0.03769998	0.10328436
1721866.00000000	0.66769705	0.03433945	0.02350397
1716866.00000000	0.66481821	0.02977945	-0.05730389
1711866.00000000	0.65155521	0.02379453	-0.14050449
1706866.00000000	0.62795721	0.01667328	-0.22076617
1701866.00000000	0.59264395	0.00827161	-0.30023499
1696866.00000000	0.54953641	-0.00028232	-0.37041934
1691866.00000000	0.49793228	-0.00875284	-0.43410211
1686866.00000000	0.43885727	-0.01687549	-0.49042560
1681866.00000000	0.37524319	-0.02390549	-0.53762152
1676866.00000000	0.30670990	-0.03043167	-0.57715765
1671866.00000000	0.23458572	-0.03653217	-0.60872849
1666866.00000000	0.16030383	-0.04236798	-0.63212305
1661866.00000000	0.08145932	-0.04834964	-0.64788904
1656866.00000000	0.00137430	-0.05380884	-0.65473300
1651866.00000000	-0.08258640	-0.05876227	-0.65199170
1646866.00000000	-0.16495575	-0.06227090	-0.63868570
1641866.00000000	-0.24531699	-0.06421561	-0.61488620
1636866.00000000	-0.32478433	-0.06405042	-0.57922473
1631866.00000000	-0.39511526	-0.06223325	-0.53562500
1626866.00000000	-0.45908527	-0.05912115	-0.48350742
1621866.00000000	-0.51665482	-0.05508557	-0.42291406
1616866.00000000	-0.56262149	-0.05100058	-0.36121149
1611866.00000000	-0.60205670	-0.04670984	-0.29340601
1606866.00000000	-0.63294336	-0.04251541	-0.22350174
1601866.00000000	-0.65616135	-0.03803278	-0.14985968
1596866.00000000	-0.67122165	-0.03305038	-0.07204150
1591866.00000000	-0.67693484	-0.02728351	0.00604196
1586866.00000000	-0.67286224	-0.02017313	0.08746112
1581866.00000000	-0.65817053	-0.01189883	0.16867990
1576866.00000000	-0.63290884	-0.00293988	0.24722845
1571866.00000000	-0.59578302	0.00655319	0.32436902
1566866.00000000	-0.55098340	0.01527695	0.39211307
1561866.00000000	-0.49745157	0.02310205	0.45347714
1556866.00000000	-0.43645557	0.02972018	0.50779849
1551866.00000000	-0.37349286	0.03481564	0.55189761
1546866.00000000	-0.30454031	0.03928101	0.58974802
1541866.00000000	-0.23157935	0.04317822	0.62018866
1536866.00000000	-0.15899893	0.04686108	0.64195288
1531866.00000000	-0.08027948	0.05054257	0.65672205
1526866.00000000	-0.00132681	0.05397354	0.66242187
1521866.00000000	0.08107724	0.05705521	0.65865393
1516866.00000000	0.16340152	0.05931226	0.64462033
1511866.00000000	0.24364264	0.06079102	0.62050110
1506866.00000000	0.32256772	0.06116174	0.58565042
1501866.00000000	0.39515698	0.06056647	0.54223563
1496866.00000000	0.46141205	0.05864493	0.49072928
1491866.00000000	0.51996747	0.05608044	0.43260846
1486866.00000000	0.56929874	0.05318591	0.37050302
1481866.00000000	0.61119971	0.04959378	0.30317953
1476866.00000000	0.64435492	0.04536386	0.23386411
1471866.00000000	0.66973685	0.04138828	0.16086996
1466866.00000000	0.68692056	0.03628018	0.08397372
1461866.00000000	0.69487201	0.03012769	0.00429269
1456866.00000000	0.69243686	0.02214154	-0.07724066
1451866.00000000	0.67878250	0.01281491	-0.15784744
1446866.00000000	0.65433194	0.00186371	-0.23453720
1441866.00000000	0.61750787	-0.00867816	-0.31080167
1436866.00000000	0.57136115	-0.01824432	-0.37997861
1431866.00000000	0.51523318	-0.02705505	-0.44393390
1426866.00000000	0.45369864	-0.03429715	-0.49853775
1421866.00000000	0.38711218	-0.04052423	-0.54511053
1416866.00000000	0.31512677	-0.04599390	-0.58434778
1411866.00000000	0.24207489	-0.05118063	-0.61459149
1406866.00000000	0.16379031	-0.05646289	-0.63767145
1401866.00000000	0.08301038	-0.06173697	-0.65209930
1396866.00000000	-0.00128729	-0.06694296	-0.65749384
1391866.00000000	-0.08612881	-0.07119077	-0.65292316
1386866.00000000	-0.17132721	-0.07401758	-0.63778790
1381866.00000000	-0.25805017	-0.07443127	-0.61078479
1376866.00000000	-0.33602594	-0.07242670	-0.57488583
1371866.00000000	-0.40879633	-0.06826614	-0.52948041
1366866.00000000	-0.47577600	-0.06223218	-0.47448959
1361866.00000000	-0.53117203	-0.05557776	-0.41589774
1356866.00000000	-0.57893332	-0.04843118	-0.35148160
1351866.00000000	-0.61839709	-0.04132922	-0.28289938
1346866.00000000	-0.64961810	-0.03423993	-0.21098059
1341866.00000000	-0.67293170	-0.02669983	-0.13426025
1336866.00000000	-0.68696790	-0.01878064	-0.05610236
1331866.00000000	-0.69117108	-0.01017880	0.02531146
1326866.00000000	-0.68444626	-0.00092761	0.10881412
1321866.00000000	-0.66641431	0.00803131	0.19041348
1316866.00000000	-0.63534921	0.01664731	0.27361414
1311866.00000000	-0.59548782	0.02350977	0.34757025
1306866.00000000	-0.54614664	0.02895166	0.41597681
1301866.00000000	-0.48823270	0.03295258	0.47805933
1296866.00000000	-0.42591843	0.03554739	0.53068567
1291866.00000000	-0.35748892	0.03741360	0.57642294
1286866.00000000	-0.28500775	0.03908752	0.61417563
1281866.00000000	-0.21127341	0.04078638	0.64313538
1276866.00000000	-0.13184460	0.04282761	0.66494864
1271866.00000000	-0.05118454	0.04494888	0.67761133
1266866.00000000	0.03338449	0.04682462	0.68117828
1261866.00000000	0.11982565	0.04827505	0.67447495
1256866.00000000	0.20498965	0.04860748	0.65687378
1251866.00000000	0.28911490	0.04770200	0.62799658
1246866.00000000	0.36654205	0.04545532	0.58953064
1241866.00000000	0.43662683	0.04212766	0.54237515
1236866.00000000	0.50000958	0.03803992	0.48626904
1231866.00000000	0.55123221	0.03380948	0.42778827
1226866.00000000	0.59509769	0.02929761	0.36324149
1221866.00000000	0.63047034	0.02495831	0.29525101
1216866.00000000	0.65753101	0.02065826	0.22461996
1211866.00000000	0.67684402	0.01647305	0.14897891
1206866.00000000	0.68688397	0.01206534	0.07041537
1201866.00000000	0.68699765	0.00756412	-0.00987030
1196866.00000000	0.67644113	0.00299429	-0.09205502
1191866.00000000	0.65498859	-0.00143433	-0.17335193
1186866.00000000	0.62228091	-0.00572940	-0.25366431
1181866.00000000	0.58059494	-0.00962222	-0.32795645
1176866.00000000	0.53001846	-0.01349344	-0.39675146
1171866.00000000	0.47164874	-0.01721277	-0.45861807
1166866.00000000	0.40895987	-0.02092734	-0.51084497
1161866.00000000	0.33966528	-0.02448654	-0.55623538
1156866.00000000	0.26786801	-0.02788232	-0.59269388
1151866.00000000	0.19371024	-0.03094391	-0.62080875
1146866.00000000	0.11380753	-0.03401001	-0.64219217
1141866.00000000	0.03242746	-0.03656720	-0.65500967
1136866.00000000	-0.05113306	-0.03843555	-0.65871051
1131866.00000000	-0.13401193	-0.03939856	-0.65236478
1126866.00000000	-0.21633194	-0.03927036	-0.63524084
1121866.00000000	-0.29432422	-0.03824667	-0.60716846
1116866.00000000	-0.36532831	-0.03651831	-0.56922122
1111866.00000000	-0.43079776	-0.03435602	-0.52125854
1106866.00000000	-0.48754337	-0.03196457	-0.46609698
1101866.00000000	-0.53610239	-0.02966403	-0.40525375
1096866.00000000	-0.57746307	-0.02714853	-0.33818173
1091866.00000000	-0.61046054	-0.02458044	-0.26834406
1086866.00000000	-0.63535709	-0.02223590	-0.19495483
1081866.00000000	-0.65190244	-0.02011841	-0.11777005
1076866.00000000	-0.65928073	-0.01784756	-0.03803568
1071866.00000000	-0.65704153	-0.01536716	0.04635538
1066866.00000000	-0.64465546	-0.01296106	0.12981934
1061866.00000000	-0.62111639	-0.01031134	0.21590894
1056866.00000000	-0.58851263	-0.00684705	0.29611707
1051866.00000000	-0.54634290	-0.00242059	0.37202576
1046866.00000000	-0.49381082	0.00279218	0.44348447
1041866.00000000	-0.43881265	0.00786633	0.50180508
1036866.00000000	-0.37597995	0.01318692	0.55425150
1031866.00000000	-0.30783035	0.01832474	0.59890259
1026866.00000000	-0.23839017	0.02315555	0.63418860
1021866.00000000	-0.16341354	0.02814096	0.66285953
1016866.00000000	-0.08633148	0.03314520	0.68342770
1011866.00000000	-0.00654535	0.03820801	0.69584396
1006866.00000000	0.07607471	0.04321539	0.69869183
1001866.00000000	0.15664001	0.04762384	0.69138754
996866.00000000	0.23796967	0.05098578	0.67239432
991866.00000000	0.31383481	0.05321841	0.64270032
986866.00000000	0.38508734	0.05363184	0.60191144
981866.00000000	0.45037793	0.05234470	0.55081888
976866.00000000	0.50455072	0.04994489	0.49532956
971866.00000000	0.55299863	0.04682553	0.43175247
966866.00000000	0.59370358	0.04312375	0.36298038
961866.00000000	0.62556024	0.03915820	0.29284961
956866.00000000	0.65077954	0.03472031	0.21597668
951866.00000000	0.66717377	0.03009662	0.13679443
946866.00000000	0.67442825	0.02475494	0.05513922
941866.00000000	0.67150961	0.01808838	-0.03150446
936866.00000000	0.65817264	0.01084827	-0.11545062
931866.00000000	0.63274786	0.00241327	-0.20297415
926866.00000000	0.59728848	-0.00565604	-0.28435635
921866.00000000	0.55380499	-0.01299847	-0.35779623
916866.00000000	0.49796597	-0.02023102	-0.42946268
911866.00000000	0.43913419	-0.02617990	-0.48804340
906866.00000000	0.37494113	-0.03127872	-0.53837619
901866.00000000	0.30378012	-0.03582507	-0.58194031
896866.00000000	0.23562372	-0.03947058	-0.61404184
891866.00000000	0.15556201	-0.04298138	-0.64196091
886866.00000000	0.07746805	-0.04596518	-0.65980118
881866.00000000	-0.00288464	-0.04845251	-0.66898706
876866.00000000	-0.08799564	-0.05020401	-0.66845377
871866.00000000	-0.17067810	-0.05107190	-0.65732846
866866.00000000	-0.25306805	-0.05070932	-0.63468915
861866.00000000	-0.32848871	-0.04915067	-0.60228931
856866.00000000	-0.39960251	-0.04653326	-0.55935114
851866.00000000	-0.46328458	-0.04318658	-0.50769336
846866.00000000	-0.51751636	-0.03941708	-0.45022189
841866.00000000	-0.56494244	-0.03555453	-0.38551617
836866.00000000	-0.60263644	-0.03193243	-0.31885919
831866.00000000	-0.63335440	-0.02835980	-0.24654251
826866.00000000	-0.65598410	-0.02478824	-0.17060367
821866.00000000	-0.66993820	-0.02094781	-0.09192950
816866.00000000	-0.67485803	-0.01644699	-0.01011926
811866.00000000	-0.67013583	-0.01164642	0.07279581
806866.00000000	-0.65534583	-0.00582617	0.15666968
801866.00000000	-0.63006055	0.00029034	0.23920380
796866.00000000	-0.59548065	0.00676672	0.31615646
791866.00000000	-0.54983371	0.01338638	0.39026779
786866.00000000	-0.49889917	0.01943671	0.45271320
781866.00000000	-0.44056442	0.02476990	0.50831891
776866.00000000	-0.37635287	0.02935641	0.55574295
771866.00000000	-0.30902783	0.03314230	0.59430499
766866.00000000	-0.23639142	0.03646216	0.62571234
761866.00000000	-0.16085336	0.03941434	0.64892957
756866.00000000	-0.08223273	0.04206332	0.66392157
751866.00000000	0.00166739	0.04423254	0.67020236
746866.00000000	0.08531290	0.04562979	0.66676154
741866.00000000	0.17329623	0.04586255	0.65233572
736866.00000000	0.25626437	0.04479465	0.62768060
731866.00000000	0.33542221	0.04247827	0.59262518
726866.00000000	0.40996521	0.03889417	0.54677005
721866.00000000	0.47380945	0.03449133	0.49456110
716866.00000000	0.53078571	0.02977255	0.43411411
711866.00000000	0.57871741	0.02510828	0.36848798
706866.00000000	0.61615668	0.02069565	0.30241525
701866.00000000	0.64765768	0.01574564	0.22842307
696866.00000000	0.66986203	0.01085745	0.15402448
691866.00000000	0.68364554	0.00586111	0.07530807
686866.00000000	0.68761621	0.00055701	-0.00611035
681866.00000000	0.68081186	-0.00541589	-0.08846912
676866.00000000	0.66179453	-0.01163675	-0.17427298
671866.00000000	0.63051404	-0.01741306	-0.25815057
666866.00000000	0.58871985	-0.02298099	-0.33605972
661866.00000000	0.53578903	-0.02804404	-0.40970364
656866.00000000	0.47867450	-0.03227304	-0.47113245
651866.00000000	0.41309460	-0.03617023	-0.52679184
646866.00000000	0.34292310	-0.03943234	-0.57353012
641866.00000000	0.27083875	-0.04242932	-0.61093753
636866.00000000	0.19307025	-0.04556842	-0.64105417
631866.00000000	0.11160422	-0.04891971	-0.66260046
626866.00000000	0.02864853	-0.05214575	-0.67460516
621866.00000000	-0.05749783	-0.05393042	-0.67730569
616866.00000000	-0.14350079	-0.05425366	-0.66946463
611866.00000000	-0.23081992	-0.05263971	-0.65040225
606866.00000000	-0.31066476	-0.04908362	-0.62145032
601866.00000000	-0.38696191	-0.04337662	-0.58129190
596866.00000000	-0.45397183	-0.03619324	-0.53281461
591866.00000000	-0.51247443	-0.02876828	-0.47711099
586866.00000000	-0.56287790	-0.02055676	-0.41498965
581866.00000000	-0.60413257	-0.01292624	-0.34931342
576866.00000000	-0.63551859	-0.00420166	-0.28453030
571866.00000000	-0.66124463	0.00418723	-0.21235367
566866.00000000	-0.67892648	0.01272098	-0.13578531
561866.00000000	-0.68718954	0.02127451	-0.05648706
556866.00000000	-0.68550198	0.02971497	0.02417862
551866.00000000	-0.67280252	0.03829630	0.10859772
546866.00000000	-0.64964035	0.04587967	0.19073380
541866.00000000	-0.61703516	0.05286511	0.26895554
536866.00000000	-0.57504343	0.05859225	0.34325623
531866.00000000	-0.52602023	0.06280737	0.40993869
526866.00000000	-0.47098486	0.06560373	0.46877838
521866.00000000	-0.40958432	0.06753580	0.52053433
516866.00000000	-0.34518106	0.06877924	0.56321371
511866.00000000	-0.27595541	0.06969238	0.59859799
506866.00000000	-0.20346494	0.07050156	0.62591141
501866.00000000	-0.12729651	0.07103613	0.64547086
496866.00000000	-0.04806036	0.07086966	0.65636533
491866.00000000	0.03479611	0.06949811	0.65838257
486866.00000000	0.12065985	0.06634750	0.65008566
481866.00000000	0.20370367	0.06113232	0.63202530
476866.00000000	0.28380518	0.05340219	0.60450134
471866.00000000	0.36268948	0.04329181	0.56629984
466866.00000000	0.43093979	0.03267374	0.52255432
461866.00000000	0.49299515	0.02162558	0.47149808
456866.00000000	0.54726245	0.01119147	0.41496976
451866.00000000	0.59242273	0.00183450	0.35521375
446866.00000000	0.63025464	-0.00689963	0.29065762
441866.00000000	0.65894543	-0.01521469	0.22462320
436866.00000000	0.67927124	-0.02341376	0.15490012
431866.00000000	0.69008868	-0.03177948	0.08189008
426866.00000000	0.69015985	-0.04040137	0.00909766
421866.00000000	0.67886438	-0.04858368	-0.06611447
416866.00000000	0.65578714	-0.05477344	-0.14148383
411866.00000000	0.62202994	-0.05902420	-0.21353476
406866.00000000	0.57654037	-0.06158499	-0.28342139
401866.00000000	0.52517508	-0.06170731	-0.34346591
396866.00000000	0.46500015	-0.06016220	-0.39746991
391866.00000000	0.39938525	-0.05765729	-0.44171332
386866.00000000	0.32985287	-0.05432458	-0.47595297
381866.00000000	0.25375787	-0.05073087	-0.50128790
376866.00000000	0.17509097	-0.04585440	-0.51698538
371866.00000000	0.09323569	-0.04233167	-0.52335306
366866.00000000	0.01141101	-0.03831766	-0.52192929
361866.00000000	-0.06950183	-0.03386063	-0.51458115
356866.00000000	-0.15025751	-0.02869849	-0.50180804
351866.00000000	-0.22550113	-0.02293268	-0.48405856
346866.00000000	-0.29637335	-0.01574127	-0.45981540
341866.00000000	-0.37777332	0.01476288	-0.41091290
336866.00000000	-0.42910654	0.02221320	-0.37162430
331866.00000000	-0.47085361	0.02830859	-0.32655188
326866.00000000	-0.49951181	0.03235709	-0.28067648
321866.00000000	-0.51625198	0.03459167	-0.23420566
316866.00000000	-0.52021765	0.03543719	-0.18921976
311866.00000000	-0.51230457	0.03552280	-0.15053308
306866.00000000	-0.49335266	0.03551349	-0.11359839
301866.00000000	-0.46649139	0.03566800	-0.08009045
296866.00000000	-0.43294202	0.03599863	-0.04770084
291866.00000000	-0.39438998	0.03618332	-0.01650272
286866.00000000	-0.35253967	0.03583051	0.01261560
281866.00000000	-0.30594516	0.03416702	0.04014478
276866.00000000	-0.25638882	0.03080188	0.06331018
271866.00000000	-0.20397141	0.02567450	0.08191251
266866.00000000	-0.14895828	0.01900314	0.09604315
261866.00000000	-0.09826712	0.01229187	0.10451233
256866.00000000	-0.05023950	0.00592456	0.10910422
251866.00000000	-0.00851154	0.00093469	0.11066531
246866.00000000	0.02674649	-0.00244748	0.11018985
241866.00000000	0.05695493	-0.00429037	0.10857758
236866.00000000	0.08172864	-0.00489969	0.10637241
231866.00000000	0.10164709	-0.00477151	0.10396872
226866.00000000	0.11756351	-0.00450784	0.10093417
221866.00000000	0.12797583	-0.00451529	0.09736893
216866.00000000	0.13251859	-0.00492438	0.09266031
211866.00000000	0.13080231	-0.00561765	0.08693866
206866.00000000	0.12395578	-0.00628741	0.08033746
201866.00000000	0.11355441	-0.00666510	0.07315524
196866.00000000	0.10178497	-0.00667783	0.06590646
191866.00000000	0.08959769	-0.00635736	0.05891138
186866.00000000	0.07844894	-0.00584988	0.05241406
181866.00000000	0.06865897	-0.00526736	0.04689188
176866.00000000	0.05983060	-0.00464886	0.04195746
171866.00000000	0.05234622	-0.00411600	0.03777713
166866.00000000	0.04591672	-0.00359286	0.03402557
161866.00000000	0.04058130	-0.00317944	0.03075299
156866.00000000	0.03592279	-0.00276953	0.02784030
151866.00000000	0.03199487	-0.00241229	0.02532364
146866.00000000	0.02865482	-0.00212671	0.02314014
141866.00000000	0.02573431	-0.00184378	0.02115353
136866.00000000	0.02323462	-0.00163623	0.01934958
131866.00000000	0.02102869	-0.00142242	0.01777689
