8054929.00000000	0.00913605	0.00038245	0.02018198
8049929.00000000	0.00937451	0.00038736	0.02216537
8044929.00000000	0.00989496	0.00038055	0.02425418
8039929.00000000	0.01053690	0.00040558	0.02665005
8034929.00000000	0.01121808	0.00041562	0.02938669
8029929.00000000	0.01200635	0.00037854	0.03247208
8024929.00000000	0.01282620	0.00042261	0.03610239
8019929.00000000	0.01375745	0.00039822	0.04020770
8014929.00000000	0.01477036	0.00042154	0.04508856
8009929.00000000	0.01584833	0.00039099	0.05066434
8004929.00000000	0.01705966	0.00032370	0.05709189
7999929.00000000	0.01841373	0.00025232	0.06501956
7994929.00000000	0.01983115	0.00011676	0.07369116
7989929.00000000	0.02143097	-0.00006726	0.08418732
7984929.00000000	0.02318506	-0.00030798	0.09644565
7979929.00000000	0.02506519	-0.00068198	0.10978522
7974929.00000000	0.02726181	-0.00109164	0.12453134
7969929.00000000	0.02985733	-0.00148804	0.13896124
7964929.00000000	0.03290482	-0.00177158	0.15142212
7959929.00000000	0.03666116	-0.00189380	0.15986246
7954929.00000000	0.04107785	-0.00187570	0.16222784
7949929.00000000	0.04601660	-0.00160300	0.15791129
7944929.00000000	0.05288516	-0.00109860	0.14698611
7939929.00000000	0.06114191	-0.00061993	0.13062732
7934929.00000000	0.07100543	-0.00033578	0.10918002
7929929.00000000	0.08187961	-0.00037396	0.08407352
7924929.00000000	0.09449551	-0.00092630	0.05331689
7919929.00000000	0.10869882	-0.00204169	0.01608505
7914929.00000000	0.12315305	-0.00363828	-0.02533176
7909929.00000000	0.13849619	-0.00556479	-0.07426373
7904929.00000000	0.15229391	-0.00713483	-0.12672971
7899929.00000000	0.16269910	-0.00785046	-0.17989691
7894929.00000000	0.16844296	-0.00732172	-0.23401868
7889929.00000000	0.16816666	-0.00579044	-0.28547446
7884929.00000000	0.16192117	-0.00389380	-0.33581918
7879929.00000000	0.15078595	-0.00241422	-0.38275427
7874929.00000000	0.13551852	-0.00154556	-0.42690445
7869929.00000000	0.11587494	-0.00122687	-0.46775162
7864929.00000000	0.09173199	-0.00106192	-0.50253778
7859929.00000000	0.06093311	-0.00078302	-0.53107391
7854929.00000000	0.02269598	-0.00020212	-0.55103558
7849929.00000000	-0.02130048	0.00075870	-0.56117117
7844929.00000000	-0.07321692	0.00197653	-0.56143536
7839929.00000000	-0.12839154	0.00348877	-0.55108420
7834929.00000000	-0.18582895	0.00495703	-0.52958267
7829929.00000000	-0.24257587	0.00662927	-0.49731213
7824929.00000000	-0.29795374	0.00832498	-0.45445618
7819929.00000000	-0.34948154	0.01010965	-0.40378076
7814929.00000000	-0.39761319	0.01197705	-0.34650726
7809929.00000000	-0.44297156	0.01359061	-0.28309885
7804929.00000000	-0.48408722	0.01504010	-0.21530948
7799929.00000000	-0.51874710	0.01600159	-0.14564041
7794929.00000000	-0.54627054	0.01653598	-0.07266525
7789929.00000000	-0.56412152	0.01656323	-0.00006589
7784929.00000000	-0.57200681	0.01620566	0.07399295
7779929.00000000	-0.56948587	0.01538092	0.14921017
7774929.00000000	-0.55586356	0.01418158	0.22498676
7769929.00000000	-0.53109442	0.01246826	0.30068649
7764929.00000000	-0.49639560	0.01037991	0.37283841
7759929.00000000	-0.45200766	0.00797238	0.44141809
7754929.00000000	-0.39996548	0.00569260	0.50305948
7749929.00000000	-0.34194473	0.00349417	0.55604816
7744929.00000000	-0.27629623	0.00157474	0.60185040
7739929.00000000	-0.21019376	0.00008517	0.63616486
7734929.00000000	-0.14103299	-0.00120398	0.66184027
7729929.00000000	-0.06788690	-0.00221420	0.67946225
7724929.00000000	0.00456635	-0.00318045	0.68839142
7719929.00000000	0.07980917	-0.00425516	0.68950070
7714929.00000000	0.15475034	-0.00538217	0.68216049
7709929.00000000	0.22866898	-0.00642908	0.66655450
7704929.00000000	0.30459314	-0.00760278	0.64062897
7699929.00000000	0.37639166	-0.00892377	0.60511484
7694929.00000000	0.44538394	-0.01002634	0.55873679
7689929.00000000	0.50740744	-0.01095316	0.50322556
7684929.00000000	0.56030859	-0.01158566	0.44077805
7679929.00000000	0.60594974	-0.01206000	0.36919250
7674929.00000000	0.63989053	-0.01223456	0.29690070
7669929.00000000	0.66519714	-0.01238400	0.22028735
7664929.00000000	0.68170087	-0.01258008	0.14035703
7659929.00000000	0.68893631	-0.01301224	0.06412677
7654929.00000000	0.68796335	-0.01342065	-0.01662704
7649929.00000000	0.67802725	-0.01395825	-0.09656833
7644929.00000000	0.65874689	-0.01452628	-0.17578409
7639929.00000000	0.62884259	-0.01546634	-0.25512634
7634929.00000000	0.58950159	-0.01650986	-0.32972775
7629929.00000000	0.53877499	-0.01723422	-0.40170792
7624929.00000000	0.48040491	-0.01762201	-0.46534750
7619929.00000000	0.41533942	-0.01765326	-0.52054828
7614929.00000000	0.34277838	-0.01684338	-0.56823804
7609929.00000000	0.26906470	-0.01563229	-0.60496323
7604929.00000000	0.19067117	-0.01381454	-0.63346143
7599929.00000000	0.11004462	-0.01163654	-0.65310812
7594929.00000000	0.03345145	-0.00931799	-0.66343503
7589929.00000000	-0.04821622	-0.00667508	-0.66587497
7584929.00000000	-0.12887085	-0.00369809	-0.65953864
7579929.00000000	-0.20782205	-0.00039572	-0.64443881
7574929.00000000	-0.28672528	0.00370264	-0.61932382
7569929.00000000	-0.36002725	0.00825076	-0.58536948
7564929.00000000	-0.43059323	0.01317352	-0.54015976
7559929.00000000	-0.49209448	0.01800565	-0.48712857
7554929.00000000	-0.54673581	0.02216727	-0.42490628
7549929.00000000	-0.59254373	0.02568610	-0.35517441
7544929.00000000	-0.62705261	0.02795032	-0.28403885
7539929.00000000	-0.65340668	0.02938031	-0.20713272
7534929.00000000	-0.66539252	0.03252921	-0.15292853
7529929.00000000	-0.67600159	0.03420184	-0.07824420
7524929.00000000	-0.67876187	0.03524698	0.00172614
7519929.00000000	-0.67255746	0.03581549	0.08263223
7514929.00000000	-0.65663364	0.03579736	0.16434106
7509929.00000000	-0.63017120	0.03501639	0.24568076
7504929.00000000	-0.59271390	0.03336908	0.32484641
7499929.00000000	-0.54576617	0.03049634	0.39794772
7494929.00000000	-0.49044434	0.02654800	0.46334909
7489929.00000000	-0.42552826	0.02195544	0.52215277
7484929.00000000	-0.35548169	0.01735934	0.57061749
7479929.00000000	-0.28341809	0.01315027	0.60798737
7474929.00000000	-0.20662726	0.00938190	0.63662628
7469929.00000000	-0.13021512	0.00601135	0.65569638
7464929.00000000	-0.05205612	0.00300571	0.66617825
7459929.00000000	0.02801608	-0.00017706	0.66803387
7454929.00000000	0.10690689	-0.00338464	0.66095917
7449929.00000000	0.18889233	-0.00698428	0.64369669
7444929.00000000	0.26801370	-0.01097205	0.61661707
7439929.00000000	0.34495938	-0.01521732	0.57897369
7434929.00000000	0.41660654	-0.01942078	0.53178934
7429929.00000000	0.48092557	-0.02300037	0.47668918
7424929.00000000	0.54030014	-0.02639914	0.41057056
7419929.00000000	0.58676300	-0.02908371	0.34325717
7414929.00000000	0.62477896	-0.03140265	0.27047235
7409929.00000000	0.65411890	-0.03299753	0.19253198
7404929.00000000	0.67273383	-0.03410611	0.11820242
7399929.00000000	0.68345987	-0.03539325	0.03874435
7394929.00000000	0.68495612	-0.03665259	-0.04089774
7389929.00000000	0.67712024	-0.03769098	-0.12066110
7384929.00000000	0.65825562	-0.03772101	-0.20341183
7379929.00000000	0.62909421	-0.03698770	-0.28206473
7374929.00000000	0.58800830	-0.03493643	-0.35954080
7369929.00000000	0.53665640	-0.03181763	-0.43127768
7364929.00000000	0.47732886	-0.02757788	-0.49444858
7359929.00000000	0.40793454	-0.02208920	-0.55113687
7354929.00000000	0.33799066	-0.01684955	-0.59479559
7349929.00000000	0.26375748	-0.01181412	-0.62945355
7344929.00000000	0.18533057	-0.00726129	-0.65553339
7339929.00000000	0.11042596	-0.00311758	-0.67135852
7334929.00000000	0.03094553	0.00097662	-0.67918320
7329929.00000000	-0.04839294	0.00500507	-0.67806982
7324929.00000000	-0.12679489	0.00905066	-0.66765289
7319929.00000000	-0.20687350	0.01351053	-0.64678366
7314929.00000000	-0.28305710	0.01799234	-0.61628452
7309929.00000000	-0.35848785	0.02248090	-0.57433588
7304929.00000000	-0.42822266	0.02661404	-0.52339160
7299929.00000000	-0.49106033	0.03019907	-0.46444739
7294929.00000000	-0.54688705	0.03285284	-0.39828864
7289929.00000000	-0.59213956	0.03484808	-0.32970712
7284929.00000000	-0.62956754	0.03663861	-0.25565219
7279929.00000000	-0.65792142	0.03799173	-0.17853125
7274929.00000000	-0.67638824	0.03860895	-0.10360910
7269929.00000000	-0.68695340	0.03904395	-0.02419250
7264929.00000000	-0.68845776	0.03965027	0.05412769
7259929.00000000	-0.68053809	0.04041937	0.13476358
7254929.00000000	-0.66235327	0.04057333	0.21522934
7249929.00000000	-0.63363104	0.03988977	0.29334955
7244929.00000000	-0.59352579	0.03819687	0.36920200
7239929.00000000	-0.54395239	0.03550861	0.43848911
7234929.00000000	-0.48555911	0.03188144	0.50075711
7229929.00000000	-0.41959210	0.02721545	0.55483752
7224929.00000000	-0.35048407	0.02235519	0.59781894
7219929.00000000	-0.27626096	0.01715503	0.63240585
7214929.00000000	-0.20077591	0.01263416	0.65716544
7209929.00000000	-0.12415436	0.00838336	0.67313187
7204929.00000000	-0.04443594	0.00385889	0.68055746
7199929.00000000	0.03524457	-0.00084796	0.67900836
7194929.00000000	0.11495047	-0.00600330	0.66839484
7189929.00000000	0.19477863	-0.01189496	0.64768823
7184929.00000000	0.27403531	-0.01792862	0.61616428
7179929.00000000	0.34996225	-0.02426541	0.57437146
7174929.00000000	0.42016132	-0.03023883	0.52360767
7169929.00000000	0.48669232	-0.03619568	0.46195078
7164929.00000000	0.54187115	-0.04063464	0.39673749
7159929.00000000	0.58804584	-0.04433002	0.32718262
7154929.00000000	0.62589804	-0.04718066	0.25233939
7149929.00000000	0.65315735	-0.04979266	0.17793301
7144929.00000000	0.67186389	-0.05168106	0.10134573
7139929.00000000	0.68167114	-0.05328030	0.02271930
7134929.00000000	0.68232114	-0.05456952	-0.05474768
7129929.00000000	0.67308881	-0.05574527	-0.13545215
7124929.00000000	0.65351486	-0.05618521	-0.21424646
7119929.00000000	0.62245264	-0.05477133	-0.29254294
7114929.00000000	0.58084732	-0.05150839	-0.36618753
7109929.00000000	0.53047833	-0.04642633	-0.43265048
7104929.00000000	0.46908203	-0.03975302	-0.49453870
7099929.00000000	0.40363376	-0.03249725	-0.54553500
7094929.00000000	0.33354660	-0.02478763	-0.58739636
7089929.00000000	0.25760770	-0.01762109	-0.62115271
7084929.00000000	0.18405832	-0.01120554	-0.64444580
7079929.00000000	0.10660370	-0.00503494	-0.65999710
7074929.00000000	0.02806714	0.00104208	-0.66705878
7069929.00000000	-0.05015729	0.00705768	-0.66547452
7064929.00000000	-0.13059415	0.01371518	-0.65468137
7059929.00000000	-0.20950070	0.02025754	-0.63413983
7054929.00000000	-0.28716232	0.02708762	-0.60306619
7049929.00000000	-0.36175412	0.03317105	-0.56143649
7044929.00000000	-0.42903119	0.03793793	-0.51163791
7039929.00000000	-0.49148480	0.04203296	-0.45185507
7034929.00000000	-0.54404645	0.04523434	-0.38712970
7029929.00000000	-0.58745212	0.04710403	-0.31779807
7024929.00000000	-0.62303140	0.04814557	-0.24208014
7019929.00000000	-0.64745303	0.04877509	-0.16950616
7014929.00000000	-0.66411365	0.04973380	-0.09203024
7009929.00000000	-0.67194406	0.05039774	-0.01296036
7004929.00000000	-0.67090872	0.05084787	0.06296497
6999929.00000000	-0.66025650	0.05121603	0.14350677
6994929.00000000	-0.63947269	0.05106122	0.22277887
6989929.00000000	-0.60843842	0.05010974	0.29982562
6984929.00000000	-0.56689679	0.04721344	0.37321658
6979929.00000000	-0.51643796	0.04329196	0.43997260
6974929.00000000	-0.45560068	0.03794159	0.50133743
6969929.00000000	-0.39069324	0.03269666	0.55169183
6964929.00000000	-0.31935510	0.02704800	0.59383633
6959929.00000000	-0.24450684	0.02148962	0.62666565
6954929.00000000	-0.16909534	0.01644098	0.65000562
6949929.00000000	-0.08982034	0.01110809	0.66545184
6944929.00000000	-0.01001404	0.00587909	0.67226779
6939929.00000000	0.06944666	-0.00016110	0.67022293
6934929.00000000	0.15155099	-0.00718375	0.65847107
6929929.00000000	0.23229037	-0.01509763	0.63649298
6924929.00000000	0.31072308	-0.02390091	0.60371124
6919929.00000000	0.38419427	-0.03255750	0.56059207
6914929.00000000	0.45244437	-0.04039429	0.50678778
6909929.00000000	0.51203619	-0.04682074	0.44507339
6904929.00000000	0.56169989	-0.05149496	0.37827505
6899929.00000000	0.60282040	-0.05447321	0.30592725
6894929.00000000	0.63419562	-0.05587140	0.23159128
6889929.00000000	0.65647980	-0.05679227	0.15628381
6884929.00000000	0.67055267	-0.05768353	0.07743210
6879929.00000000	0.67567142	-0.05886826	-0.00034027
6874929.00000000	0.67167703	-0.05943579	-0.08107657
6869929.00000000	0.65769901	-0.05870258	-0.16140265
6864929.00000000	0.63319498	-0.05784561	-0.24086322
6859929.00000000	0.59784985	-0.05625430	-0.31781812
6854929.00000000	0.55280228	-0.05319824	-0.38933359
6849929.00000000	0.49768558	-0.04886789	-0.45577313
6844929.00000000	0.43534189	-0.04374615	-0.51377853
6839929.00000000	0.36774722	-0.03816385	-0.56261511
6834929.00000000	0.29357831	-0.03246298	-0.60339877
6829929.00000000	0.22024680	-0.02686349	-0.63312732
6824929.00000000	0.14337622	-0.02134091	-0.65476929
6819929.00000000	0.06396027	-0.01534790	-0.66772919
6814929.00000000	-0.01527655	-0.00906750	-0.67205728
6809929.00000000	-0.09776550	-0.00159219	-0.66716562
6804929.00000000	-0.17922537	0.00721246	-0.65231253
6799929.00000000	-0.25988870	0.01705762	-0.62677695
6794929.00000000	-0.33790866	0.02705496	-0.58991284
6789929.00000000	-0.40999747	0.03684445	-0.54327301
6784929.00000000	-0.47662778	0.04570551	-0.48582114
6779929.00000000	-0.53217932	0.05239746	-0.42353116
6774929.00000000	-0.57856116	0.05732028	-0.35593961
6769929.00000000	-0.61608206	0.06064487	-0.28398764
6764929.00000000	-0.64386743	0.06344147	-0.21051819
6759929.00000000	-0.66325223	0.06507315	-0.13426685
6754929.00000000	-0.67381589	0.06685043	-0.05619431
6749929.00000000	-0.67543195	0.06844250	0.01938187
6744929.00000000	-0.66768948	0.07056482	0.09960937
6739929.00000000	-0.65002567	0.07165155	0.17855573
6734929.00000000	-0.62169714	0.07188953	0.25751929
6729929.00000000	-0.58260855	0.07020352	0.33388257
6724929.00000000	-0.53508362	0.06700729	0.40378937
6719929.00000000	-0.47740744	0.06140189	0.46926019
6714929.00000000	-0.41431427	0.05385562	0.52497360
6709929.00000000	-0.34635461	0.04519785	0.57152982
6704929.00000000	-0.27335031	0.03631873	0.60962875
6699929.00000000	-0.20091260	0.02814896	0.63747794
6694929.00000000	-0.12431058	0.02020129	0.65752167
6689929.00000000	-0.04686044	0.01225177	0.66881534
6684929.00000000	0.03062061	0.00448517	0.67156262
6679929.00000000	0.10969849	-0.00404480	0.66505640
6674929.00000000	0.18885876	-0.01266455	0.64850830
6669929.00000000	0.26524005	-0.02149426	0.62156012
6664929.00000000	0.33916821	-0.02928387	0.58345978
6659929.00000000	0.40712988	-0.03606616	0.53586487
6654929.00000000	0.47020566	-0.04193896	0.47777539
6649929.00000000	0.52353351	-0.04614783	0.41453601
6644929.00000000	0.56895862	-0.04994348	0.34465555
6639929.00000000	0.60472498	-0.05317957	0.27220636
6634929.00000000	0.63129816	-0.05616858	0.19835205
6629929.00000000	0.64986426	-0.05896573	0.12143060
6624929.00000000	0.65987805	-0.06181927	0.04362250
6619929.00000000	0.66140051	-0.06517288	-0.03456870
6614929.00000000	0.65394733	-0.06835651	-0.11439389
6609929.00000000	0.63661972	-0.07103976	-0.19502463
6604929.00000000	0.60945239	-0.07182401	-0.27354944
6599929.00000000	0.57227768	-0.07072427	-0.34851108
6594929.00000000	0.52457932	-0.06701508	-0.41961584
6589929.00000000	0.46971881	-0.06164111	-0.48176788
6584929.00000000	0.40774020	-0.05421683	-0.53563522
6579929.00000000	0.33963376	-0.04589987	-0.58096286
6574929.00000000	0.26922516	-0.03768518	-0.61650983
6569929.00000000	0.19600943	-0.02948520	-0.64370596
6564929.00000000	0.12023370	-0.02137137	-0.66310004
6559929.00000000	0.04386331	-0.01312387	-0.67395419
6554929.00000000	-0.03535532	-0.00439920	-0.67677151
6549929.00000000	-0.11498108	0.00519766	-0.67057266
6544929.00000000	-0.19403357	0.01529126	-0.65479907
6539929.00000000	-0.27352902	0.02596887	-0.62787790
6534929.00000000	-0.34879013	0.03654962	-0.59059888
6529929.00000000	-0.42061166	0.04658365	-0.54198196
6524929.00000000	-0.48284039	0.05451407	-0.48651196
6519929.00000000	-0.53749091	0.06100809	-0.42323959
6514929.00000000	-0.58391501	0.06556561	-0.35285510
6509929.00000000	-0.61870923	0.06867798	-0.28285187
6504929.00000000	-0.64569205	0.07103448	-0.20812869
6499929.00000000	-0.66387634	0.07342181	-0.13175342
6494929.00000000	-0.67334964	0.07535559	-0.05477200
6489929.00000000	-0.67417230	0.07737369	0.02566534
6484929.00000000	-0.66552429	0.07896228	0.10522882
6479929.00000000	-0.64658203	0.07997897	0.18571991
6474929.00000000	-0.61680078	0.07961371	0.26527969
6469929.00000000	-0.57687512	0.07729272	0.34064908
6464929.00000000	-0.52643024	0.07283594	0.41213992
6459929.00000000	-0.46878494	0.06700348	0.47531134
6454929.00000000	-0.40521393	0.05985165	0.52990149
6449929.00000000	-0.33393613	0.05125974	0.57723630
6444929.00000000	-0.26355048	0.04320093	0.61288779
6439929.00000000	-0.18872354	0.03513043	0.64081964
6434929.00000000	-0.11079379	0.02717627	0.66032312
6429929.00000000	-0.03508359	0.01905228	0.67072519
6424929.00000000	0.04540833	0.01012540	0.67289081
6419929.00000000	0.12538217	0.00012326	0.66561169
6414929.00000000	0.20461487	-0.01078076	0.64820267
6409929.00000000	0.28305835	-0.02297092	0.61980981
6404929.00000000	0.35758832	-0.03467914	0.58058310
6399929.00000000	0.42739752	-0.04619217	0.53045624
6394929.00000000	0.48897644	-0.05585101	0.47202600
6389929.00000000	0.54171536	-0.06424283	0.40697977
6384929.00000000	0.58520956	-0.07083887	0.33657220
6379929.00000000	0.61868115	-0.07601443	0.26438477
6374929.00000000	0.64396207	-0.08040991	0.18829538
6369929.00000000	0.66024887	-0.08530820	0.11078918
6364929.00000000	0.66772672	-0.08974939	0.03468124
6359929.00000000	0.66654388	-0.09417743	-0.04672565
6354929.00000000	0.65581461	-0.09829645	-0.12707077
6349929.00000000	0.63545282	-0.10136560	-0.20657513
6344929.00000000	0.60503195	-0.10206039	-0.28461075
6339929.00000000	0.56451855	-0.09925296	-0.35962451
6334929.00000000	0.51545023	-0.09330264	-0.42848364
6329929.00000000	0.45935583	-0.08464050	-0.48910168
6324929.00000000	0.39588168	-0.07335321	-0.54207806
6319929.00000000	0.32743680	-0.06140912	-0.58549637
6314929.00000000	0.25692972	-0.04941370	-0.61897018
6309929.00000000	0.18265744	-0.03741403	-0.64422214
6304929.00000000	0.10747046	-0.02594421	-0.66075244
6299929.00000000	0.02977725	-0.01466891	-0.66922849
6294929.00000000	-0.05116553	-0.00204611	-0.66875168
6289929.00000000	-0.13163177	0.01112921	-0.65867401
6284929.00000000	-0.21197391	0.02490836	-0.63796548
6279929.00000000	-0.28977722	0.03886026	-0.60656992
6274929.00000000	-0.36377966	0.05200272	-0.56446927
6269929.00000000	-0.43251328	0.06334100	-0.51204147
6264929.00000000	-0.49263147	0.07247556	-0.45211606
6259929.00000000	-0.54601236	0.07969962	-0.38327234
6254929.00000000	-0.58723019	0.08445001	-0.31408612
6249929.00000000	-0.62026599	0.08774463	-0.24047125
6244929.00000000	-0.64456332	0.09055063	-0.16421301
6239929.00000000	-0.66002020	0.09311514	-0.08804730
6234929.00000000	-0.66742853	0.09604642	-0.00868430
6229929.00000000	-0.66608047	0.09810654	0.07203455
6224929.00000000	-0.65566022	0.09959515	0.15242493
6219929.00000000	-0.63459598	0.09941922	0.23518271
6214929.00000000	-0.60399399	0.09723941	0.31313138
6209929.00000000	-0.56282318	0.09250677	0.38774756
6204929.00000000	-0.51216348	0.08447943	0.45543915
6199929.00000000	-0.45492255	0.07521274	0.51368530
6194929.00000000	-0.38804224	0.06429907	0.56514600
6189929.00000000	-0.32066483	0.05418152	0.60440860
6184929.00000000	-0.24761462	0.04372946	0.63588889
6179929.00000000	-0.17020682	0.03336380	0.65913132
6174929.00000000	-0.09492142	0.02364798	0.67316937
6169929.00000000	-0.01506787	0.01330624	0.67920908
6164929.00000000	0.06507468	0.00208365	0.67638675
6159929.00000000	0.14564267	-0.01079526	0.66365924
6154929.00000000	0.22750409	-0.02544055	0.64006085
6149929.00000000	0.30483560	-0.04020975	0.60610532
6144929.00000000	0.37919489	-0.05467804	0.56105566
6139929.00000000	0.44701379	-0.06759332	0.50697556
6134929.00000000	0.50643869	-0.07794534	0.44576416
6129929.00000000	0.55794604	-0.08596600	0.37767105
6124929.00000000	0.59852420	-0.09178204	0.30788104
6119929.00000000	0.63064706	-0.09586002	0.23437027
6114929.00000000	0.65411777	-0.09938034	0.15728345
6109929.00000000	0.66778458	-0.10227322	0.08241931
6104929.00000000	0.67297162	-0.10506293	0.00379453
6099929.00000000	0.66860526	-0.10781137	-0.07555038
6094929.00000000	0.65447244	-0.10885880	-0.15415567
6089929.00000000	0.62906473	-0.10807233	-0.23391547
6084929.00000000	0.59299930	-0.10490820	-0.31055554
6079929.00000000	0.54716171	-0.09923547	-0.38240878
6074929.00000000	0.49206519	-0.09023550	-0.44841437
6069929.00000000	0.42973892	-0.07911203	-0.50674316
6064929.00000000	0.36229846	-0.06685565	-0.55633539
6059929.00000000	0.29282300	-0.05443231	-0.59568735
6054929.00000000	0.21935895	-0.04211966	-0.62733475
6049929.00000000	0.14533109	-0.03052942	-0.64958966
6044929.00000000	0.07010596	-0.01917273	-0.66391125
6039929.00000000	-0.00746506	-0.00721863	-0.66973257
6034929.00000000	-0.08546738	0.00536816	-0.66633426
6029929.00000000	-0.16200620	0.01810825	-0.65291318
6024929.00000000	-0.23834467	0.03071176	-0.62831912
6019929.00000000	-0.31108911	0.04263672	-0.59336517
6014929.00000000	-0.38136533	0.05317145	-0.54690872
6009929.00000000	-0.44476923	0.06171381	-0.49247772
6004929.00000000	-0.50278668	0.06844431	-0.42906387
5999929.00000000	-0.55135590	0.07322998	-0.36186761
5994929.00000000	-0.59100882	0.07730148	-0.29156519
5989929.00000000	-0.62290115	0.08070517	-0.21668341
5984929.00000000	-0.64591406	0.08356601	-0.14124084
5979929.00000000	-0.66071210	0.08688300	-0.06370746
5974929.00000000	-0.66732529	0.09033096	0.01612842
5969929.00000000	-0.66508548	0.09399231	0.09580536
5964929.00000000	-0.65336893	0.09731207	0.17873560
5959929.00000000	-0.63151685	0.09836188	0.26027548
5954929.00000000	-0.59812421	0.09716629	0.34036008
5949929.00000000	-0.55520847	0.09311682	0.41279083
5944929.00000000	-0.50311798	0.08646198	0.47725247
5939929.00000000	-0.44244415	0.07686905	0.53235925
5934929.00000000	-0.37511453	0.06602545	0.57769800
5929929.00000000	-0.30473169	0.05524258	0.61234402
5924929.00000000	-0.22880316	0.04402524	0.63900571
5919929.00000000	-0.15509186	0.03317014	0.65604544
5914929.00000000	-0.07732727	0.02174356	0.66513736
5909929.00000000	0.00241895	0.00972485	0.66547784
5904929.00000000	0.08198724	-0.00315710	0.65652924
5899929.00000000	0.16372168	-0.01733502	0.63705756
5894929.00000000	0.24270065	-0.03168552	0.60727316
5889929.00000000	0.31995926	-0.04558850	0.56643692
5884929.00000000	0.39308499	-0.05819656	0.51539725
5879929.00000000	0.45766061	-0.06841431	0.45745761
5874929.00000000	0.51628458	-0.07648029	0.39081036
5869929.00000000	0.56200647	-0.08215567	0.32460382
5864929.00000000	0.59994693	-0.08679236	0.25345395
5859929.00000000	0.62915790	-0.09024716	0.17936447
5854929.00000000	0.64894763	-0.09348831	0.10600781
5849929.00000000	0.66109955	-0.09604990	0.02882983
5844929.00000000	0.66454205	-0.09849472	-0.05075836
5839929.00000000	0.65919968	-0.09998468	-0.12821982
5834929.00000000	0.64392545	-0.10081070	-0.20874448
5829929.00000000	0.61910162	-0.09886984	-0.28556039
5824929.00000000	0.58369519	-0.09459500	-0.36054224
5819929.00000000	0.53914426	-0.08783786	-0.42887177
5814929.00000000	0.48724841	-0.07915366	-0.48897632
5809929.00000000	0.42687262	-0.06911761	-0.54230859
5804929.00000000	0.36235187	-0.05752264	-0.58506863
5799929.00000000	0.29302066	-0.04633063	-0.61999072
5794929.00000000	0.21979715	-0.03551480	-0.64657306
5789929.00000000	0.14750327	-0.02447104	-0.66485211
5784929.00000000	0.07140994	-0.01313629	-0.67548605
5779929.00000000	-0.00493533	-0.00152908	-0.67797842
5774929.00000000	-0.08328973	0.01125162	-0.67142075
5769929.00000000	-0.16332233	0.02578854	-0.65505075
5764929.00000000	-0.24197650	0.04112155	-0.62804843
5759929.00000000	-0.31839102	0.05560547	-0.59027115
5754929.00000000	-0.39079050	0.06878311	-0.54219522
5749929.00000000	-0.45697198	0.07962863	-0.48537234
5744929.00000000	-0.51561267	0.08906836	-0.42097174
5739929.00000000	-0.56380475	0.09537088	-0.35417154
5734929.00000000	-0.60418658	0.09994147	-0.28202982
5729929.00000000	-0.63481100	0.10354340	-0.20911234
5724929.00000000	-0.65682690	0.10634146	-0.13546613
5719929.00000000	-0.67087927	0.10930478	-0.05847794
5714929.00000000	-0.67641995	0.11194275	0.01965344
5709929.00000000	-0.67295648	0.11407730	0.09843979
5704929.00000000	-0.65972778	0.11440210	0.17867517
5699929.00000000	-0.63648862	0.11229330	0.25658011
5694929.00000000	-0.60156412	0.10625763	0.33328314
5689929.00000000	-0.55732980	0.09740436	0.40278503
5684929.00000000	-0.50220624	0.08579413	0.46701825
5679929.00000000	-0.44152994	0.07368378	0.52080139
5674929.00000000	-0.37545340	0.06077133	0.56534329
5669929.00000000	-0.30348224	0.04759433	0.60221097
5664929.00000000	-0.23076425	0.03606583	0.63011523
5659929.00000000	-0.15519257	0.02502023	0.65030890
5654929.00000000	-0.07710492	0.01407086	0.66273822
5649929.00000000	0.00097079	0.00237805	0.66698877
5644929.00000000	0.08194412	-0.01057364	0.66204044
5639929.00000000	0.16283124	-0.02447610	0.64675540
5634929.00000000	0.24396976	-0.03934756	0.62004834
5629929.00000000	0.31992859	-0.05343677	0.58311795
5624929.00000000	0.39030350	-0.06662015	0.53633206
5619929.00000000	0.45523141	-0.07845023	0.47942297
5614929.00000000	0.51073514	-0.08840320	0.41625003
5609929.00000000	0.55679703	-0.09672705	0.34852457
5604929.00000000	0.59519824	-0.10325830	0.27473785
5599929.00000000	0.62304504	-0.10812766	0.20300629
5594929.00000000	0.64392581	-0.11270938	0.12622687
5589929.00000000	0.65637152	-0.11712933	0.04811505
5584929.00000000	0.66047141	-0.12134485	-0.02989853
5579929.00000000	0.65598309	-0.12491953	-0.11150650
5574929.00000000	0.64251126	-0.12671719	-0.19247589
5569929.00000000	0.61925418	-0.12546170	-0.27384500
5564929.00000000	0.58615506	-0.12045892	-0.35234732
5559929.00000000	0.54471143	-0.11149756	-0.42336282
5554929.00000000	0.49193884	-0.09885635	-0.48988593
5549929.00000000	0.43489499	-0.08480185	-0.54339423
5544929.00000000	0.37068918	-0.06998285	-0.58857825
5539929.00000000	0.29912314	-0.05479233	-0.62561148
5534929.00000000	0.22794342	-0.04134732	-0.65219315
5529929.00000000	0.15291168	-0.02811261	-0.67083524
5524929.00000000	0.07425626	-0.01413306	-0.68139938
5519929.00000000	-0.00233234	-0.00004926	-0.68346432
5514929.00000000	-0.08400391	0.01616446	-0.67557413
5509929.00000000	-0.16364456	0.03330048	-0.65745380
5504929.00000000	-0.24380515	0.05173651	-0.62715158
5499929.00000000	-0.31950369	0.06958292	-0.58548413
5494929.00000000	-0.38810205	0.08486639	-0.53427466
5489929.00000000	-0.45226361	0.09771365	-0.47188809
5484929.00000000	-0.50480627	0.10671915	-0.40606598
5479929.00000000	-0.54920837	0.11345053	-0.33443561
5474929.00000000	-0.58427710	0.11840222	-0.25974237
5469929.00000000	-0.60957922	0.12171613	-0.18609418
5464929.00000000	-0.62719806	0.12485580	-0.10760565
5459929.00000000	-0.63588507	0.12737527	-0.02764212
5454929.00000000	-0.63541833	0.13000754	0.05178754
5449929.00000000	-0.62548318	0.13074548	0.13466211
5444929.00000000	-0.60568951	0.12920715	0.21637451
5439929.00000000	-0.57511334	0.12408774	0.29808087
5434929.00000000	-0.53540942	0.11542706	0.37395773
5429929.00000000	-0.48606735	0.10312225	0.44467740
5424929.00000000	-0.42954678	0.08809668	0.50647861
5419929.00000000	-0.36864398	0.07237930	0.55740692
5414929.00000000	-0.30046118	0.05589099	0.60064432
5409929.00000000	-0.23058615	0.04084387	0.63392880
5404929.00000000	-0.15910422	0.02639737	0.65837714
5399929.00000000	-0.08427066	0.01190869	0.67529526
5394929.00000000	-0.00943680	-0.00241110	0.68400293
5389929.00000000	0.06770929	-0.01770978	0.68420319
5384929.00000000	0.14552277	-0.03424500	0.67430142
5379929.00000000	0.22260291	-0.05152213	0.65340881
5374929.00000000	0.29707214	-0.06800204	0.62093771
5369929.00000000	0.36632922	-0.08282358	0.57816702
5364929.00000000	0.43063364	-0.09508319	0.52539487
5359929.00000000	0.48858731	-0.10423517	0.46400800
5354929.00000000	0.53716605	-0.11019556	0.39864667
5349929.00000000	0.57871390	-0.11426260	0.32693723
5344929.00000000	0.61031952	-0.11691827	0.25511954
5339929.00000000	0.63380005	-0.11948828	0.18097156
5334929.00000000	0.64961127	-0.12161603	0.10374115
5329929.00000000	0.65716629	-0.12325101	0.02673853
5324929.00000000	0.65655951	-0.12411295	-0.05462097
5319929.00000000	0.64668442	-0.12365768	-0.13738284
5314929.00000000	0.62727234	-0.12046411	-0.21907263
5309929.00000000	0.59684186	-0.11335745	-0.30072678
5304929.00000000	0.55760272	-0.10344241	-0.37502200
5299929.00000000	0.50786398	-0.09041589	-0.44459305
5294929.00000000	0.45227847	-0.07621756	-0.50339841
5289929.00000000	0.39101224	-0.06085669	-0.55253534
5284929.00000000	0.32306848	-0.04541019	-0.59364713
5279929.00000000	0.25423572	-0.03129486	-0.62500168
5274929.00000000	0.18113303	-0.01764050	-0.64880835
5269929.00000000	0.10388104	-0.00336780	-0.66449634
5264929.00000000	0.03027847	0.01025577	-0.67101215
5259929.00000000	-0.04807831	0.02521054	-0.66900931
5254929.00000000	-0.12624875	0.04046509	-0.65680865
5249929.00000000	-0.20360382	0.05598230	-0.63448486
5244929.00000000	-0.28092023	0.07063287	-0.60095337
5239929.00000000	-0.35258789	0.08352774	-0.55869803
5234929.00000000	-0.42071902	0.09483716	-0.50608316
5229929.00000000	-0.47982095	0.10380838	-0.44711905
5224929.00000000	-0.53033603	0.11012418	-0.38300162
5219929.00000000	-0.57341272	0.11485434	-0.31208243
5214929.00000000	-0.60546878	0.11793921	-0.24273428
5209929.00000000	-0.63025153	0.12094864	-0.16857233
5204929.00000000	-0.64679312	0.12364395	-0.09161288
5199929.00000000	-0.65490131	0.12580499	-0.01418439
5194929.00000000	-0.65456509	0.12713876	0.06844922
5189929.00000000	-0.64481961	0.12653836	0.15095361
5184929.00000000	-0.62559424	0.12371078	0.23268997
5179929.00000000	-0.59605536	0.11724170	0.31310709
5174929.00000000	-0.55751868	0.10734116	0.38720987
5169929.00000000	-0.50819028	0.09441876	0.45689349
5164929.00000000	-0.45286505	0.08032227	0.51601407
5159929.00000000	-0.38991635	0.06450708	0.56686307
5154929.00000000	-0.32119284	0.04881464	0.60843802
5149929.00000000	-0.24854715	0.03429837	0.64073187
5144929.00000000	-0.17297266	0.01931842	0.66447382
5139929.00000000	-0.09736810	0.00445468	0.67923328
5134929.00000000	-0.02199500	-0.01081876	0.68553021
5129929.00000000	0.05664273	-0.02772083	0.68295813
5124929.00000000	0.13336481	-0.04525946	0.67066675
5119929.00000000	0.21276321	-0.06398630	0.64665668
5114929.00000000	0.28820105	-0.08167386	0.61163022
5109929.00000000	0.36018277	-0.09773923	0.56514120
5104929.00000000	0.42558057	-0.11103104	0.50951541
5099929.00000000	0.48281668	-0.12090131	0.44709244
5094929.00000000	0.53298010	-0.12782339	0.37723508
5089929.00000000	0.57376138	-0.13211441	0.30447330
5084929.00000000	0.60521991	-0.13462238	0.23093066
5079929.00000000	0.62871890	-0.13710809	0.15406497
5074929.00000000	0.64356693	-0.13977020	0.07705508
5069929.00000000	0.65059714	-0.14195135	-0.00414301
5064929.00000000	0.64871344	-0.14327963	-0.08713269
5059929.00000000	0.63743018	-0.14235391	-0.17092987
5054929.00000000	0.61610602	-0.13816113	-0.25366302
5049929.00000000	0.58477988	-0.13002176	-0.33274930
5044929.00000000	0.54269888	-0.11718689	-0.40754834
5039929.00000000	0.49277103	-0.10150821	-0.47219672
5034929.00000000	0.43524655	-0.08369019	-0.52730264
5029929.00000000	0.36908786	-0.06475275	-0.57438541
5024929.00000000	0.30283908	-0.04718625	-0.60892056
5019929.00000000	0.23149918	-0.03002560	-0.63580908
5014929.00000000	0.15595352	-0.01282129	-0.65499866
5009929.00000000	0.08255859	0.00363095	-0.66552798
5004929.00000000	0.00372635	0.02200156	-0.66774466
4999929.00000000	-0.07592331	0.04161307	-0.66015881
4994929.00000000	-0.15549680	0.06220251	-0.64167166
4989929.00000000	-0.23622922	0.08332587	-0.61060928
4984929.00000000	-0.31194913	0.10231741	-0.56880588
4979929.00000000	-0.38515845	0.11917044	-0.51466956
4974929.00000000	-0.44836826	0.13121289	-0.45465417
4969929.00000000	-0.50413263	0.13953055	-0.38802118
4964929.00000000	-0.55151682	0.14545230	-0.31615823
4959929.00000000	-0.58743692	0.14944861	-0.24608273
4954929.00000000	-0.61635150	0.15219659	-0.17169235
4949929.00000000	-0.63700092	0.15459607	-0.09504865
4944929.00000000	-0.64933435	0.15633282	-0.01654877
4939929.00000000	-0.65325565	0.15768552	0.06570419
4934929.00000000	-0.64822992	0.15568527	0.14860587
4929929.00000000	-0.63360416	0.15067407	0.23054379
4924929.00000000	-0.60826080	0.14126776	0.31191208
4919929.00000000	-0.57344147	0.12855231	0.38643558
4914929.00000000	-0.52744073	0.11193420	0.45599997
4909929.00000000	-0.47386307	0.09355112	0.51534756
4904929.00000000	-0.41379944	0.07453073	0.56497083
4899929.00000000	-0.34743594	0.05569849	0.60629987
4894929.00000000	-0.27974225	0.03863867	0.63804248
4889929.00000000	-0.20619202	0.02138239	0.66317368
4884929.00000000	-0.13138031	0.00438474	0.68049176
4879929.00000000	-0.05705255	-0.01289081	0.68954678
4874929.00000000	0.02138489	-0.03224802	0.69048380
4869929.00000000	0.09896011	-0.05248120	0.68098483
4864929.00000000	0.17920322	-0.07442526	0.65970856
4859929.00000000	0.25777667	-0.09573944	0.62644281
4854929.00000000	0.33354474	-0.11533627	0.58137680
4849929.00000000	0.40308517	-0.13138663	0.52688855
4844929.00000000	0.46638635	-0.14274594	0.46375482
4839929.00000000	0.52032913	-0.15097748	0.39587048
4834929.00000000	0.56536639	-0.15599649	0.32372107
4829929.00000000	0.59994769	-0.15916470	0.25243219
4824929.00000000	0.62704642	-0.16168210	0.17651230
4819929.00000000	0.64560355	-0.16359805	0.09888651
4814929.00000000	0.65560562	-0.16524792	0.02060269
4809929.00000000	0.65710019	-0.16592300	-0.06042978
4804929.00000000	0.64931491	-0.16432712	-0.14261322
4799929.00000000	0.63183209	-0.15961029	-0.22409323
4794929.00000000	0.60437738	-0.15132004	-0.30322824
4789929.00000000	0.56673169	-0.13904190	-0.37908954
4784929.00000000	0.51937515	-0.12308038	-0.44971695
4779929.00000000	0.46593286	-0.10495819	-0.51024835
4774929.00000000	0.40268951	-0.08431094	-0.56427463
4769929.00000000	0.33869571	-0.06514694	-0.60526453
4764929.00000000	0.27099423	-0.04690439	-0.63758771
4759929.00000000	0.19807025	-0.02905551	-0.66264130
4754929.00000000	0.12606058	-0.01222253	-0.67905896
4749929.00000000	0.04934479	0.00592365	-0.68806815
4744929.00000000	-0.02717569	0.02510297	-0.68822653
4739929.00000000	-0.10394873	0.04600339	-0.67885788
4734929.00000000	-0.18386569	0.06926993	-0.65758392
4729929.00000000	-0.25936755	0.09188095	-0.62504208
4724929.00000000	-0.33508298	0.11380917	-0.57885944
4719929.00000000	-0.40266840	0.13140503	-0.52417889
4714929.00000000	-0.46333987	0.14461011	-0.46160046
4709929.00000000	-0.51779041	0.15369363	-0.39113867
4704929.00000000	-0.56198550	0.15893332	-0.31904385
4699929.00000000	-0.59736197	0.16205832	-0.24455450
4694929.00000000	-0.62479614	0.16424261	-0.16611813
4689929.00000000	-0.64263116	0.16595670	-0.08984476
4684929.00000000	-0.65287485	0.16726678	-0.00758533
4679929.00000000	-0.65423581	0.16736877	0.07567758
4674929.00000000	-0.64644290	0.16506104	0.16078125
4669929.00000000	-0.62821808	0.15863870	0.24795584
4664929.00000000	-0.59981381	0.14763699	0.33069684
4659929.00000000	-0.56039264	0.13182516	0.40921387
4654929.00000000	-0.51148306	0.11265866	0.47832339
4649929.00000000	-0.45469116	0.09198419	0.53678809
4644929.00000000	-0.38571738	0.07030478	0.58774030
4639929.00000000	-0.31883429	0.05077689	0.62442126
4634929.00000000	-0.24523730	0.03205078	0.65396976
4629929.00000000	-0.17077472	0.01458347	0.67467459
4624929.00000000	-0.09504269	-0.00278522	0.68743045
4619929.00000000	-0.01582358	-0.02159076	0.69189429
4614929.00000000	0.06383362	-0.04191116	0.68654852
4609929.00000000	0.14249518	-0.06386438	0.67066776
4604929.00000000	0.22190598	-0.08620407	0.64211438
4599929.00000000	0.29723181	-0.10694846	0.60205057
4594929.00000000	0.36995206	-0.12542194	0.54945190
4589929.00000000	0.43401337	-0.13943564	0.48952896
4584929.00000000	0.49130713	-0.14938989	0.42194269
4579929.00000000	0.53922513	-0.15564667	0.35075146
4574929.00000000	0.57728647	-0.15941010	0.27908304
4569929.00000000	0.60785950	-0.16205014	0.20345648
4564929.00000000	0.62991742	-0.16420975	0.12690561
4559929.00000000	0.64381979	-0.16601382	0.04997467
4554929.00000000	0.65013452	-0.16729770	-0.03080420
4549929.00000000	0.64811221	-0.16681671	-0.11159616
4544929.00000000	0.63713550	-0.16328238	-0.19489789
4539929.00000000	0.61646747	-0.15554739	-0.27682440
4534929.00000000	0.58550406	-0.14328546	-0.35538184
4529929.00000000	0.54519354	-0.12708807	-0.42731946
4524929.00000000	0.49696228	-0.10786984	-0.49038092
4519929.00000000	0.43949121	-0.08616672	-0.54570209
4514929.00000000	0.37755396	-0.06478668	-0.58983875
4509929.00000000	0.31179758	-0.04444574	-0.62475583
4504929.00000000	0.24069724	-0.02458243	-0.65244016
4499929.00000000	0.16856610	-0.00558392	-0.67203967
4494929.00000000	0.09374664	0.01413065	-0.68427118
4489929.00000000	0.01579199	0.03557159	-0.68833273
4484929.00000000	-0.06290036	0.05879126	-0.68280505
4479929.00000000	-0.14233871	0.08360028	-0.66617133
4474929.00000000	-0.22146448	0.10860272	-0.63708725
4469929.00000000	-0.29830838	0.13147495	-0.59564648
4464929.00000000	-0.37186642	0.15040665	-0.54201666
4459929.00000000	-0.43677487	0.16367697	-0.48156589
4454929.00000000	-0.49628851	0.17231421	-0.41202713
4449929.00000000	-0.54380359	0.17652893	-0.34235483
4444929.00000000	-0.58224316	0.17825085	-0.27074011
4439929.00000000	-0.61313666	0.17919861	-0.19474640
4434929.00000000	-0.63463541	0.17972073	-0.11949246
4429929.00000000	-0.64832645	0.18007401	-0.04018243
4424929.00000000	-0.65340375	0.17945114	0.04246155
4419929.00000000	-0.64946286	0.17689151	0.12479932
4414929.00000000	-0.63541135	0.17066821	0.21093280
4409929.00000000	-0.61176724	0.16030273	0.29334735
4404929.00000000	-0.57704007	0.14476111	0.37439117
4399929.00000000	-0.53346759	0.12500720	0.44736942
4394929.00000000	-0.48265820	0.10237222	0.51065796
4389929.00000000	-0.42332999	0.07757483	0.56528769
4384929.00000000	-0.35962808	0.05378195	0.60848492
4379929.00000000	-0.29180350	0.03145068	0.64251608
4374929.00000000	-0.21965036	0.01043549	0.66860049
4369929.00000000	-0.14801221	-0.00910406	0.68597479
4364929.00000000	-0.07211902	-0.02932700	0.69612680
4359929.00000000	0.00631519	-0.05077673	0.69764166
4354929.00000000	0.08219006	-0.07214944	0.68953564
4349929.00000000	0.16158823	-0.09474231	0.66983716
4344929.00000000	0.23741922	-0.11516913	0.63945972
4339929.00000000	0.31243607	-0.13324878	0.59704330
4334929.00000000	0.38190384	-0.14712299	0.54535315
4329929.00000000	0.44381516	-0.15665094	0.48688672
4324929.00000000	0.50087601	-0.16233127	0.41939090
4319929.00000000	0.54621878	-0.16444501	0.35232251
4314929.00000000	0.58433667	-0.16468814	0.28097021
4309929.00000000	0.61443686	-0.16427798	0.20681839
4304929.00000000	0.63568649	-0.16401624	0.13282462
4299929.00000000	0.64961044	-0.16384021	0.05404507
4294929.00000000	0.65507990	-0.16324014	-0.02566678
4289929.00000000	0.65197464	-0.16119141	-0.10732281
4284929.00000000	0.63921515	-0.15631290	-0.19154437
4279929.00000000	0.61627267	-0.14773486	-0.27389478
4274929.00000000	0.58317691	-0.13529678	-0.35224045
4269929.00000000	0.54021658	-0.11928134	-0.42476849
4264929.00000000	0.48862997	-0.10047443	-0.48932742
4259929.00000000	0.42848846	-0.07977203	-0.54542557
4254929.00000000	0.36434604	-0.05986481	-0.59024323
4249929.00000000	0.29534818	-0.04087805	-0.62666956
4244929.00000000	0.22210147	-0.02282742	-0.65517014
4239929.00000000	0.15042398	-0.00637494	-0.67475586
4234929.00000000	0.07364996	0.01098996	-0.68745944
4229929.00000000	-0.00329358	0.02887534	-0.69161810
4224929.00000000	-0.08082928	0.04772168	-0.68631207
4219929.00000000	-0.16013879	0.06769119	-0.66985806
4214929.00000000	-0.23668384	0.08654514	-0.64189172
4209929.00000000	-0.31177155	0.10386688	-0.60158899
4204929.00000000	-0.38174414	0.11811182	-0.55066522
4199929.00000000	-0.44590521	0.12876462	-0.49010950
4194929.00000000	-0.50100168	0.13544559	-0.42411972
4189929.00000000	-0.54756339	0.13904187	-0.35439426
4184929.00000000	-0.58636813	0.14063553	-0.28053674
4179929.00000000	-0.61629245	0.14140451	-0.20549402
4174929.00000000	-0.63782962	0.14207642	-0.13008136
4169929.00000000	-0.65191199	0.14286615	-0.05095468
4164929.00000000	-0.65772015	0.14341217	0.02931601
4159929.00000000	-0.65508755	0.14295087	0.11288531
4154929.00000000	-0.64305933	0.13999084	0.19796945
4149929.00000000	-0.62150684	0.13355991	0.28172357
4144929.00000000	-0.58967664	0.12290128	0.36297379
4139929.00000000	-0.54828876	0.10826294	0.43782690
4134929.00000000	-0.49769745	0.09045682	0.50567200
4129929.00000000	-0.44040408	0.07136008	0.56346021
4124929.00000000	-0.37777054	0.05235605	0.61156677
4119929.00000000	-0.30750720	0.03351266	0.65332742
4114929.00000000	-0.23792334	0.01729742	0.68543369
4109929.00000000	-0.16337537	0.00206943	0.71170685
4104929.00000000	-0.08461777	-0.01234467	0.73156714
4099929.00000000	-0.00309351	-0.02561588	0.74409833
4094929.00000000	0.08547931	-0.03816959	0.74811157
4089929.00000000	0.17866953	-0.04891156	0.74110916
4084929.00000000	0.27709692	-0.05718332	0.72134857
4079929.00000000	0.37915921	-0.06350110	0.68685403
4074929.00000000	0.47727029	-0.06792340	0.63809061
4069929.00000000	0.56836264	-0.07355197	0.57409717
4064929.00000000	0.64181165	-0.07845163	0.50199973
4059929.00000000	0.70154532	-0.08265976	0.42132449
4054929.00000000	0.74775836	-0.08667786	0.33540079
4049929.00000000	0.78104944	-0.09138092	0.24782016
4044929.00000000	0.80328174	-0.09772711	0.15647089
4039929.00000000	0.81382544	-0.10653656	0.05984015
4034929.00000000	0.81110123	-0.11683148	-0.03498923
4029929.00000000	0.79278513	-0.12870264	-0.13703439
4024929.00000000	0.75769922	-0.13825742	-0.23747040
4019929.00000000	0.70729233	-0.14254572	-0.33314523
4014929.00000000	0.64507379	-0.13848849	-0.42039691
4009929.00000000	0.57664236	-0.12626901	-0.49481241
4004929.00000000	0.50382288	-0.10813177	-0.55646170
3999929.00000000	0.43100067	-0.08827487	-0.60385876
3994929.00000000	0.35731808	-0.06811472	-0.64011456
3989929.00000000	0.28124274	-0.04825046	-0.66765952
3984929.00000000	0.20704379	-0.02968042	-0.68618924
3979929.00000000	0.12986038	-0.01056155	-0.69761502
3974929.00000000	0.05293243	0.00888678	-0.70113565
3969929.00000000	-0.02634198	0.02982660	-0.69570926
3964929.00000000	-0.10703491	0.05224417	-0.67997220
3959929.00000000	-0.18772403	0.07439633	-0.65268921
3954929.00000000	-0.26545175	0.09462183	-0.61470480
3949929.00000000	-0.33981638	0.11220453	-0.56640271
3944929.00000000	-0.40876239	0.12625793	-0.50930948
3939929.00000000	-0.47059305	0.13646411	-0.44513223
3934929.00000000	-0.52293567	0.14291559	-0.37728906
3929929.00000000	-0.56745117	0.14664853	-0.30486722
3924929.00000000	-0.60270587	0.14904721	-0.23135358
3919929.00000000	-0.62957895	0.15067545	-0.15661124
3914929.00000000	-0.64908527	0.15191409	-0.07751022
3909929.00000000	-0.66011316	0.15232373	0.00389459
3904929.00000000	-0.66241339	0.15096759	0.08575446
3899929.00000000	-0.65526022	0.14634698	0.17023495
3894929.00000000	-0.63809375	0.13757660	0.25296988
3889929.00000000	-0.60991187	0.12399490	0.33356241
3884929.00000000	-0.57182236	0.10676553	0.40656628
3879929.00000000	-0.52262866	0.08630905	0.47321246
3874929.00000000	-0.46771536	0.06605276	0.52755405
3869929.00000000	-0.40644446	0.04632596	0.57250891
3864929.00000000	-0.33884720	0.02752734	0.60961502
3859929.00000000	-0.27029886	0.01076901	0.63735983
3854929.00000000	-0.19931973	-0.00501743	0.65769724
3849929.00000000	-0.12505051	-0.02114029	0.67092044
3844929.00000000	-0.04969498	-0.03779892	0.67614420
3839929.00000000	0.02793378	-0.05543521	0.67245639
3834929.00000000	0.10546289	-0.07365390	0.65909003
3829929.00000000	0.18319229	-0.09150784	0.63534872
3824929.00000000	0.25994861	-0.10779089	0.60060852
3819929.00000000	0.33159702	-0.12129037	0.55732608
3814929.00000000	0.40061249	-0.13173004	0.50366556
3809929.00000000	0.46029816	-0.13816306	0.44517261
3804929.00000000	0.51287158	-0.14140482	0.38112009
3799929.00000000	0.55803781	-0.14222595	0.31195056
3794929.00000000	0.59365576	-0.14170407	0.24169656
3789929.00000000	0.62106320	-0.14062323	0.16896533
3784929.00000000	0.64071860	-0.13946487	0.09228168
3779929.00000000	0.65147119	-0.13815771	0.01573181
3774929.00000000	0.65378915	-0.13588779	-0.06598709
3769929.00000000	0.64640198	-0.13170111	-0.14847366
3764929.00000000	0.62862646	-0.12454779	-0.23160266
3759929.00000000	0.60018661	-0.11378061	-0.31245178
3754929.00000000	0.56152075	-0.09969135	-0.38740952
3749929.00000000	0.51209305	-0.08254041	-0.45627808
3744929.00000000	0.45502005	-0.06431577	-0.51488742
3739929.00000000	0.39134717	-0.04617819	-0.56378574
3734929.00000000	0.32045209	-0.02852640	-0.60429282
3729929.00000000	0.25022903	-0.01299063	-0.63410574
3724929.00000000	0.17484030	0.00281830	-0.65725476
3719929.00000000	0.09828040	0.01767276	-0.67212970
3714929.00000000	0.02043848	0.03302289	-0.67886716
3709929.00000000	-0.06011414	0.04945596	-0.67620334
3704929.00000000	-0.14202875	0.06709607	-0.66257135
3699929.00000000	-0.22139172	0.08427438	-0.63740076
3694929.00000000	-0.29873654	0.10027161	-0.59966351
3689929.00000000	-0.37110040	0.11362970	-0.55056653
3684929.00000000	-0.43805191	0.12362811	-0.49077533
3679929.00000000	-0.49497983	0.12955322	-0.42565369
3674929.00000000	-0.54352496	0.13254297	-0.35546588
3669929.00000000	-0.58273972	0.13342316	-0.28296259
3664929.00000000	-0.61303906	0.13331528	-0.20887204
3659929.00000000	-0.63532373	0.13269595	-0.13166681
3654929.00000000	-0.64920853	0.13167578	-0.05246909
3649929.00000000	-0.65442105	0.12979056	0.02625082
3644929.00000000	-0.65075827	0.12614645	0.10917712
3639929.00000000	-0.63787317	0.12005112	0.19095847
3634929.00000000	-0.61455276	0.11053131	0.27361911
3629929.00000000	-0.58197711	0.09817026	0.35066736
3624929.00000000	-0.53884506	0.08268689	0.42380115
3619929.00000000	-0.48907120	0.06595325	0.48691174
3614929.00000000	-0.43192416	0.04840839	0.54149518
3609929.00000000	-0.36823941	0.03120148	0.58751346
3604929.00000000	-0.30129825	0.01544211	0.62386880
3599929.00000000	-0.23169540	0.00095432	0.65201468
3594929.00000000	-0.15751443	-0.01327838	0.67295972
3589929.00000000	-0.08357159	-0.02682294	0.68581372
3584929.00000000	-0.00667209	-0.04091656	0.69053024
3579929.00000000	0.07136349	-0.05585257	0.68575238
3574929.00000000	0.15036539	-0.07142465	0.67015561
3569929.00000000	0.22717105	-0.08627115	0.64329208
3564929.00000000	0.30023666	-0.09958981	0.60548785
3559929.00000000	0.37014063	-0.11094751	0.55626093
3554929.00000000	0.43271191	-0.11903448	0.49865857
3549929.00000000	0.48746497	-0.12426834	0.43468713
3544929.00000000	0.53494806	-0.12694907	0.36428384
3539929.00000000	0.57177271	-0.12804428	0.29416309
3534929.00000000	0.60124176	-0.12847632	0.22027206
3529929.00000000	0.62276361	-0.12877887	0.14375668
3524929.00000000	0.63620319	-0.12887259	0.06542163
3519929.00000000	0.64156497	-0.12838998	-0.01670544
3514929.00000000	0.63782852	-0.12630234	-0.09912259
3509929.00000000	0.62494623	-0.12170407	-0.18191458
3504929.00000000	0.60189432	-0.11358148	-0.26402853
3499929.00000000	0.56935367	-0.10243066	-0.34117850
3494929.00000000	0.52682886	-0.08827859	-0.41350150
3489929.00000000	0.47769269	-0.07226218	-0.47470282
3484929.00000000	0.42034296	-0.05511035	-0.52810214
3479929.00000000	0.35665604	-0.03822339	-0.57283411
3474929.00000000	0.28920944	-0.02223883	-0.60849969
3469929.00000000	0.21838715	-0.00721124	-0.63610507
3464929.00000000	0.14403531	0.00772507	-0.65613409
3459929.00000000	0.06916919	0.02279410	-0.66770239
3454929.00000000	-0.00900824	0.03859033	-0.67075360
3449929.00000000	-0.08853720	0.05515933	-0.66420432
3444929.00000000	-0.16903055	0.07195084	-0.64709738
3439929.00000000	-0.24874484	0.08764517	-0.61895691
3434929.00000000	-0.32391504	0.10107285	-0.58087100
3429929.00000000	-0.39504755	0.11225143	-0.53254715
3424929.00000000	-0.45839182	0.12051477	-0.47644662
3419929.00000000	-0.51307196	0.12595975	-0.41415103
3414929.00000000	-0.55975540	0.12912225	-0.34564673
3409929.00000000	-0.59537393	0.13078134	-0.27739771
3404929.00000000	-0.62394186	0.13168741	-0.20370486
3399929.00000000	-0.64409183	0.13222748	-0.12821121
3394929.00000000	-0.65622412	0.13233038	-0.04982480
3389929.00000000	-0.65995856	0.13158337	0.03193234
3384929.00000000	-0.65446933	0.12899707	0.11603116
3379929.00000000	-0.63947690	0.12351697	0.19945840
3374929.00000000	-0.61415054	0.11442505	0.28190598
3369929.00000000	-0.57856686	0.10139407	0.35961230
3364929.00000000	-0.53245911	0.08536673	0.43161023
3359929.00000000	-0.47829626	0.06792963	0.49377823
3354929.00000000	-0.41719498	0.05045349	0.54624689
3349929.00000000	-0.35084183	0.03361758	0.58899323
3344929.00000000	-0.28125220	0.01817325	0.62281723
3339929.00000000	-0.20706927	0.00303937	0.64883463
3334929.00000000	-0.13062241	-0.01189404	0.66635434
3329929.00000000	-0.05412097	-0.02668286	0.67509210
3324929.00000000	0.02700369	-0.04267535	0.67454922
3319929.00000000	0.10695383	-0.05870819	0.66391437
3314929.00000000	0.18910791	-0.07495718	0.64178433
3309929.00000000	0.26860049	-0.08938354	0.60858167
3304929.00000000	0.34661176	-0.10146756	0.56349384
3299929.00000000	0.41534662	-0.10989432	0.51154318
3294929.00000000	0.47743237	-0.11524487	0.45205661
3289929.00000000	0.53143167	-0.11767651	0.38655734
3284929.00000000	0.57572607	-0.11804132	0.31823611
3279929.00000000	0.61104605	-0.11730273	0.24789514
3274929.00000000	0.63845065	-0.11603778	0.17347287
3269929.00000000	0.65717706	-0.11452017	0.09844971
3264929.00000000	0.66766071	-0.11250101	0.02007706
3259929.00000000	0.66916751	-0.10963330	-0.05923181
3254929.00000000	0.66089682	-0.10520700	-0.14068250
3249929.00000000	0.64229065	-0.09904544	-0.22019284
3244929.00000000	0.61319846	-0.09096539	-0.29723843
3239929.00000000	0.57370642	-0.08110687	-0.37016663
3234929.00000000	0.52513760	-0.06973990	-0.43683582
3229929.00000000	0.46876675	-0.05727200	-0.49572409
3224929.00000000	0.40529645	-0.04441571	-0.54668634
3219929.00000000	0.33856259	-0.03203784	-0.58790405
3214929.00000000	0.26848804	-0.02038086	-0.62078345
3209929.00000000	0.19383240	-0.00864935	-0.64632996
3204929.00000000	0.11937085	0.00207361	-0.66336969
3199929.00000000	0.04105173	0.01366092	-0.67245605
3194929.00000000	-0.03869952	0.02580475	-0.67254025
3189929.00000000	-0.11854996	0.03850162	-0.66296594
3184929.00000000	-0.19939758	0.05151535	-0.64266513
3179929.00000000	-0.27630911	0.06397067	-0.61243155
3174929.00000000	-0.35122647	0.07612964	-0.57122354
3169929.00000000	-0.41648959	0.08637137	-0.52346320
3164929.00000000	-0.47587097	0.09511035	-0.46738568
3159929.00000000	-0.52835916	0.10201215	-0.40354291
3154929.00000000	-0.57030426	0.10699344	-0.33835071
3149929.00000000	-0.60486954	0.11097418	-0.26833347
3144929.00000000	-0.63127335	0.11432593	-0.19561679
3139929.00000000	-0.64964853	0.11744931	-0.12034924
3134929.00000000	-0.65981476	0.12002710	-0.04134167
3129929.00000000	-0.66095319	0.12182437	0.04098578
3124929.00000000	-0.65253180	0.12137100	0.12244547
3119929.00000000	-0.63347937	0.11784128	0.20658136
3114929.00000000	-0.60434781	0.11083347	0.28743463
3109929.00000000	-0.56446713	0.09989697	0.36528036
3104929.00000000	-0.51588696	0.08609827	0.43507501
3099929.00000000	-0.45936435	0.07038959	0.49649228
3094929.00000000	-0.39605634	0.05438785	0.54882904
3089929.00000000	-0.32934805	0.03924808	0.59070609
3084929.00000000	-0.25832529	0.02507101	0.62428998
3079929.00000000	-0.18389520	0.01223349	0.64941739
3074929.00000000	-0.10904633	-0.00073080	0.66588962
3069929.00000000	-0.03049316	-0.01415988	0.67401392
3064929.00000000	0.04864835	-0.02819455	0.67265292
3059929.00000000	0.12881412	-0.04254044	0.66102423
3054929.00000000	0.20804590	-0.05655551	0.63847559
3049929.00000000	0.28513358	-0.06908389	0.60469705
3044929.00000000	0.35678964	-0.07942926	0.56154526
3039929.00000000	0.42247610	-0.08707059	0.50952594
3034929.00000000	0.48023761	-0.09227338	0.45105124
3029929.00000000	0.53034531	-0.09548721	0.38666675
3024929.00000000	0.57124451	-0.09728281	0.31938895
3019929.00000000	0.60424582	-0.09839038	0.24812912
3014929.00000000	0.62873285	-0.09924753	0.17488364
3009929.00000000	0.64492856	-0.10010556	0.09936871
3004929.00000000	0.65265027	-0.10076566	0.02048929
2999929.00000000	0.65084055	-0.10046570	-0.06062109
2994929.00000000	0.63914920	-0.09854105	-0.14117349
2989929.00000000	0.61646475	-0.09405856	-0.22261777
2984929.00000000	0.58320331	-0.08694141	-0.30036081
2979929.00000000	0.53941632	-0.07716165	-0.37353018
2974929.00000000	0.48718356	-0.06542407	-0.43878094
2969929.00000000	0.42625702	-0.05249200	-0.49698862
2964929.00000000	0.36188229	-0.03983014	-0.54449918
2959929.00000000	0.29317847	-0.02762393	-0.58355856
2954929.00000000	0.22041266	-0.01578067	-0.61477933
2949929.00000000	0.14555466	-0.00448160	-0.63761868
2944929.00000000	0.06838800	0.00685358	-0.65211612
2939929.00000000	-0.01069608	0.01851886	-0.65779346
2934929.00000000	-0.09088425	0.03079269	-0.65357034
2929929.00000000	-0.17137418	0.04321848	-0.63845618
2924929.00000000	-0.24997345	0.05505038	-0.61210242
2919929.00000000	-0.32622781	0.06539893	-0.57392838
2914929.00000000	-0.39552536	0.07337265	-0.52658609
2909929.00000000	-0.45772223	0.07878799	-0.47117630
2904929.00000000	-0.51235974	0.08206970	-0.40905594
2899929.00000000	-0.55817145	0.08364224	-0.34280826
2894929.00000000	-0.59559024	0.08415820	-0.27333643
2889929.00000000	-0.62572012	0.08411588	-0.19948746
2884929.00000000	-0.64706509	0.08376834	-0.12582095
2879929.00000000	-0.66099243	0.08332080	-0.04831155
2874929.00000000	-0.66642456	0.08214905	0.03274387
2869929.00000000	-0.66262793	0.08026224	0.11238925
2864929.00000000	-0.64856686	0.07659082	0.19407016
2859929.00000000	-0.62409140	0.07129147	0.27347360
2854929.00000000	-0.58905908	0.06423590	0.34878568
2849929.00000000	-0.54434631	0.05616641	0.41819626
2844929.00000000	-0.49216565	0.04776431	0.47927426
2839929.00000000	-0.43139737	0.03878302	0.53362503
2834929.00000000	-0.36839038	0.03040634	0.57712851
2829929.00000000	-0.29958871	0.02245764	0.61363678
2824929.00000000	-0.22731543	0.01465292	0.64209247
2819929.00000000	-0.15420050	0.00722955	0.66198691
2814929.00000000	-0.07663925	-0.00100961	0.67407581
2809929.00000000	0.00183127	-0.00997040	0.67688916
2804929.00000000	0.08304855	-0.02029443	0.66978879
2799929.00000000	0.16510153	-0.03096756	0.65156018
2794929.00000000	0.24586618	-0.04176535	0.62202292
2789929.00000000	0.32261212	-0.05140637	0.58205829
2784929.00000000	0.39405603	-0.05933447	0.53296777
2779929.00000000	0.45818359	-0.06510400	0.47639001
2774929.00000000	0.51479147	-0.06898621	0.41352832
2769929.00000000	0.56150635	-0.07138040	0.34776657
2764929.00000000	0.60009280	-0.07300977	0.27825327
2759929.00000000	0.63100174	-0.07430609	0.20425107
2754929.00000000	0.65204303	-0.07526987	0.13276779
2749929.00000000	0.66581863	-0.07613461	0.05602298
2744929.00000000	0.67049826	-0.07646259	-0.02291718
2739929.00000000	0.66550046	-0.07588269	-0.10103131
2734929.00000000	0.64967349	-0.07378036	-0.18110400
2729929.00000000	0.62325272	-0.07000784	-0.25770813
2724929.00000000	0.58530981	-0.06420453	-0.33252664
2719929.00000000	0.53844839	-0.05709442	-0.40025388
2714929.00000000	0.48211020	-0.04892233	-0.46234415
2709929.00000000	0.42044348	-0.04049722	-0.51508072
2704929.00000000	0.35429269	-0.03231366	-0.55944232
2699929.00000000	0.28315277	-0.02441772	-0.59629883
2694929.00000000	0.21006516	-0.01688828	-0.62449539
2689929.00000000	0.13402661	-0.00931186	-0.64486777
2684929.00000000	0.05560446	-0.00152438	-0.65655093
2679929.00000000	-0.02483078	0.00675735	-0.65897910
2674929.00000000	-0.10639749	0.01533813	-0.65138321
2669929.00000000	-0.18789050	0.02390149	-0.63303049
2664929.00000000	-0.26888129	0.03215073	-0.60318314
2659929.00000000	-0.34611270	0.03927533	-0.56301602
2654929.00000000	-0.41639719	0.04493906	-0.51440256
2649929.00000000	-0.48034103	0.04919803	-0.45747430
2644929.00000000	-0.53534351	0.05222641	-0.39534259
2639929.00000000	-0.58063898	0.05420602	-0.33006461
2634929.00000000	-0.61868875	0.05564468	-0.25895255
2629929.00000000	-0.64646231	0.05671841	-0.18917795
2624929.00000000	-0.66683609	0.05779773	-0.11505472
2619929.00000000	-0.67861444	0.05874945	-0.03848410
2614929.00000000	-0.68101697	0.05951984	0.03830261
2609929.00000000	-0.67333020	0.06020300	0.11745975
2604929.00000000	-0.65488571	0.06004034	0.19487805
2599929.00000000	-0.62499271	0.05916522	0.27104376
2594929.00000000	-0.58472968	0.05723224	0.34282697
2589929.00000000	-0.53595834	0.05417673	0.40827890
2584929.00000000	-0.47785107	0.04956812	0.46838031
2579929.00000000	-0.41608737	0.04419800	0.51843112
2574929.00000000	-0.34959625	0.03824854	0.56070105
2569929.00000000	-0.27808786	0.03190717	0.59532285
2564929.00000000	-0.20621722	0.02589139	0.62086688
2559929.00000000	-0.13026431	0.01964056	0.63886328
2554929.00000000	-0.05096060	0.01285733	0.64830817
2549929.00000000	0.02722141	0.00568915	0.64836292
2544929.00000000	0.10860876	-0.00233102	0.63865546
2539929.00000000	0.18943045	-0.01102835	0.61829224
2534929.00000000	0.26817645	-0.01953827	0.58738788
2529929.00000000	0.34371631	-0.02788934	0.54611496
2524929.00000000	0.41271832	-0.03519662	0.49663708
2519929.00000000	0.47591266	-0.04168011	0.43882651
2514929.00000000	0.52973291	-0.04692285	0.37669077
2509929.00000000	0.57571036	-0.05125540	0.30951263
2504929.00000000	0.61376822	-0.05497092	0.23786719
2499929.00000000	0.64199329	-0.05811932	0.16708453
2494929.00000000	0.66311713	-0.06114227	0.09161005
2489929.00000000	0.67560745	-0.06396387	0.01480112
2484929.00000000	0.67911542	-0.06649756	-0.06436383
2479929.00000000	0.67253210	-0.06844382	-0.14518173
2474929.00000000	0.65500647	-0.06937711	-0.22454410
2469929.00000000	0.62670340	-0.06896381	-0.29991534
2464929.00000000	0.58725198	-0.06691516	-0.37146472
2459929.00000000	0.53841498	-0.06354697	-0.43581302
2454929.00000000	0.48061874	-0.05882242	-0.49313641
2449929.00000000	0.41741934	-0.05363840	-0.54119623
2444929.00000000	0.34899924	-0.04798944	-0.58124890
2439929.00000000	0.27687537	-0.04256183	-0.61324066
2434929.00000000	0.20293286	-0.03725900	-0.63702292
2429929.00000000	0.12469208	-0.03181616	-0.65337506
2424929.00000000	0.04425168	-0.02606540	-0.66129355
2419929.00000000	-0.03730157	-0.01989969	-0.66045483
2414929.00000000	-0.12103183	-0.01278821	-0.65003455
2409929.00000000	-0.20353522	-0.00507050	-0.62979880
2404929.00000000	-0.28504971	0.00324774	-0.59899957
2399929.00000000	-0.36044583	0.01151480	-0.55915112
2394929.00000000	-0.43094852	0.01959790	-0.50937766
2389929.00000000	-0.49104208	0.02665710	-0.45399020
2384929.00000000	-0.54258563	0.03261417	-0.39302963
2379929.00000000	-0.58642133	0.03753094	-0.32650949
2374929.00000000	-0.62116907	0.04165503	-0.25735046
2369929.00000000	-0.64795331	0.04541394	-0.18526120
2364929.00000000	-0.66678723	0.04902957	-0.11009558
2359929.00000000	-0.67711432	0.05260983	-0.03270209
2354929.00000000	-0.67819266	0.05591052	0.04609705
2349929.00000000	-0.66931958	0.05869543	0.12669583
2344929.00000000	-0.64958334	0.06030414	0.20683408
2339929.00000000	-0.61960928	0.06032870	0.28294675
2334929.00000000	-0.57922192	0.05870221	0.35468683
2329929.00000000	-0.53016556	0.05584378	0.41941330
2324929.00000000	-0.47285846	0.05206848	0.47697864
2319929.00000000	-0.41050894	0.04797751	0.52556415
2314929.00000000	-0.34147632	0.04389474	0.56700537
2309929.00000000	-0.27218237	0.04024411	0.59859811
2304929.00000000	-0.19878210	0.03700134	0.62268576
2299929.00000000	-0.12117459	0.03388574	0.63905948
2294929.00000000	-0.04351968	0.03096350	0.64648874
2289929.00000000	0.03791904	0.02761057	0.64493475
2284929.00000000	0.12017914	0.02348456	0.63363443
2279929.00000000	0.20172162	0.01848010	0.61255469
2274929.00000000	0.28251263	0.01223761	0.58078601
2269929.00000000	0.35745728	0.00537192	0.54035220
2264929.00000000	0.42698602	-0.00204141	0.49090381
2259929.00000000	0.48730667	-0.00905658	0.43583594
2254929.00000000	0.53913550	-0.01542456	0.37546384
2249929.00000000	0.58277933	-0.02102603	0.31035797
2244929.00000000	0.61768445	-0.02595654	0.24271567
2239929.00000000	0.64432632	-0.03056799	0.17313849
2234929.00000000	0.66353775	-0.03502954	0.09862460
2229929.00000000	0.67366583	-0.03919208	0.02418967
2224929.00000000	0.67466840	-0.04296851	-0.05415640
2219929.00000000	0.66522534	-0.04577197	-0.13350262
2214929.00000000	0.64504980	-0.04713153	-0.21105170
2209929.00000000	0.61378775	-0.04687463	-0.28671655
2204929.00000000	0.57286841	-0.04511438	-0.35684512
2199929.00000000	0.52231946	-0.04217969	-0.42159048
2194929.00000000	0.46486664	-0.03856796	-0.47806000
2189929.00000000	0.40117426	-0.03463245	-0.52673196
2184929.00000000	0.33207782	-0.03077173	-0.56746234
2179929.00000000	0.26259128	-0.02732321	-0.59856131
2174929.00000000	0.18843985	-0.02426797	-0.62217093
2169929.00000000	0.11175989	-0.02144589	-0.63775266
2164929.00000000	0.03305984	-0.01872867	-0.64474911
2159929.00000000	-0.04912317	-0.01557001	-0.64280792
2154929.00000000	-0.13106104	-0.01235098	-0.63129034
2149929.00000000	-0.21364764	-0.00864407	-0.60944653
2144929.00000000	-0.29406595	-0.00462949	-0.57742514
2139929.00000000	-0.37004709	-0.00052557	-0.53599216
2134929.00000000	-0.43846130	0.00322766	-0.48652618
2129929.00000000	-0.49821967	0.00659946	-0.43064105
2124929.00000000	-0.54952002	0.00938794	-0.36878888
2119929.00000000	-0.59196414	0.01156857	-0.30254370
2114929.00000000	-0.62537845	0.01336725	-0.23343103
2109929.00000000	-0.65062378	0.01492352	-0.16076202
2104929.00000000	-0.66749908	0.01640790	-0.08537741
2099929.00000000	-0.67543884	0.01789529	-0.00937149
2094929.00000000	-0.67403809	0.01963272	0.06982812
2089929.00000000	-0.66245340	0.02132123	0.14842590
2084929.00000000	-0.63969507	0.02303329	0.22660132
2079929.00000000	-0.60582675	0.02455948	0.30138174
2074929.00000000	-0.56160617	0.02569635	0.37082767
2069929.00000000	-0.50804813	0.02627789	0.43366583
2064929.00000000	-0.44834940	0.02640924	0.48744312
2059929.00000000	-0.38085529	0.02604642	0.53447961
2054929.00000000	-0.31221765	0.02568686	0.57120883
2049929.00000000	-0.23935675	0.02523859	0.60028058
2044929.00000000	-0.16281021	0.02508948	0.62138260
2039929.00000000	-0.08519366	0.02486945	0.63374979
2034929.00000000	-0.00338455	0.02473679	0.63749234
2029929.00000000	0.07974121	0.02414053	0.63164185
2024929.00000000	0.16342194	0.02303815	0.61550864
2019929.00000000	0.24496341	0.02121539	0.58943539
2014929.00000000	0.32218607	0.01861850	0.55405859
2009929.00000000	0.39465836	0.01527185	0.50939441
2004929.00000000	0.45937698	0.01148077	0.45734381
1999929.00000000	0.51466946	0.00764767	0.40018597
1994929.00000000	0.56205698	0.00375720	0.33727582
1989929.00000000	0.60000229	0.00008316	0.27141483
1984929.00000000	0.62961951	-0.00354004	0.20199005
1979929.00000000	0.65113907	-0.00724817	0.12785071
1974929.00000000	0.66299924	-0.01116092	0.05468469
1969929.00000000	0.66552252	-0.01556030	-0.02298825
1964929.00000000	0.65748914	-0.02028357	-0.10124628
1959929.00000000	0.63840652	-0.02520609	-0.17939951
1954929.00000000	0.60767545	-0.03009262	-0.25718268
1949929.00000000	0.56704584	-0.03440488	-0.33021860
1944929.00000000	0.51641409	-0.03779361	-0.39915140
1939929.00000000	0.45953796	-0.04002621	-0.45959866
1934929.00000000	0.39715091	-0.04115698	-0.51236960
1929929.00000000	0.32909479	-0.04188025	-0.55782330
1924929.00000000	0.25965817	-0.04208231	-0.59401892
1919929.00000000	0.18707785	-0.04250446	-0.62230380
1914929.00000000	0.11048743	-0.04273218	-0.64304446
1909929.00000000	0.03287793	-0.04274677	-0.65496036
1904929.00000000	-0.04848840	-0.04204645	-0.65793710
1899929.00000000	-0.13098224	-0.03985828	-0.65065112
1894929.00000000	-0.21051358	-0.03624329	-0.63341376
1889929.00000000	-0.28990955	-0.03049292	-0.60480103
1884929.00000000	-0.36292676	-0.02366074	-0.56663168
1879929.00000000	-0.43141330	-0.01590118	-0.51808987
1874929.00000000	-0.49093219	-0.00830301	-0.46290692
1869929.00000000	-0.54259094	-0.00112054	-0.40151764
1864929.00000000	-0.58702286	0.00547806	-0.33391324
1859929.00000000	-0.62101370	0.01113611	-0.26720258
1854929.00000000	-0.64864005	0.01682254	-0.19423239
1849929.00000000	-0.66779962	0.02243234	-0.11885516
1844929.00000000	-0.67778314	0.02790503	-0.04356366
1839929.00000000	-0.67827545	0.03362619	0.03666058
1834929.00000000	-0.66793115	0.03877383	0.11575894
1829929.00000000	-0.64593381	0.04302115	0.19567050
1824929.00000000	-0.61201663	0.04552695	0.27416901
1819929.00000000	-0.56747662	0.04615851	0.34791190
1814929.00000000	-0.51442459	0.04491861	0.41481531
1809929.00000000	-0.45435492	0.04238907	0.47402597
1804929.00000000	-0.38899496	0.03914279	0.52495377
1799929.00000000	-0.31915738	0.03560681	0.56789438
1794929.00000000	-0.24673163	0.03219324	0.60239011
1789929.00000000	-0.17022787	0.02912848	0.62933362
1784929.00000000	-0.09183047	0.02636713	0.64803391
1779929.00000000	-0.01208435	0.02377359	0.65851593
1774929.00000000	0.06974585	0.02132477	0.66018909
1769929.00000000	0.15236920	0.01868408	0.65194330
1764929.00000000	0.23254950	0.01649628	0.63345898
1759929.00000000	0.30944748	0.01436194	0.60450574
1754929.00000000	0.38128253	0.01266080	0.56504749
1749929.00000000	0.44637924	0.01115417	0.51631363
1744929.00000000	0.50273294	0.00972736	0.46052908
1739929.00000000	0.55235223	0.00830624	0.39649680
1734929.00000000	0.59147760	0.00701157	0.33101367
1729929.00000000	0.62318622	0.00581415	0.26105383
1724929.00000000	0.64770309	0.00449164	0.18646637
1719929.00000000	0.66364301	0.00294653	0.11118311
1714929.00000000	0.67133600	0.00101416	0.03234311
1709929.00000000	0.66969589	-0.00151157	-0.04847437
1704929.00000000	0.65799539	-0.00453763	-0.12897458
1699929.00000000	0.63540970	-0.00820261	-0.20953253
1694929.00000000	0.60287122	-0.01213828	-0.28555188
1689929.00000000	0.55921817	-0.01621527	-0.35839935
1684929.00000000	0.50814227	-0.01998807	-0.42263748
1679929.00000000	0.45053967	-0.02334558	-0.47861340
1674929.00000000	0.38576065	-0.02628665	-0.52771872
1669929.00000000	0.31733417	-0.02869568	-0.56796259
1664929.00000000	0.24500842	-0.03095862	-0.60019708
1659929.00000000	0.16777914	-0.03306586	-0.62499597
1654929.00000000	0.09176535	-0.03501324	-0.64060327
1649929.00000000	0.01053156	-0.03674240	-0.64818976
1644929.00000000	-0.07252249	-0.03784518	-0.64635440
1639929.00000000	-0.15491516	-0.03807361	-0.63445895
1634929.00000000	-0.23767297	-0.03709525	-0.61169415
1629929.00000000	-0.31465872	-0.03490942	-0.57924570
1624929.00000000	-0.38802762	-0.03147598	-0.53628067
1619929.00000000	-0.45316605	-0.02758548	-0.48576703
1614929.00000000	-0.50959177	-0.02355896	-0.42932471
1609929.00000000	-0.55962473	-0.01955740	-0.36512372
1604929.00000000	-0.59892340	-0.01608307	-0.30044885
1599929.00000000	-0.63144556	-0.01266824	-0.23046356
1594929.00000000	-0.65592392	-0.00920013	-0.15737921
1589929.00000000	-0.67185605	-0.00546707	-0.08321738
1584929.00000000	-0.67927454	-0.00124872	-0.00404892
1579929.00000000	-0.67677582	0.00360382	0.07612244
1574929.00000000	-0.66410138	0.00886270	0.15452124
1569929.00000000	-0.64013239	0.01458157	0.23354880
1564929.00000000	-0.60654346	0.01991666	0.30695514
1559929.00000000	-0.56173917	0.02485306	0.37783646
1554929.00000000	-0.50949435	0.02887494	0.44000763
1549929.00000000	-0.45072864	0.03179010	0.49452472
1544929.00000000	-0.38530569	0.03376468	0.54200385
1539929.00000000	-0.31799710	0.03509668	0.58033514
1534929.00000000	-0.24602356	0.03609607	0.61165097
1529929.00000000	-0.17026694	0.03693387	0.63532138
1524929.00000000	-0.09464047	0.03766345	0.65046500
1519929.00000000	-0.01386417	0.03818604	0.65762308
1514929.00000000	0.06620065	0.03834677	0.65536685
1509929.00000000	0.14841150	0.03795856	0.64317343
1504929.00000000	0.23036783	0.03718472	0.62055753
1499929.00000000	0.30951373	0.03601392	0.58778729
1494929.00000000	0.38253845	0.03427692	0.54668939
1489929.00000000	0.45032498	0.03243179	0.49679459
1484929.00000000	0.51090466	0.03008221	0.43974481
1479929.00000000	0.56234570	0.02764316	0.37804764
1474929.00000000	0.60492896	0.02536868	0.31290445
1469929.00000000	0.64034729	0.02286349	0.24253146
1464929.00000000	0.66708728	0.02002100	0.17006445
1459929.00000000	0.68569070	0.01655334	0.09487802
1454929.00000000	0.69548578	0.01219968	0.01619772
1449929.00000000	0.69529517	0.00679736	-0.06351505
1444929.00000000	0.68405844	0.00035815	-0.14424310
1439929.00000000	0.66124918	-0.00675903	-0.22317902
1434929.00000000	0.62712515	-0.01395013	-0.29859326
1429929.00000000	0.58121335	-0.02055557	-0.37073105
1424929.00000000	0.52772488	-0.02616180	-0.43391055
1419929.00000000	0.46531528	-0.03079672	-0.49092627
1414929.00000000	0.39817853	-0.03454944	-0.53881268
1409929.00000000	0.32816394	-0.03783463	-0.57773013
1404929.00000000	0.25434048	-0.04118359	-0.60869955
1399929.00000000	0.18039474	-0.04422430	-0.63113754
1394929.00000000	0.10020047	-0.04709711	-0.64664404
1389929.00000000	0.01663715	-0.05001559	-0.65343381
1384929.00000000	-0.06744995	-0.05224823	-0.65069684
1379929.00000000	-0.15412430	-0.05340479	-0.63732651
1374929.00000000	-0.23844312	-0.05299109	-0.61370331
1369929.00000000	-0.31929437	-0.05040225	-0.57959772
1364929.00000000	-0.39408432	-0.04634735	-0.53634229
1359929.00000000	-0.46127884	-0.04094241	-0.48483505
1354929.00000000	-0.52114948	-0.03495352	-0.42566116
1349929.00000000	-0.57110980	-0.02872687	-0.36224182
1344929.00000000	-0.61251270	-0.02247119	-0.29428946
1339929.00000000	-0.64588522	-0.01642966	-0.22191016
1334929.00000000	-0.67029861	-0.01046649	-0.14758359
1329929.00000000	-0.68641458	-0.00384915	-0.06899277
1324929.00000000	-0.69272256	0.00305347	0.01312753
1319929.00000000	-0.68838669	0.00967490	0.09312643
1314929.00000000	-0.67255872	0.01637000	0.17586185
1309929.00000000	-0.64550723	0.02217044	0.25536533
1304929.00000000	-0.60690625	0.02674280	0.33217966
1299929.00000000	-0.55854959	0.02963040	0.40266602
1294929.00000000	-0.50307901	0.03099356	0.46481058
1289929.00000000	-0.43904099	0.03122183	0.52098416
1284929.00000000	-0.37298697	0.03086188	0.56667114
1279929.00000000	-0.30187891	0.03046854	0.60511282
1274929.00000000	-0.22719000	0.03031189	0.63576010
1269929.00000000	-0.15018225	0.03038092	0.65826111
1264929.00000000	-0.06766312	0.03059891	0.67289502
1259929.00000000	0.01618091	0.03069186	0.67793503
1254929.00000000	0.10149548	0.03057257	0.67296234
1249929.00000000	0.18806177	0.02990634	0.65717950
1244929.00000000	0.27162109	0.02859464	0.63082184
1239929.00000000	0.35081989	0.02650601	0.59427393
1234929.00000000	0.42325610	0.02381000	0.54862607
1229929.00000000	0.48660785	0.02078961	0.49610211
1224929.00000000	0.54225562	0.01766833	0.43632419
1219929.00000000	0.58781226	0.01468015	0.37301053
1214929.00000000	0.62537018	0.01186929	0.30509616
1209929.00000000	0.65503546	0.00907654	0.23202841
1204929.00000000	0.67506287	0.00645535	0.15994931
1199929.00000000	0.68698758	0.00374112	0.08231445
1194929.00000000	0.68923462	0.00102899	0.00335114
1189929.00000000	0.68121564	-0.00163199	-0.07681964
1184929.00000000	0.66228244	-0.00418414	-0.15784222
1179929.00000000	0.63300748	-0.00621753	-0.23581833
1174929.00000000	0.59291681	-0.00804767	-0.31168161
1169929.00000000	0.54463416	-0.00967340	-0.38070682
1164929.00000000	0.48777026	-0.01125037	-0.44401663
1159929.00000000	0.42603351	-0.01294827	-0.49797812
1154929.00000000	0.36075064	-0.01480756	-0.54301544
1149929.00000000	0.28945868	-0.01668423	-0.58147098
1144929.00000000	0.21567126	-0.01860110	-0.61147018
1139929.00000000	0.13873730	-0.02047879	-0.63404031
1134929.00000000	0.05748618	-0.02226776	-0.64891794
1129929.00000000	-0.02489536	-0.02369479	-0.65492426
1124929.00000000	-0.10806985	-0.02435251	-0.65143506
1119929.00000000	-0.19010135	-0.02421368	-0.63768878
1114929.00000000	-0.27045273	-0.02345270	-0.61279471
1109929.00000000	-0.34453992	-0.02228790	-0.57765723
1104929.00000000	-0.41128278	-0.02104510	-0.53341766
1099929.00000000	-0.47133215	-0.01981281	-0.48022461
1094929.00000000	-0.52327795	-0.01851669	-0.42014417
1089929.00000000	-0.56611798	-0.01737668	-0.35637610
1084929.00000000	-0.60237634	-0.01613495	-0.28580692
1079929.00000000	-0.62886823	-0.01504645	-0.21606439
1074929.00000000	-0.64803802	-0.01408722	-0.14099255
1069929.00000000	-0.65866446	-0.01317053	-0.06061902
1064929.00000000	-0.65974622	-0.01245752	0.01981033
1059929.00000000	-0.65065585	-0.01183203	0.10455936
1054929.00000000	-0.63149402	-0.01122299	0.18739502
1049929.00000000	-0.60140079	-0.00995734	0.27063150
1044929.00000000	-0.56202975	-0.00789346	0.34837158
1039929.00000000	-0.51467926	-0.00503363	0.41871030
1034929.00000000	-0.45784967	-0.00134637	0.48375540
1029929.00000000	-0.39871152	0.00253043	0.53675476
1024929.00000000	-0.33345679	0.00650589	0.58297830
1019929.00000000	-0.26296280	0.01062390	0.62196140
1014929.00000000	-0.19121011	0.01466049	0.65220227
1009929.00000000	-0.11431332	0.01888293	0.67565567
1004929.00000000	-0.03452277	0.02337610	0.69064954
999929.00000000	0.04407565	0.02781720	0.69663138
994929.00000000	0.12641489	0.03243182	0.69288809
989929.00000000	0.20665640	0.03659052	0.67850769
984929.00000000	0.28479135	0.03992773	0.65268805
979929.00000000	0.35749301	0.04202228	0.61632806
974929.00000000	0.42316495	0.04269495	0.57077036
969929.00000000	0.48413071	0.04213931	0.51479422
964929.00000000	0.53428870	0.04084888	0.45514624
959929.00000000	0.57669534	0.03892844	0.39083728
954929.00000000	0.61430383	0.03657135	0.31691406
949929.00000000	0.64109604	0.03410318	0.24564886
944929.00000000	0.66096912	0.03131458	0.16839441
939929.00000000	0.67231848	0.02794650	0.08637057
934929.00000000	0.67392538	0.02391846	0.00741583
929929.00000000	0.66457745	0.01820502	-0.08403476
924929.00000000	0.64511749	0.01221869	-0.16742432
919929.00000000	0.61567859	0.00590469	-0.24786407
914929.00000000	0.57322122	-0.00090387	-0.32981863
909929.00000000	0.52704315	-0.00678394	-0.39684592
904929.00000000	0.46826950	-0.01270102	-0.46281149
899929.00000000	0.40645236	-0.01777121	-0.51704501
894929.00000000	0.34327716	-0.02207388	-0.56077832
889929.00000000	0.26765018	-0.02641809	-0.60148602
884929.00000000	0.19713223	-0.02988739	-0.63006628
879929.00000000	0.11770657	-0.03332516	-0.65273328
874929.00000000	0.03525107	-0.03657687	-0.66653888
869929.00000000	-0.04143802	-0.03906677	-0.67045367
864929.00000000	-0.13066968	-0.04133600	-0.66397125
859929.00000000	-0.21176495	-0.04260318	-0.64693280
854929.00000000	-0.29157590	-0.04289664	-0.61857770
849929.00000000	-0.36569727	-0.04215317	-0.57987628
844929.00000000	-0.43250046	-0.04077426	-0.53238727
839929.00000000	-0.49187250	-0.03861691	-0.47672855
834929.00000000	-0.54175552	-0.03645273	-0.41628262
829929.00000000	-0.58517624	-0.03409430	-0.34847409
824929.00000000	-0.61912094	-0.03194931	-0.27905371
819929.00000000	-0.64508316	-0.02962503	-0.20669415
814929.00000000	-0.66370605	-0.02647894	-0.12836877
809929.00000000	-0.67313892	-0.02311935	-0.04957831
804929.00000000	-0.67331909	-0.01943820	0.03445767
799929.00000000	-0.66335300	-0.01534500	0.11912192
794929.00000000	-0.64315198	-0.01026617	0.20267392
789929.00000000	-0.61282812	-0.00466705	0.28270770
784929.00000000	-0.57344025	0.00145453	0.35673196
779929.00000000	-0.52472098	0.00742511	0.42500665
774929.00000000	-0.46903430	0.01372849	0.48450470
769929.00000000	-0.40875513	0.01872986	0.53471063
764929.00000000	-0.34209122	0.02319714	0.57784381
759929.00000000	-0.27250800	0.02696530	0.61244266
754929.00000000	-0.19888580	0.03036716	0.63947412
749929.00000000	-0.11888654	0.03370319	0.65899127
744929.00000000	-0.03999838	0.03654327	0.66923358
739929.00000000	0.04522458	0.03902136	0.67052539
734929.00000000	0.13011530	0.04071689	0.66148135
729929.00000000	0.21611380	0.04128830	0.64141037
724929.00000000	0.29823679	0.04059238	0.61070511
719929.00000000	0.37316736	0.03873773	0.57095715
714929.00000000	0.44499341	0.03554276	0.51925693
709929.00000000	0.50358261	0.03190210	0.46386166
704929.00000000	0.55521848	0.02804749	0.40135211
699929.00000000	0.59860550	0.02379523	0.33386456
694929.00000000	0.63279602	0.01952597	0.26456302
689929.00000000	0.66009747	0.01474835	0.18897110
684929.00000000	0.67808978	0.00971182	0.11204965
679929.00000000	0.68671259	0.00479108	0.03234454
674929.00000000	0.68516873	-0.00222046	-0.05142691
669929.00000000	0.67165771	-0.00860699	-0.13646677
664929.00000000	0.64607416	-0.01590219	-0.22098056
659929.00000000	0.60864493	-0.02203333	-0.30196182
654929.00000000	0.56153943	-0.02763629	-0.37615378
649929.00000000	0.50420865	-0.03294391	-0.44505301
644929.00000000	0.44127225	-0.03725323	-0.50384961
639929.00000000	0.37321768	-0.04080096	-0.55397980
634929.00000000	0.29991315	-0.04427475	-0.59609488
629929.00000000	0.22603793	-0.04724237	-0.62852911
624929.00000000	0.14442773	-0.05057953	-0.65402628
619929.00000000	0.06165414	-0.05354974	-0.67012955
614929.00000000	-0.02427338	-0.05560904	-0.67694574
609929.00000000	-0.11334634	-0.05668304	-0.67328134
604929.00000000	-0.19923322	-0.05597772	-0.65878796
599929.00000000	-0.28492093	-0.05328015	-0.63240393
594929.00000000	-0.36257864	-0.04852341	-0.59615152
589929.00000000	-0.43356885	-0.04201407	-0.54996341
584929.00000000	-0.49478485	-0.03467590	-0.49673364
579929.00000000	-0.54748422	-0.02722079	-0.43716977
574929.00000000	-0.59179092	-0.01933383	-0.37265680
569929.00000000	-0.62823145	-0.01211295	-0.30345633
564929.00000000	-0.65671182	-0.00498941	-0.22993002
559929.00000000	-0.67621555	0.00274469	-0.15447699
554929.00000000	-0.68680264	0.01097290	-0.07547791
549929.00000000	-0.68748874	0.01976840	0.00512054
544929.00000000	-0.67752429	0.02878873	0.08822064
539929.00000000	-0.65670694	0.03718427	0.17132791
534929.00000000	-0.62510397	0.04523285	0.25283267
529929.00000000	-0.58464569	0.05235281	0.32840045
524929.00000000	-0.53593436	0.05818845	0.39789114
519929.00000000	-0.48105811	0.06262976	0.45907507
514929.00000000	-0.42152252	0.06592267	0.51161365
509929.00000000	-0.35553006	0.06844952	0.55724472
504929.00000000	-0.28838522	0.07044427	0.59317905
499929.00000000	-0.21686850	0.07231012	0.62185574
494929.00000000	-0.14203891	0.07415823	0.64275247
489929.00000000	-0.06459521	0.07555264	0.65532120
484929.00000000	0.01858572	0.07604282	0.65927167
479929.00000000	0.10353311	0.07496494	0.65314706
474929.00000000	0.19073471	0.07167203	0.63606204
469929.00000000	0.27201764	0.06585678	0.60984030
464929.00000000	0.34890582	0.05761218	0.57447778
459929.00000000	0.42186206	0.04773422	0.52978693
454929.00000000	0.48563095	0.03706854	0.47928378
449929.00000000	0.54047473	0.02669662	0.42399854
444929.00000000	0.58786716	0.01675171	0.36337979
439929.00000000	0.62608932	0.00768222	0.30075876
434929.00000000	0.65676633	-0.00113098	0.23389691
429929.00000000	0.67914551	-0.00944818	0.16227725
424929.00000000	0.69109052	-0.01799097	0.09287158
419929.00000000	0.69324753	-0.02763882	0.01896494
414929.00000000	0.68400162	-0.03645224	-0.05623581
409929.00000000	0.66255545	-0.04392233	-0.13340704
404929.00000000	0.62977908	-0.05009552	-0.20705304
399929.00000000	0.58710736	-0.05453311	-0.27570541
394929.00000000	0.53348721	-0.05748935	-0.34047672
389929.00000000	0.47566516	-0.05877194	-0.39373596
384929.00000000	0.41059232	-0.05861414	-0.43960156
379929.00000000	0.34144873	-0.05707919	-0.47527661
374929.00000000	0.26427036	-0.05509998	-0.50356671
369929.00000000	0.18575189	-0.05388916	-0.51936136
364929.00000000	0.10877164	-0.05308441	-0.52545404
359929.00000000	0.02856573	-0.05076813	-0.52453561
354929.00000000	-0.05190082	-0.04821210	-0.51740530
349929.00000000	-0.13226459	-0.04434821	-0.50495996
344929.00000000	-0.23668341	-0.01468912	-0.47319232
339929.00000000	-0.30824448	-0.00736307	-0.44507767
334929.00000000	-0.37110718	-0.00008151	-0.41204056
329929.00000000	-0.42542209	0.00718802	-0.37313239
324929.00000000	-0.46847418	0.01359479	-0.32991980
319929.00000000	-0.50047104	0.01903336	-0.28339716
314929.00000000	-0.52048782	0.02318967	-0.23554123
309929.00000000	-0.52762912	0.02606464	-0.19120087
304929.00000000	-0.52241513	0.02813440	-0.14947867
299929.00000000	-0.50608813	0.02979761	-0.11193646
294929.00000000	-0.48087714	0.03123825	-0.07807202
289929.00000000	-0.44852368	0.03252283	-0.04593823
284929.00000000	-0.41118832	0.03358481	-0.01562088
279929.00000000	-0.36874915	0.03422211	0.01369913
274929.00000000	-0.32355405	0.03411472	0.04012576
269929.00000000	-0.27262247	0.03267456	0.06410504
264929.00000000	-0.22072339	0.02963654	0.08258646
259929.00000000	-0.16664188	0.02478729	0.09664911
254929.00000000	-0.11225113	0.01874359	0.10570480
249929.00000000	-0.06319803	0.01264453	0.11010251
244929.00000000	-0.01871899	0.00703018	0.11130219
239929.00000000	0.01920163	0.00278265	0.11020850
234929.00000000	0.05079007	0.00007498	0.10782098
229929.00000000	0.07707941	-0.00132275	0.10484818
224929.00000000	0.09872443	-0.00178769	0.10173480
219929.00000000	0.11641156	-0.00195660	0.09828519
214929.00000000	0.12863196	-0.00224402	0.09471130
209929.00000000	0.13527612	-0.00306027	0.09030893
204929.00000000	0.13563791	-0.00423392	0.08489441
199929.00000000	0.13039481	-0.00537115	0.07869321
194929.00000000	0.12096201	-0.00621512	0.07190799
189929.00000000	0.10888678	-0.00662152	0.06488232
184929.00000000	0.09679990	-0.00652628	0.05825824
179929.00000000	0.08486215	-0.00612555	0.05199554
174929.00000000	0.07409500	-0.00556326	0.04630273
169929.00000000	0.06480270	-0.00494611	0.04160953
164929.00000000	0.05646909	-0.00436353	0.03738208
159929.00000000	0.04957538	-0.00380960	0.03377448
154929.00000000	0.04364627	-0.00333517	0.03049323
149929.00000000	0.03868530	-0.00288782	0.02763229
144929.00000000	0.03441623	-0.00250543	0.02512845
139929.00000000	0.03065045	-0.00218396	0.02288538
