8062992.00000000	0.00994864	0.00037729	0.02120673
8055992.00000000	0.01064227	0.00037067	0.02403006
8048992.00000000	0.01164240	0.00035593	0.02749106
8041992.00000000	0.01280078	0.00033902	0.03156113
8034992.00000000	0.01422702	0.00029422	0.03658502
8027992.00000000	0.01575089	0.00023312	0.04272440
8020992.00000000	0.01738147	0.00012100	0.05030292
8013992.00000000	0.01935922	-0.00002527	0.05973062
8006992.00000000	0.02161017	-0.00032596	0.07147885
7999992.00000000	0.02429208	-0.00071188	0.08622821
7992992.00000000	0.02734058	-0.00127399	0.10384290
7985992.00000000	0.03095700	-0.00198239	0.12403210
7978992.00000000	0.03510864	-0.00251007	0.14354272
7971992.00000000	0.04019318	-0.00250644	0.15778186
7964992.00000000	0.04664368	-0.00178400	0.16075613
7957992.00000000	0.05529456	-0.00036874	0.15025558
7950992.00000000	0.06588858	0.00116168	0.12822906
7943992.00000000	0.07878992	0.00219467	0.09697247
7936992.00000000	0.09432556	0.00268808	0.05586972
7929992.00000000	0.11201791	0.00225394	0.00397498
7922992.00000000	0.13104611	0.00097098	-0.06038538
7915992.00000000	0.14809689	-0.00063251	-0.13266873
7908992.00000000	0.15894342	-0.00096515	-0.20921832
7901992.00000000	0.15903888	0.00063156	-0.28329025
7894992.00000000	0.14763766	0.00298810	-0.35295319
7887992.00000000	0.12711847	0.00443643	-0.41627319
7880992.00000000	0.09872543	0.00435217	-0.47295432
7873992.00000000	0.06139355	0.00334760	-0.51850809
7866992.00000000	0.01131100	0.00214981	-0.54894635
7859992.00000000	-0.05282373	0.00125330	-0.56073257
7852992.00000000	-0.12735626	0.00061874	-0.55175323
7845992.00000000	-0.20705927	0.00018704	-0.52094769
7838992.00000000	-0.28333939	0.00013895	-0.47010852
7831992.00000000	-0.35530215	0.00052875	-0.40010867
7824992.00000000	-0.41965842	0.00133942	-0.31744614
7817992.00000000	-0.47756268	0.00226663	-0.22351764
7810992.00000000	-0.52399734	0.00319431	-0.12506796
7803992.00000000	-0.55553299	0.00336008	-0.02273828
7796992.00000000	-0.56832068	0.00288153	0.08156665
7789992.00000000	-0.56028336	0.00178873	0.18635873
7782992.00000000	-0.53044205	0.00039090	0.29164587
7775992.00000000	-0.48054489	-0.00148679	0.39133176
7768992.00000000	-0.41203513	-0.00285593	0.48309543
7761992.00000000	-0.33026276	-0.00350778	0.55930682
7754992.00000000	-0.23687686	-0.00334909	0.61881335
7747992.00000000	-0.13969269	-0.00238522	0.65844077
7740992.00000000	-0.03896198	-0.00093777	0.68113303
7733992.00000000	0.06408118	0.00039474	0.68764764
7726992.00000000	0.16904865	0.00181519	0.67807571
7719992.00000000	0.27378024	0.00332098	0.65140005
7712992.00000000	0.37526114	0.00441595	0.60603891
7705992.00000000	0.47003183	0.00540454	0.54032648
7698992.00000000	0.54954141	0.00613354	0.45862027
7691992.00000000	0.61358698	0.00627008	0.36104340
7684992.00000000	0.65754523	0.00643811	0.25680246
7677992.00000000	0.68386588	0.00605426	0.14545749
7670992.00000000	0.69219128	0.00521677	0.03552368
7663992.00000000	0.68367737	0.00427826	-0.07699780
7656992.00000000	0.65714932	0.00259555	-0.18815057
7649992.00000000	0.61091272	-0.00044064	-0.29692685
7642992.00000000	0.54454919	-0.00373660	-0.39823914
7635992.00000000	0.46100040	-0.00740347	-0.48621588
7628992.00000000	0.36262082	-0.01057608	-0.55833780
7621992.00000000	0.25791568	-0.01243475	-0.61053500
7614992.00000000	0.14599231	-0.01322833	-0.64531851
7607992.00000000	0.03585352	-0.01343356	-0.66188541
7600992.00000000	-0.07815158	-0.01335980	-0.66232721
7593992.00000000	-0.18918463	-0.01289008	-0.64589001
7586992.00000000	-0.29977786	-0.01140173	-0.61091733
7579992.00000000	-0.40315997	-0.00905661	-0.55650919
7572992.00000000	-0.49445972	-0.00573898	-0.48347894
7565992.00000000	-0.56986240	-0.00186356	-0.39331161
7558992.00000000	-0.62455368	0.00139078	-0.29363959
7551992.00000000	-0.66049371	0.00366754	-0.18601215
7544992.00000000	-0.67802853	0.00535513	-0.07651379
7537992.00000000	-0.67819415	0.00747101	0.03710257
7530992.00000000	-0.66077142	0.00915784	0.14786044
7523992.00000000	-0.62302188	0.01095502	0.26121320
7516992.00000000	-0.56597955	0.01278619	0.36629437
7509992.00000000	-0.48813562	0.01341232	0.46290112
7502992.00000000	-0.39611734	0.01347253	0.54161676
7495992.00000000	-0.29344247	0.01311624	0.60128384
7488992.00000000	-0.18510074	0.01267776	0.64106201
7481992.00000000	-0.07635309	0.01278271	0.66177121
7474992.00000000	0.03585123	0.01321475	0.66539948
7467992.00000000	0.14586050	0.01407462	0.65169046
7460992.00000000	0.25728259	0.01469836	0.61892953
7453992.00000000	0.36164124	0.01469455	0.56753873
7446992.00000000	0.45906461	0.01347913	0.49612909
7439992.00000000	0.54131433	0.01111755	0.40954321
7432992.00000000	0.60656714	0.00797845	0.31014615
7425992.00000000	0.65169855	0.00450870	0.20497083
7418992.00000000	0.67814539	0.00131143	0.09630640
7411992.00000000	0.68686365	-0.00149911	-0.01410788
7404992.00000000	0.67791486	-0.00451938	-0.12404761
7397992.00000000	0.64923157	-0.00778140	-0.23618878
7390992.00000000	0.60033102	-0.01059393	-0.34194910
7383992.00000000	0.52879648	-0.01304816	-0.44190805
7376992.00000000	0.44048932	-0.01422290	-0.52604105
7369992.00000000	0.33815622	-0.01427539	-0.59320599
7362992.00000000	0.23084851	-0.01391425	-0.63965698
7355992.00000000	0.11980441	-0.01361978	-0.66732428
7348992.00000000	0.00803180	-0.01390649	-0.67682285
7341992.00000000	-0.10354190	-0.01477008	-0.66872427
7334992.00000000	-0.21486954	-0.01580417	-0.64180634
7327992.00000000	-0.32034256	-0.01637085	-0.59602585
7320992.00000000	-0.42102747	-0.01619617	-0.52924292
7313992.00000000	-0.50772675	-0.01520825	-0.44757349
7306992.00000000	-0.58117160	-0.01303275	-0.35071738
7299992.00000000	-0.63491574	-0.01028372	-0.24820401
7292992.00000000	-0.67072443	-0.00735315	-0.13979388
7285992.00000000	-0.68819641	-0.00454361	-0.03110324
7278992.00000000	-0.68848849	-0.00160092	0.07897949
7271992.00000000	-0.67073410	0.00179541	0.18890134
7264992.00000000	-0.63322452	0.00635464	0.29657626
7257992.00000000	-0.57378998	0.01155838	0.39950616
7250992.00000000	-0.49663016	0.01646704	0.48872849
7243992.00000000	-0.40209076	0.02051184	0.56394839
7236992.00000000	-0.30027774	0.02318973	0.61909784
7229992.00000000	-0.19091760	0.02461874	0.65627805
7222992.00000000	-0.08292014	0.02606662	0.67478500
7215992.00000000	0.02897412	0.02752438	0.67657825
7208992.00000000	0.13908417	0.02898196	0.66092880
7201992.00000000	0.25124634	0.02904788	0.62566156
7194992.00000000	0.35806134	0.02794196	0.57030914
7187992.00000000	0.45454626	0.02489172	0.49648337
7180992.00000000	0.53867819	0.01949405	0.40532953
7173992.00000000	0.60324274	0.01306271	0.30599841
7166992.00000000	0.64965201	0.00658398	0.19895123
7159992.00000000	0.67656363	0.00080713	0.09188647
7152992.00000000	0.68607095	-0.00472580	-0.01837729
7145992.00000000	0.67784439	-0.01032785	-0.12589465
7138992.00000000	0.64996194	-0.01659348	-0.23491962
7131992.00000000	0.60170404	-0.02268896	-0.33804401
7124992.00000000	0.53189618	-0.02712033	-0.43372403
7117992.00000000	0.44442142	-0.02950098	-0.51574832
7110992.00000000	0.34454596	-0.02993576	-0.58061151
7103992.00000000	0.23729941	-0.02990027	-0.62656866
7096992.00000000	0.12919135	-0.02918268	-0.65370773
7089992.00000000	0.01728723	-0.02884146	-0.66396362
7082992.00000000	-0.09199844	-0.02867841	-0.65742651
7075992.00000000	-0.20373630	-0.02870407	-0.63271512
7068992.00000000	-0.30960168	-0.02836508	-0.58986832
7061992.00000000	-0.41086060	-0.02681311	-0.52642883
7054992.00000000	-0.49837183	-0.02442987	-0.44671902
7047992.00000000	-0.57075571	-0.02080972	-0.35259433
7040992.00000000	-0.62414505	-0.01663409	-0.24989371
7033992.00000000	-0.65806769	-0.01245963	-0.14411130
7026992.00000000	-0.67434183	-0.00783481	-0.03606149
7019992.00000000	-0.67341241	-0.00308209	0.07207034
7012992.00000000	-0.65391785	0.00278995	0.18283957
7005992.00000000	-0.61524628	0.00971692	0.28862277
6998992.00000000	-0.55494778	0.01713815	0.39018964
6991992.00000000	-0.47643616	0.02401035	0.47892929
6984992.00000000	-0.38181009	0.02966946	0.55277521
6977992.00000000	-0.27735718	0.03388187	0.60786411
6970992.00000000	-0.16768396	0.03703238	0.64417227
6963992.00000000	-0.05585336	0.03930408	0.66263867
6956992.00000000	0.05636612	0.04150940	0.66458438
6949992.00000000	0.17148575	0.04295764	0.64892798
6942992.00000000	0.28247577	0.04294461	0.61520523
6935992.00000000	0.39038068	0.04050961	0.56044839
6928992.00000000	0.48431161	0.03535291	0.48819684
6921992.00000000	0.56299442	0.02858636	0.39838300
6914992.00000000	0.62073529	0.02201273	0.29920377
6907992.00000000	0.65929788	0.01617337	0.19294876
6900992.00000000	0.67946698	0.01087192	0.08571652
6893992.00000000	0.68282639	0.00568774	-0.02506387
6886992.00000000	0.66834451	-0.00022668	-0.13585632
6879992.00000000	0.63460168	-0.00749597	-0.24434583
6872992.00000000	0.57943344	-0.01582370	-0.34936560
6865992.00000000	0.50553885	-0.02420142	-0.44334183
6858992.00000000	0.41357257	-0.03198413	-0.52485028
6851992.00000000	0.31248291	-0.03802249	-0.58693713
6844992.00000000	0.20341684	-0.04255630	-0.63111435
6837992.00000000	0.09310425	-0.04591840	-0.65637238
6830992.00000000	-0.01815250	-0.04886911	-0.66464542
6823992.00000000	-0.13144089	-0.05078326	-0.65583554
6816992.00000000	-0.24629938	-0.05057837	-0.62797452
6809992.00000000	-0.35667023	-0.04794891	-0.58002887
6802992.00000000	-0.45526721	-0.04245505	-0.51354776
6795992.00000000	-0.53982703	-0.03476645	-0.42899863
6788992.00000000	-0.60335226	-0.02663367	-0.33519943
6781992.00000000	-0.64869183	-0.01892319	-0.23156161
6774992.00000000	-0.67457614	-0.01218918	-0.12662714
6767992.00000000	-0.68347379	-0.00563269	-0.01856314
6760992.00000000	-0.67480768	0.00147458	0.08925208
6753992.00000000	-0.64719095	0.00987878	0.19770093
6746992.00000000	-0.59909317	0.01988959	0.30284946
6739992.00000000	-0.53037177	0.02977573	0.40138068
6732992.00000000	-0.44388083	0.03799875	0.48827515
6725992.00000000	-0.34629950	0.04341324	0.55789380
6718992.00000000	-0.23979199	0.04636111	0.61070306
6711992.00000000	-0.13256033	0.04795450	0.64414688
6704992.00000000	-0.02196832	0.04938153	0.66065823
6697992.00000000	0.08799442	0.05098453	0.66032364
6690992.00000000	0.19929016	0.05260501	0.64200510
6683992.00000000	0.30631436	0.05353711	0.60472424
6676992.00000000	0.40623203	0.05326437	0.54714090
6669992.00000000	0.49449078	0.05141214	0.47048422
6662992.00000000	0.56641953	0.04712753	0.37939496
6655992.00000000	0.62022107	0.04063739	0.27783612
6648992.00000000	0.65455545	0.03286932	0.17275836
6641992.00000000	0.67165598	0.02427246	0.06354523
6634992.00000000	0.67156049	0.01495496	-0.04432080
6627992.00000000	0.65379822	0.00382779	-0.15418369
6620992.00000000	0.61721335	-0.00876273	-0.26064313
6613992.00000000	0.55990518	-0.02213300	-0.36285846
6606992.00000000	0.48382266	-0.03374319	-0.45455725
6599992.00000000	0.39262747	-0.04254898	-0.53178641
6592992.00000000	0.29119489	-0.04862390	-0.59162277
6585992.00000000	0.18489914	-0.05197031	-0.63307590
6578992.00000000	0.07531882	-0.05418579	-0.65744965
6571992.00000000	-0.03419086	-0.05608325	-0.66508261
6564992.00000000	-0.14622760	-0.05808823	-0.65597363
6557992.00000000	-0.25684726	-0.05909088	-0.62911212
6550992.00000000	-0.36469199	-0.05820752	-0.58253842
6543992.00000000	-0.46254156	-0.05459796	-0.51733707
6536992.00000000	-0.54614935	-0.04814767	-0.43483548
6529992.00000000	-0.61040454	-0.04003897	-0.34058731
6522992.00000000	-0.65469974	-0.03150299	-0.23878397
6515992.00000000	-0.68031268	-0.02316534	-0.13246045
6508992.00000000	-0.68863889	-0.01482947	-0.02550211
6501992.00000000	-0.67986081	-0.00520004	0.08389371
6494992.00000000	-0.65276205	0.00599927	0.19146933
6487992.00000000	-0.60426041	0.01908997	0.29902240
6480992.00000000	-0.53566296	0.03249921	0.39816058
6473992.00000000	-0.44833057	0.04470688	0.48625290
6466992.00000000	-0.34936203	0.05387628	0.55722342
6459992.00000000	-0.24303452	0.06032272	0.60993518
6452992.00000000	-0.13408813	0.06477411	0.64387064
6445992.00000000	-0.02358429	0.06857672	0.66050192
6438992.00000000	0.08912158	0.07211029	0.66010263
6431992.00000000	0.20090652	0.07446365	0.64194485
6424992.00000000	0.31239337	0.07428561	0.60364111
6417992.00000000	0.41414377	0.07036758	0.54629816
6410992.00000000	0.50470261	0.06232806	0.46962024
6403992.00000000	0.57661298	0.05126346	0.37988992
6396992.00000000	0.62973721	0.03839276	0.27944766
6389992.00000000	0.66313452	0.02582367	0.17542517
6382992.00000000	0.67923541	0.01339688	0.06760745
6375992.00000000	0.67833447	0.00056500	-0.04096976
6368992.00000000	0.65964798	-0.01389786	-0.14965427
6361992.00000000	0.62100375	-0.03004208	-0.25758853
6354992.00000000	0.56276984	-0.04574286	-0.35846609
6347992.00000000	0.48505063	-0.05872290	-0.45063934
6340992.00000000	0.39484763	-0.06696146	-0.52662622
6333992.00000000	0.29330011	-0.07084293	-0.58681171
6326992.00000000	0.18833746	-0.07192258	-0.62802200
6319992.00000000	0.07887744	-0.07192950	-0.65258105
6312992.00000000	-0.03070364	-0.07200430	-0.66002121
6305992.00000000	-0.14245200	-0.07191656	-0.65067615
6298992.00000000	-0.25409985	-0.07069138	-0.62297870
6291992.00000000	-0.36088928	-0.06700241	-0.57523630
6284992.00000000	-0.45793698	-0.06038489	-0.50750009
6277992.00000000	-0.53877444	-0.05128687	-0.42323694
6270992.00000000	-0.60173361	-0.04087344	-0.32482083
6263992.00000000	-0.64384766	-0.03021783	-0.22090430
6256992.00000000	-0.66818567	-0.01992099	-0.11134912
6249992.00000000	-0.67517511	-0.00996518	-0.00263000
6242992.00000000	-0.66499863	0.00127817	0.10902292
6235992.00000000	-0.63628873	0.01448349	0.21996228
6228992.00000000	-0.58728732	0.02905518	0.32705225
6221992.00000000	-0.51791483	0.04360394	0.42612204
6214992.00000000	-0.43194873	0.05599454	0.51078427
6207992.00000000	-0.33354285	0.06498871	0.57801065
6200992.00000000	-0.22925189	0.07128769	0.62589169
6193992.00000000	-0.11946973	0.07586337	0.65622598
6186992.00000000	-0.00985574	0.07990811	0.66900772
6179992.00000000	0.10371243	0.08383533	0.66468939
6172992.00000000	0.21553320	0.08632516	0.64245074
6165992.00000000	0.32669183	0.08499551	0.59990668
6158992.00000000	0.42816769	0.07872968	0.53854285
6151992.00000000	0.51700375	0.06781039	0.45930627
6144992.00000000	0.58770483	0.05418796	0.36718597
6137992.00000000	0.63816946	0.04030716	0.26796991
6130992.00000000	0.67016818	0.02723914	0.16301953
6123992.00000000	0.68417172	0.01510721	0.05765054
6116992.00000000	0.68100851	0.00226797	-0.05096533
6109992.00000000	0.65919763	-0.01215927	-0.15799799
6102992.00000000	0.61578564	-0.02861221	-0.26469299
6095992.00000000	0.55123218	-0.04437283	-0.36386157
6088992.00000000	0.46657422	-0.05786719	-0.45372717
6081992.00000000	0.36979092	-0.06703256	-0.52779349
6074992.00000000	0.26460107	-0.07234924	-0.58514395
6067992.00000000	0.15712250	-0.07529654	-0.62429593
6060992.00000000	0.04933591	-0.07766754	-0.64620563
6053992.00000000	-0.06075812	-0.08041074	-0.65177679
6046992.00000000	-0.16896725	-0.08324475	-0.64009818
6039992.00000000	-0.27675162	-0.08532217	-0.60911346
6032992.00000000	-0.37634781	-0.08598621	-0.55909634
6025992.00000000	-0.46789807	-0.08436356	-0.48936673
6018992.00000000	-0.54495172	-0.07937372	-0.40538486
6011992.00000000	-0.60630093	-0.07076086	-0.30933286
6004992.00000000	-0.64871655	-0.06004678	-0.20770871
5997992.00000000	-0.67356110	-0.04860037	-0.10219879
5990992.00000000	-0.68199509	-0.03670227	0.00609607
5983992.00000000	-0.67395108	-0.02307547	0.11476285
5976992.00000000	-0.64742142	-0.00596411	0.22499316
5969992.00000000	-0.60117297	0.01438080	0.32971823
5962992.00000000	-0.53334424	0.03654645	0.42634613
5955992.00000000	-0.44801361	0.05648792	0.50704474
5948992.00000000	-0.34793030	0.07172891	0.57074490
5941992.00000000	-0.24150696	0.08157935	0.61496472
5934992.00000000	-0.13071866	0.08795129	0.64135275
5927992.00000000	-0.01957932	0.09296719	0.65036191
5920992.00000000	0.09281766	0.09766107	0.64229242
5913992.00000000	0.20612601	0.10154913	0.61616284
5906992.00000000	0.31578500	0.10252844	0.57144052
5899992.00000000	0.42033206	0.09873819	0.50718515
5892992.00000000	0.50952533	0.09001794	0.42839664
5885992.00000000	0.58143216	0.07759897	0.33658563
5878992.00000000	0.63204883	0.06421222	0.23857248
5871992.00000000	0.66403070	0.05135718	0.13467334
5864992.00000000	0.67810718	0.03925204	0.02962970
5857992.00000000	0.67528204	0.02646652	-0.07818851
5850992.00000000	0.65436728	0.01164084	-0.18520309
5843992.00000000	0.61337299	-0.00588492	-0.28996213
5836992.00000000	0.55141840	-0.02486887	-0.38852927
5829992.00000000	0.47148840	-0.04261331	-0.47468906
5822992.00000000	0.37607465	-0.05733923	-0.54648920
5815992.00000000	0.27423859	-0.06814874	-0.59911447
5808992.00000000	0.16597226	-0.07574167	-0.63498792
5801992.00000000	0.05804907	-0.08163943	-0.65400198
5794992.00000000	-0.05322342	-0.08733484	-0.65707904
5787992.00000000	-0.16372968	-0.09239249	-0.64346051
5780992.00000000	-0.27455328	-0.09587109	-0.61153589
5773992.00000000	-0.38050922	-0.09570172	-0.56059933
5766992.00000000	-0.47584351	-0.09080063	-0.49217850
5759992.00000000	-0.55675577	-0.08114423	-0.40867572
5752992.00000000	-0.61835583	-0.06843478	-0.31541586
5745992.00000000	-0.66097119	-0.05474408	-0.21510327
5738992.00000000	-0.68509140	-0.04167392	-0.11305191
5731992.00000000	-0.69295444	-0.02862268	-0.00711575
5724992.00000000	-0.68404886	-0.01462558	0.09783688
5717992.00000000	-0.65592126	0.00191959	0.20455731
5710992.00000000	-0.60728888	0.02002426	0.30593658
5703992.00000000	-0.53673831	0.03779944	0.40044266
5696992.00000000	-0.44795667	0.05287671	0.48282053
5689992.00000000	-0.34750211	0.06416718	0.54921951
5682992.00000000	-0.23933917	0.07262762	0.59888867
5675992.00000000	-0.13011462	0.07973422	0.63059085
5668992.00000000	-0.01765170	0.08715689	0.64625549
5661992.00000000	0.09499332	0.09464868	0.64548770
5654992.00000000	0.21081570	0.10161655	0.62688559
5647992.00000000	0.32180231	0.10542892	0.58982892
5640992.00000000	0.42673431	0.10395581	0.53186313
5633992.00000000	0.51569693	0.09627164	0.45652829
5626992.00000000	0.58621436	0.08323437	0.36665256
5619992.00000000	0.63650888	0.06789536	0.26733142
5612992.00000000	0.66763293	0.05260001	0.16419678
5605992.00000000	0.68204630	0.03728995	0.05719666
5598992.00000000	0.67986276	0.02181262	-0.04957410
5591992.00000000	0.65960834	0.00436267	-0.15954666
5584992.00000000	0.62010947	-0.01432379	-0.26566989
5577992.00000000	0.55914133	-0.03364310	-0.36866513
5570992.00000000	0.48083951	-0.05074503	-0.45958524
5563992.00000000	0.38755106	-0.06476752	-0.53593466
5556992.00000000	0.28565067	-0.07480795	-0.59405289
5549992.00000000	0.17823514	-0.08201816	-0.63423288
5542992.00000000	0.06801810	-0.08802014	-0.65724643
5535992.00000000	-0.04308636	-0.09406107	-0.66351550
5528992.00000000	-0.15670807	-0.09959021	-0.65218906
5521992.00000000	-0.26792697	-0.10258356	-0.62173358
5514992.00000000	-0.37543204	-0.10072946	-0.57008536
5507992.00000000	-0.46887045	-0.09305301	-0.49980252
5500992.00000000	-0.54665167	-0.08036819	-0.41168353
5493992.00000000	-0.60255038	-0.06606320	-0.31550748
5486992.00000000	-0.63995126	-0.05172729	-0.21179147
5479992.00000000	-0.65925800	-0.03828915	-0.10691519
5472992.00000000	-0.66167087	-0.02458432	0.00108527
5465992.00000000	-0.64596353	-0.00958041	0.10981528
5458992.00000000	-0.61033823	0.00711313	0.21716754
5451992.00000000	-0.55248590	0.02498227	0.32232516
5444992.00000000	-0.47651685	0.04105161	0.41664935
5437992.00000000	-0.38334225	0.05439008	0.49982828
5430992.00000000	-0.28333252	0.06399673	0.56420563
5423992.00000000	-0.17602655	0.07117758	0.61180927
5416992.00000000	-0.06848889	0.07680481	0.64084991
5409992.00000000	0.04194687	0.08221408	0.65352167
5402992.00000000	0.15190002	0.08707312	0.64956219
5395992.00000000	0.26187082	0.09048923	0.62753543
5388992.00000000	0.36695947	0.09083075	0.58669177
5381992.00000000	0.46094681	0.08742630	0.52761679
5374992.00000000	0.54184735	0.08037680	0.45047421
5367992.00000000	0.60309454	0.07089697	0.36263153
5360992.00000000	0.64699045	0.06021130	0.26356152
5353992.00000000	0.67250058	0.04980643	0.16246570
5346992.00000000	0.68231110	0.03899448	0.05584668
5339992.00000000	0.67563324	0.02717227	-0.05103058
5332992.00000000	0.65032285	0.01277704	-0.16077716
5325992.00000000	0.60499820	-0.00368201	-0.26761859
5318992.00000000	0.53869525	-0.02125940	-0.36924042
5311992.00000000	0.45432263	-0.03753793	-0.45963235
5304992.00000000	0.35849051	-0.05097235	-0.53301825
5297992.00000000	0.25352075	-0.06163077	-0.58907635
5290992.00000000	0.14795932	-0.06973285	-0.62553442
5283992.00000000	0.03723914	-0.07720023	-0.64554422
5276992.00000000	-0.07236160	-0.08444736	-0.64881396
5269992.00000000	-0.18530692	-0.09137598	-0.63472086
5262992.00000000	-0.29386200	-0.09615289	-0.60268542
5255992.00000000	-0.39765475	-0.09699637	-0.55108826
5248992.00000000	-0.48892743	-0.09282184	-0.48165314
5241992.00000000	-0.56272247	-0.08447318	-0.39772583
5234992.00000000	-0.61792297	-0.07342816	-0.30211304
5227992.00000000	-0.65371375	-0.06179874	-0.20151575
5220992.00000000	-0.67276700	-0.05009375	-0.09598257
5213992.00000000	-0.67525470	-0.03823270	0.01039664
5206992.00000000	-0.66042770	-0.02461649	0.12005844
5199992.00000000	-0.62695996	-0.00907852	0.22727255
5192992.00000000	-0.57224588	0.00895874	0.33317081
5185992.00000000	-0.49915027	0.02716150	0.42888663
5178992.00000000	-0.40942606	0.04398898	0.51146207
5171992.00000000	-0.31035675	0.05739011	0.57548926
5164992.00000000	-0.20625278	0.06723505	0.62099338
5157992.00000000	-0.09926535	0.07522375	0.64937842
5150992.00000000	0.00847391	0.08221155	0.66156641
5143992.00000000	0.12083420	0.08878345	0.65754056
5136992.00000000	0.22978461	0.09439963	0.63621695
5129992.00000000	0.33902325	0.09694424	0.59424380
5122992.00000000	0.43642584	0.09488409	0.53354947
5115992.00000000	0.52163318	0.08725436	0.45315250
5108992.00000000	0.58704025	0.07642990	0.36106586
5101992.00000000	0.63416986	0.06393451	0.25947220
5094992.00000000	0.66325320	0.05149554	0.15374576
5087992.00000000	0.67568152	0.03861804	0.04639261
5080992.00000000	0.67136853	0.02416217	-0.06395837
5073992.00000000	0.64856076	0.00719293	-0.17355698
5066992.00000000	0.60460040	-0.01260065	-0.28176624
5059992.00000000	0.54078604	-0.03254953	-0.38050797
5052992.00000000	0.45763535	-0.05039120	-0.46799402
5045992.00000000	0.36344269	-0.06366766	-0.53698071
5038992.00000000	0.26029871	-0.07257343	-0.58844830
5031992.00000000	0.15431042	-0.07894199	-0.62149521
5024992.00000000	0.04546722	-0.08442706	-0.63763846
5017992.00000000	-0.06591586	-0.08961813	-0.63674927
5010992.00000000	-0.17812317	-0.09361789	-0.61779660
5003992.00000000	-0.29026572	-0.09460394	-0.57898169
4996992.00000000	-0.39380783	-0.09098251	-0.52141833
4989992.00000000	-0.48663361	-0.08209924	-0.44498212
4982992.00000000	-0.56003592	-0.06949271	-0.35720468
4975992.00000000	-0.61533612	-0.05500275	-0.25902032
4968992.00000000	-0.65097125	-0.04107590	-0.15783588
4961992.00000000	-0.66981583	-0.02789880	-0.05288095
4954992.00000000	-0.67188641	-0.01477856	0.05348102
4947992.00000000	-0.65620270	-0.00038486	0.16057996
4940992.00000000	-0.62046335	0.01576547	0.26590436
4933992.00000000	-0.56445758	0.03223953	0.36421356
4926992.00000000	-0.48761133	0.04728467	0.45385580
4919992.00000000	-0.39743338	0.05884323	0.52752536
4912992.00000000	-0.29500143	0.06721698	0.58632428
4905992.00000000	-0.19045868	0.07302139	0.62653159
4898992.00000000	-0.08041260	0.07802209	0.65120096
4891992.00000000	0.02982919	0.08319446	0.65949738
4884992.00000000	0.14383841	0.08824109	0.65046988
4877992.00000000	0.25742444	0.09159308	0.62307935
4870992.00000000	0.37187650	0.09022107	0.57297522
4863992.00000000	0.47198401	0.08199152	0.50343179
4856992.00000000	0.55312827	0.07027374	0.42013370
4849992.00000000	0.61577417	0.05588327	0.32372412
4842992.00000000	0.65755502	0.04221613	0.22322440
4835992.00000000	0.68230246	0.02912378	0.11748898
4828992.00000000	0.69012726	0.01655450	0.01097662
4821992.00000000	0.68015497	0.00259491	-0.09883249
4814992.00000000	0.65038770	-0.01311655	-0.20717667
4807992.00000000	0.59884601	-0.02989230	-0.31279135
4800992.00000000	0.52681549	-0.04558701	-0.41022952
4793992.00000000	0.43961118	-0.05817712	-0.49354248
4786992.00000000	0.34094354	-0.06762955	-0.56076932
4779992.00000000	0.23860834	-0.07419986	-0.60872882
4772992.00000000	0.13110986	-0.07966696	-0.64032944
4765992.00000000	0.02402271	-0.08468469	-0.65500861
4758992.00000000	-0.08757361	-0.08971329	-0.65315704
4751992.00000000	-0.19727167	-0.09304858	-0.63359549
4744992.00000000	-0.30640353	-0.09276434	-0.59398669
4737992.00000000	-0.40657230	-0.08767014	-0.53543637
4730992.00000000	-0.49429855	-0.07804532	-0.45932581
4723992.00000000	-0.56533762	-0.06557254	-0.36988824
4716992.00000000	-0.61725464	-0.05250656	-0.27270996
4709992.00000000	-0.65183047	-0.04015924	-0.16877710
4702992.00000000	-0.66907547	-0.02902051	-0.06338269
4695992.00000000	-0.66992841	-0.01729568	0.04705829
4688992.00000000	-0.65263034	-0.00418295	0.15683102
4681992.00000000	-0.61422333	0.01140247	0.26734454
4674992.00000000	-0.55496915	0.02789148	0.37002838
4667992.00000000	-0.47563376	0.04363098	0.46183981
4660992.00000000	-0.38225775	0.05676971	0.53642368
4653992.00000000	-0.27926483	0.06685623	0.59278360
4646992.00000000	-0.17072845	0.07423047	0.63077997
4639992.00000000	-0.06097391	0.08061725	0.65099844
4632992.00000000	0.05333264	0.08706284	0.65432831
4625992.00000000	0.16590701	0.09265448	0.63971414
4618992.00000000	0.28094617	0.09537357	0.60487500
4611992.00000000	0.38750961	0.09283322	0.55094794
4604992.00000000	0.48356116	0.08426810	0.47752350
4597992.00000000	0.56051059	0.07138083	0.39129440
4590992.00000000	0.61840433	0.05693692	0.29466873
4583992.00000000	0.65670724	0.04313593	0.19337689
4576992.00000000	0.67778168	0.03040860	0.08939734
4569992.00000000	0.68244568	0.01769348	-0.01764841
4562992.00000000	0.67006503	0.00387015	-0.12409634
4555992.00000000	0.63805966	-0.01204724	-0.23160150
4548992.00000000	0.58624420	-0.02827249	-0.33250592
4541992.00000000	0.51356992	-0.04332587	-0.42590472
4534992.00000000	0.42703430	-0.05477423	-0.50333759
4527992.00000000	0.32816299	-0.06241776	-0.56572693
4520992.00000000	0.22480801	-0.06683218	-0.60993552
4513992.00000000	0.11690961	-0.06979120	-0.63804691
4506992.00000000	0.00682437	-0.07235538	-0.65012762
4499992.00000000	-0.10555954	-0.07439752	-0.64580194
4492992.00000000	-0.21970142	-0.07480664	-0.62331470
4485992.00000000	-0.32871527	-0.07203845	-0.58148135
4478992.00000000	-0.43033572	-0.06542734	-0.51893549
4471992.00000000	-0.51495456	-0.05548499	-0.44081622
4464992.00000000	-0.58262671	-0.04368463	-0.34849832
4457992.00000000	-0.62981964	-0.03240948	-0.25144492
4450992.00000000	-0.66038400	-0.02154999	-0.14723300
4443992.00000000	-0.67363107	-0.01104608	-0.04265216
4436992.00000000	-0.66973257	0.00056693	0.06586835
4429992.00000000	-0.64654425	0.01349954	0.17476715
4422992.00000000	-0.60266714	0.02708701	0.28162299
4415992.00000000	-0.53839041	0.03944711	0.38265717
4408992.00000000	-0.45838910	0.04928275	0.47066019
4401992.00000000	-0.36465540	0.05541721	0.54439453
4394992.00000000	-0.26545660	0.05931369	0.59848007
4387992.00000000	-0.15956708	0.06204291	0.63580167
4380992.00000000	-0.05371298	0.06452087	0.65577252
4373992.00000000	0.05729358	0.06736664	0.65973154
4366992.00000000	0.16758902	0.06993585	0.64654993
4359992.00000000	0.27870377	0.07143057	0.61408441
4352992.00000000	0.38276801	0.07067917	0.56278406
4345992.00000000	0.47687845	0.06731326	0.49342456
4338992.00000000	0.55573462	0.06048517	0.40934583
4331992.00000000	0.61609857	0.05188553	0.31611404
4324992.00000000	0.65852353	0.04235672	0.21576889
4317992.00000000	0.68324030	0.03274719	0.11341971
4310992.00000000	0.69143719	0.02211993	0.00580923
4303992.00000000	0.68150214	0.00962732	-0.10096353
4296992.00000000	0.65048181	-0.00578342	-0.21020306
4289992.00000000	0.59766357	-0.02207227	-0.31389880
4282992.00000000	0.52324020	-0.03783328	-0.41012607
4275992.00000000	0.43267966	-0.05039871	-0.49267191
4268992.00000000	0.33162216	-0.05911154	-0.55842093
4261992.00000000	0.22466849	-0.06513879	-0.60653424
4254992.00000000	0.11677609	-0.07010565	-0.63697653
4247992.00000000	0.00572397	-0.07535477	-0.65140958
4240992.00000000	-0.10536090	-0.08136096	-0.64886935
4233992.00000000	-0.21864908	-0.08694940	-0.62744388
4226992.00000000	-0.32508176	-0.09072845	-0.58692407
4219992.00000000	-0.42530823	-0.09068658	-0.52584528
4212992.00000000	-0.51033939	-0.08567938	-0.44904105
4205992.00000000	-0.57882202	-0.07677655	-0.35930728
4198992.00000000	-0.62837234	-0.06613800	-0.26262802
4191992.00000000	-0.66047443	-0.05523587	-0.16181409
4184992.00000000	-0.67641348	-0.04387662	-0.05760538
4177992.00000000	-0.67589896	-0.03108878	0.04751611
4170992.00000000	-0.65740616	-0.01512698	0.15499982
4163992.00000000	-0.61937619	0.00352316	0.25831229
4156992.00000000	-0.55936523	0.02332257	0.35791718
4149992.00000000	-0.48130325	0.04073834	0.44578186
4142992.00000000	-0.38806702	0.05438019	0.52064096
4135992.00000000	-0.28743866	0.06385901	0.57824341
4128992.00000000	-0.18166110	0.07056058	0.61974991
4121992.00000000	-0.07383591	0.07627866	0.64520911
4114992.00000000	0.03759048	0.08180820	0.65512805
4107992.00000000	0.15154681	0.08703571	0.64805597
4100992.00000000	0.26309360	0.09019217	0.62194214
4093992.00000000	0.37007581	0.09003146	0.57495853
4086992.00000000	0.46326276	0.08554999	0.50933691
4079992.00000000	0.54158380	0.07697656	0.42519492
4072992.00000000	0.59949481	0.06664871	0.33125665
4065992.00000000	0.63946136	0.05609839	0.22974478
4058992.00000000	0.66254276	0.04584555	0.12424054
4051992.00000000	0.66945895	0.03534360	0.01560468
4044992.00000000	0.65900043	0.02347638	-0.09604846
4037992.00000000	0.62942725	0.00972256	-0.20787515
4030992.00000000	0.57889008	-0.00594986	-0.31701263
4023992.00000000	0.50984805	-0.02176147	-0.41501691
4016992.00000000	0.42363242	-0.03620111	-0.49901996
4009992.00000000	0.32876141	-0.04767123	-0.56276083
4002992.00000000	0.22549017	-0.05664505	-0.60887915
3995992.00000000	0.11920197	-0.06419916	-0.63668976
3988992.00000000	0.00836905	-0.07171280	-0.64777649
3981992.00000000	-0.10396625	-0.07885333	-0.64110840
3974992.00000000	-0.21692651	-0.08437518	-0.61534137
3967992.00000000	-0.32714816	-0.08591998	-0.56918765
3960992.00000000	-0.42673041	-0.08241812	-0.50426743
3953992.00000000	-0.51227704	-0.07447165	-0.42253979
3946992.00000000	-0.57878720	-0.06421014	-0.33037997
3939992.00000000	-0.62787625	-0.05356467	-0.22942963
3932992.00000000	-0.65902118	-0.04355594	-0.12627158
3925992.00000000	-0.67443256	-0.03349347	-0.01776700
3918992.00000000	-0.67240726	-0.02236621	0.09126846
3911992.00000000	-0.65091635	-0.00903433	0.20256628
3904992.00000000	-0.60814175	0.00594119	0.30932031
3897992.00000000	-0.54459860	0.02103555	0.40695255
3890992.00000000	-0.46354718	0.03448087	0.49045346
3883992.00000000	-0.37067288	0.04519055	0.55624426
3876992.00000000	-0.26942206	0.05352368	0.60449335
3869992.00000000	-0.16631638	0.05995801	0.63491095
3862992.00000000	-0.05844031	0.06578275	0.64990485
3855992.00000000	0.04941406	0.07075766	0.64897565
3848992.00000000	0.16019589	0.07500204	0.63133905
3841992.00000000	0.26794870	0.07726135	0.59631168
3834992.00000000	0.36995709	0.07700732	0.54358118
3827992.00000000	0.46138800	0.07421701	0.47478232
3820992.00000000	0.53799329	0.06955472	0.39307062
3813992.00000000	0.59767032	0.06351968	0.30135742
3806992.00000000	0.63965689	0.05722797	0.20342435
3799992.00000000	0.66497742	0.05081244	0.10009998
3792992.00000000	0.67333588	0.04375510	-0.00507529
3785992.00000000	0.66374200	0.03470508	-0.11475842
3778992.00000000	0.63440717	0.02234027	-0.22268329
3771992.00000000	0.58287631	0.00646741	-0.32859729
3764992.00000000	0.51098929	-0.01044443	-0.42398764
3757992.00000000	0.42236749	-0.02609052	-0.50475690
3750992.00000000	0.32285437	-0.03875882	-0.56759177
3743992.00000000	0.21791589	-0.04839999	-0.61211749
3736992.00000000	0.10821722	-0.05694058	-0.63998148
3729992.00000000	-0.00240674	-0.06554752	-0.65121222
3722992.00000000	-0.11679279	-0.07469617	-0.64530597
3715992.00000000	-0.22892154	-0.08286957	-0.62062439
3708992.00000000	-0.33880121	-0.08830975	-0.57468515
3701992.00000000	-0.43723859	-0.08862579	-0.50894568
3694992.00000000	-0.52076611	-0.08379593	-0.42581253
3687992.00000000	-0.58494330	-0.07562671	-0.33168515
3680992.00000000	-0.63015625	-0.06600095	-0.23046423
3673992.00000000	-0.65772540	-0.05678159	-0.12542590
3666992.00000000	-0.66836685	-0.04804782	-0.01861533
3659992.00000000	-0.66183234	-0.03831284	0.09067715
3652992.00000000	-0.63657373	-0.02689932	0.19878458
3645992.00000000	-0.59084210	-0.01372610	0.30495303
3638992.00000000	-0.52666434	-0.00038492	0.40158170
3631992.00000000	-0.44528256	0.01232333	0.48731848
3624992.00000000	-0.35301431	0.02371317	0.55635583
3617992.00000000	-0.25226447	0.03418121	0.60866040
3610992.00000000	-0.14761469	0.04302808	0.64363654
3603992.00000000	-0.03942218	0.05237531	0.66247018
3596992.00000000	0.07113803	0.06165839	0.66530594
3589992.00000000	0.18206970	0.07063803	0.65032385
3582992.00000000	0.29169806	0.07813480	0.61542447
3575992.00000000	0.39228220	0.08189355	0.56072403
3568992.00000000	0.48073187	0.08084665	0.48656863
3561992.00000000	0.55073953	0.07577805	0.39934299
3554992.00000000	0.60350140	0.06833868	0.30130353
3547992.00000000	0.63834741	0.05972659	0.19845715
3540992.00000000	0.65722693	0.05049857	0.09146078
3533992.00000000	0.65904568	0.04036176	-0.01793335
3526992.00000000	0.64310785	0.02842068	-0.12905817
3519992.00000000	0.60741898	0.01454211	-0.24019678
3512992.00000000	0.55280609	-0.00029099	-0.34464606
3505992.00000000	0.47972821	-0.01517789	-0.43940659
3498992.00000000	0.39374426	-0.02819778	-0.51744559
3491992.00000000	0.29705859	-0.03895151	-0.57812204
3484992.00000000	0.19550903	-0.04727548	-0.62007498
3477992.00000000	0.08909723	-0.05438583	-0.64558377
3470992.00000000	-0.02001761	-0.06122974	-0.65481256
3463992.00000000	-0.13234143	-0.06782742	-0.64698862
3456992.00000000	-0.24439536	-0.07271933	-0.62065503
3449992.00000000	-0.35218869	-0.07492117	-0.57481689
3442992.00000000	-0.45025357	-0.07320447	-0.50983447
3435992.00000000	-0.53218256	-0.06764148	-0.42965201
3428992.00000000	-0.59581909	-0.05967700	-0.33743906
3421992.00000000	-0.64015796	-0.05114609	-0.23914908
3414992.00000000	-0.66776205	-0.04259119	-0.13468289
3407992.00000000	-0.67864093	-0.03421948	-0.02775256
3400992.00000000	-0.67224341	-0.02467041	0.08369965
3393992.00000000	-0.64702594	-0.01340048	0.19485400
3386992.00000000	-0.60094711	-0.00039575	0.30488297
3379992.00000000	-0.53495004	0.01336267	0.40645322
3372992.00000000	-0.45223825	0.02627451	0.49386215
3365992.00000000	-0.35682065	0.03734314	0.56346365
3358992.00000000	-0.25429294	0.04610028	0.61374356
3351992.00000000	-0.14688541	0.05341803	0.64614465
3344992.00000000	-0.03689822	0.06041281	0.66107532
3337992.00000000	0.07677658	0.06770807	0.65854001
3330992.00000000	0.19025388	0.07429724	0.63713080
3323992.00000000	0.30305215	0.07860815	0.59482544
3316992.00000000	0.40638904	0.07881857	0.53305536
3309992.00000000	0.49644226	0.07517258	0.45418015
3302992.00000000	0.56824081	0.06868970	0.36329187
3295992.00000000	0.62101956	0.06132452	0.26481790
3288992.00000000	0.65559851	0.05414114	0.16156110
3281992.00000000	0.67315897	0.04717776	0.05549866
3274992.00000000	0.67357236	0.03903958	-0.05422748
3267992.00000000	0.65525241	0.02840582	-0.16367728
3260992.00000000	0.61587677	0.01447299	-0.27223685
3253992.00000000	0.55615826	-0.00165421	-0.37266754
3246992.00000000	0.47785812	-0.01808478	-0.46173370
3239992.00000000	0.38687564	-0.03261469	-0.53444040
3232992.00000000	0.28658438	-0.04439996	-0.59087601
3225992.00000000	0.18171381	-0.05415497	-0.63056158
3218992.00000000	0.07373651	-0.06346484	-0.65434586
3211992.00000000	-0.03707623	-0.07256256	-0.66244235
3204992.00000000	-0.14863806	-0.08115399	-0.65358987
3197992.00000000	-0.25971167	-0.08741684	-0.62566144
3190992.00000000	-0.36391006	-0.08940945	-0.57841083
3183992.00000000	-0.45748029	-0.08599857	-0.51217178
3176992.00000000	-0.53447125	-0.07792715	-0.43154819
3169992.00000000	-0.59457904	-0.06719305	-0.33899533
3162992.00000000	-0.63663370	-0.05579761	-0.24028589
3155992.00000000	-0.66265311	-0.04441534	-0.13583398
3148992.00000000	-0.67217191	-0.03263107	-0.02790921
3141992.00000000	-0.66414590	-0.01934824	0.08443262
3134992.00000000	-0.63606125	-0.00455679	0.19877539
3127992.00000000	-0.58728888	0.01091678	0.30978897
3120992.00000000	-0.51834882	0.02575903	0.41302383
3113992.00000000	-0.43480750	0.03815439	0.49999811
3106992.00000000	-0.33977313	0.04768164	0.56952008
3099992.00000000	-0.23905490	0.05480334	0.61986002
3092992.00000000	-0.13309412	0.06100528	0.65305325
3085992.00000000	-0.02504956	0.06705539	0.66923727
3078992.00000000	0.08611670	0.07317151	0.66809717
3071992.00000000	0.19679956	0.07850467	0.64772403
3064992.00000000	0.30367725	0.08162180	0.60666321
3057992.00000000	0.40252194	0.08166983	0.54539865
3050992.00000000	0.48748978	0.07798230	0.46789215
3043992.00000000	0.55645026	0.07127008	0.37794800
3036992.00000000	0.60716879	0.06331461	0.28079614
3029992.00000000	0.64040332	0.05506076	0.17870032
3022992.00000000	0.65707016	0.04642038	0.07322824
3015992.00000000	0.65642828	0.03622678	-0.03595407
3008992.00000000	0.63642105	0.02369717	-0.14637457
3001992.00000000	0.59509222	0.00888370	-0.25541797
2994992.00000000	0.53278058	-0.00654465	-0.35786398
2987992.00000000	0.45212042	-0.02075668	-0.44893286
2980992.00000000	0.35852438	-0.03260056	-0.52421347
2973992.00000000	0.25753641	-0.04190973	-0.58126886
2966992.00000000	0.15176852	-0.04977667	-0.62111194
2959992.00000000	0.04388229	-0.05725729	-0.64405948
2952992.00000000	-0.06730231	-0.06522031	-0.65021738
2945992.00000000	-0.17859247	-0.07271439	-0.63759045
2938992.00000000	-0.28785541	-0.07843268	-0.60436212
2931992.00000000	-0.38894644	-0.08110529	-0.55077710
2924992.00000000	-0.47703116	-0.08025882	-0.47882401
2917992.00000000	-0.54891125	-0.07646829	-0.39255356
2910992.00000000	-0.60310052	-0.07080823	-0.29704657
2903992.00000000	-0.64056134	-0.06447089	-0.19523044
2896992.00000000	-0.66212097	-0.05790100	-0.08967865
2889992.00000000	-0.66753006	-0.05058032	0.01967328
2882992.00000000	-0.65541797	-0.04142068	0.13019351
2875992.00000000	-0.62344089	-0.02922012	0.24223444
2868992.00000000	-0.57139093	-0.01431955	0.34877872
2861992.00000000	-0.50019113	0.00224405	0.44604565
2854992.00000000	-0.41483759	0.01846646	0.52748923
2847992.00000000	-0.31977667	0.03317865	0.59081619
2840992.00000000	-0.21851443	0.04618115	0.63629980
2833992.00000000	-0.11363776	0.05811731	0.66455228
2826992.00000000	-0.00444397	0.06996487	0.67627719
2819992.00000000	0.10642145	0.08156262	0.67031436
2812992.00000000	0.22032574	0.09165060	0.64446750
2805992.00000000	0.33026666	0.09729941	0.59783987
2798992.00000000	0.43260544	0.09741037	0.53096494
2791992.00000000	0.51979868	0.09187982	0.44911395
2784992.00000000	0.58929193	0.08264108	0.35604950
2777992.00000000	0.63938800	0.07231870	0.25738339
2770992.00000000	0.67208145	0.06198840	0.15442386
2763992.00000000	0.68789136	0.05137643	0.04756320
2756992.00000000	0.68583545	0.03941476	-0.06057440
2749992.00000000	0.66348004	0.02485135	-0.17103714
2742992.00000000	0.61939258	0.00884332	-0.27786185
2735992.00000000	0.55293906	-0.00740759	-0.37956000
2728992.00000000	0.47045462	-0.02183237	-0.46712598
2721992.00000000	0.37541653	-0.03420197	-0.53960989
2714992.00000000	0.27397021	-0.04427856	-0.59429193
2707992.00000000	0.16845316	-0.05313995	-0.63220880
2700992.00000000	0.05971176	-0.06184607	-0.65377228
2693992.00000000	-0.05142999	-0.07092303	-0.65875961
2686992.00000000	-0.16416809	-0.08043430	-0.64533389
2679992.00000000	-0.27490988	-0.08832510	-0.61143530
2672992.00000000	-0.38068170	-0.09275720	-0.55604504
2665992.00000000	-0.47314670	-0.09222061	-0.48285590
2658992.00000000	-0.55073856	-0.08698929	-0.39437500
2651992.00000000	-0.60879517	-0.07919531	-0.29849567
2644992.00000000	-0.64951419	-0.07072488	-0.19606677
2637992.00000000	-0.67295645	-0.06215640	-0.09107709
2630992.00000000	-0.67968762	-0.05249384	0.01777332
2623992.00000000	-0.66782718	-0.04012155	0.12735901
2616992.00000000	-0.63521158	-0.02425693	0.23665021
2609992.00000000	-0.58028577	-0.00552417	0.34159656
2602992.00000000	-0.50689392	0.01333344	0.43436679
2595992.00000000	-0.41763083	0.03012543	0.51328842
2588992.00000000	-0.32029977	0.04362238	0.57405362
2581992.00000000	-0.21653540	0.05493500	0.61834219
2574992.00000000	-0.11089087	0.06515500	0.64556479
2567992.00000000	-0.00125565	0.07563364	0.65682578
2560992.00000000	0.11014886	0.08606091	0.65035855
2553992.00000000	0.22218207	0.09521371	0.62484976
2546992.00000000	0.33129590	0.10087369	0.57873132
2539992.00000000	0.43236053	0.10072717	0.51420969
2532992.00000000	0.52064139	0.09413187	0.43415128
2525992.00000000	0.59052359	0.08300665	0.34392639
2518992.00000000	0.64241376	0.06993027	0.24527515
2511992.00000000	0.67596829	0.05727969	0.14318658
2504992.00000000	0.69284546	0.04435428	0.03562921
2497992.00000000	0.69177835	0.03024139	-0.07390787
2490992.00000000	0.66994424	0.01347913	-0.18676352
2483992.00000000	0.62579807	-0.00520993	-0.29662534
2476992.00000000	0.56005377	-0.02387830	-0.39827191
2469992.00000000	0.47636356	-0.04029773	-0.48641156
2462992.00000000	0.38166098	-0.05309091	-0.55650079
2455992.00000000	0.27932788	-0.06281299	-0.60913995
2448992.00000000	0.17397742	-0.07085669	-0.64459125
2441992.00000000	0.06353159	-0.07876694	-0.66433640
2434992.00000000	-0.04801801	-0.08686996	-0.66774319
2427992.00000000	-0.16318661	-0.09422827	-0.65324564
2420992.00000000	-0.27549710	-0.09886023	-0.61941379
2413992.00000000	-0.38171024	-0.09869263	-0.56547504
2406992.00000000	-0.47421121	-0.09362979	-0.49362753
2399992.00000000	-0.54946570	-0.08508981	-0.40782318
2392992.00000000	-0.60637833	-0.07519363	-0.31230774
2385992.00000000	-0.64575958	-0.06548654	-0.21132736
2378992.00000000	-0.66915079	-0.05597754	-0.10509006
2371992.00000000	-0.67608505	-0.04577814	0.00334399
2364992.00000000	-0.66497430	-0.03328513	0.11647488
2357992.00000000	-0.63379605	-0.01796780	0.22916266
2350992.00000000	-0.58158731	-0.00020233	0.33711768
2343992.00000000	-0.51138812	0.01721481	0.43226562
2336992.00000000	-0.42564206	0.03332663	0.51226993
2329992.00000000	-0.33085742	0.04664447	0.57389539
2322992.00000000	-0.22939297	0.05801691	0.61860040
2315992.00000000	-0.12416965	0.06899130	0.64668222
2308992.00000000	-0.01582162	0.08048627	0.65821323
2301992.00000000	0.09596683	0.09247031	0.65177441
2294992.00000000	0.20746600	0.10241370	0.62586053
2287992.00000000	0.31680688	0.10727515	0.57908734
2280992.00000000	0.41600473	0.10524942	0.51387140
2273992.00000000	0.50081015	0.09715244	0.43347437
2266992.00000000	0.56728073	0.08584665	0.34364804
2259992.00000000	0.61634692	0.07409268	0.24683545
2252992.00000000	0.64881226	0.06295496	0.14543063
2245992.00000000	0.66536237	0.05172443	0.03967081
2238992.00000000	0.66457205	0.03938000	-0.06868832
2231992.00000000	0.64434171	0.02537665	-0.17800525
2224992.00000000	0.60316129	0.01029684	-0.28480298
2217992.00000000	0.54233234	-0.00464868	-0.38277628
2210992.00000000	0.46394247	-0.01843869	-0.46926996
2203992.00000000	0.37447531	-0.03047577	-0.53861908
2196992.00000000	0.27580515	-0.04108734	-0.59143283
2189992.00000000	0.17331256	-0.05068976	-0.62684909
2182992.00000000	0.06610260	-0.06077289	-0.64627460
2175992.00000000	-0.04390656	-0.07122684	-0.64906421
2168992.00000000	-0.15692694	-0.08141931	-0.63343036
2161992.00000000	-0.26852069	-0.08975827	-0.59842783
2154992.00000000	-0.37453662	-0.09364856	-0.54382697
2147992.00000000	-0.46908420	-0.09235577	-0.47147107
2140992.00000000	-0.54592114	-0.08690076	-0.38666629
2133992.00000000	-0.60526285	-0.07950931	-0.29152469
2126992.00000000	-0.64534033	-0.07151514	-0.19194501
2119992.00000000	-0.66886475	-0.06356268	-0.08673862
2112992.00000000	-0.67515955	-0.05494363	0.02065411
2105992.00000000	-0.66314542	-0.04397910	0.13086365
2098992.00000000	-0.63062006	-0.02967599	0.24025916
2091992.00000000	-0.57686600	-0.01250653	0.34421359
2084992.00000000	-0.50328360	0.00572208	0.43735715
2077992.00000000	-0.41520047	0.02260321	0.51415979
2070992.00000000	-0.31664743	0.03702155	0.57358966
2063992.00000000	-0.21444553	0.04915765	0.61456589
2056992.00000000	-0.10672266	0.06080142	0.63964786
2049992.00000000	0.00274597	0.07251770	0.64796008
2042992.00000000	0.11599222	0.08440503	0.63836337
2035992.00000000	0.22881516	0.09413251	0.60916830
2028992.00000000	0.33667166	0.09914963	0.55985098
2021992.00000000	0.43362720	0.09821173	0.49267111
2014992.00000000	0.51491370	0.09169064	0.41087009
2007992.00000000	0.57814349	0.08242828	0.31928525
2000992.00000000	0.62307831	0.07269839	0.22262152
1993992.00000000	0.65168753	0.06269638	0.12027408
1986992.00000000	0.66299475	0.05204147	0.01529651
1979992.00000000	0.65562317	0.03891327	-0.09473459
1972992.00000000	0.62761722	0.02293735	-0.20478149
1965992.00000000	0.57749026	0.00425336	-0.31270370
1958992.00000000	0.50780258	-0.01479919	-0.41126483
1951992.00000000	0.42298056	-0.03196600	-0.49565189
1944992.00000000	0.32824222	-0.04601453	-0.56312198
1937992.00000000	0.22814474	-0.05770569	-0.61301489
1930992.00000000	0.12344711	-0.06847574	-0.64659116
1923992.00000000	0.01611707	-0.07902307	-0.66396466
1916992.00000000	-0.09608524	-0.08919681	-0.66388342
1909992.00000000	-0.20772314	-0.09651428	-0.64392938
1902992.00000000	-0.31725702	-0.09836819	-0.60170651
1895992.00000000	-0.41573474	-0.09367432	-0.53964490
1888992.00000000	-0.50071719	-0.08363391	-0.45949091
1881992.00000000	-0.56780978	-0.07121973	-0.36894327
1874992.00000000	-0.61877063	-0.05839896	-0.27006671
1867992.00000000	-0.65347464	-0.04595325	-0.16678613
1860992.00000000	-0.67206104	-0.03356943	-0.06064691
1853992.00000000	-0.67303995	-0.01951553	0.05058289
1846992.00000000	-0.65348871	-0.00437997	0.16292340
1839992.00000000	-0.60933539	0.01064969	0.27761176
1832992.00000000	-0.54558533	0.02480475	0.37907104
1825992.00000000	-0.46330075	0.03607822	0.46866275
1818992.00000000	-0.37022647	0.04375174	0.54066302
1811992.00000000	-0.26903403	0.04924146	0.59584894
1804992.00000000	-0.16397125	0.05372150	0.63411322
1797992.00000000	-0.05405585	0.05819730	0.65700693
1790992.00000000	0.05868127	0.06283133	0.66379218
1783992.00000000	0.17191541	0.06739795	0.65298999
1776992.00000000	0.28352997	0.07113196	0.62198026
1769992.00000000	0.38512369	0.07336353	0.57078522
1762992.00000000	0.47518927	0.07355487	0.49936041
1755992.00000000	0.54738977	0.07123047	0.41392188
1748992.00000000	0.60265012	0.06704736	0.31738849
1741992.00000000	0.64053427	0.06209409	0.21582346
1734992.00000000	0.66291678	0.05648859	0.10909650
1727992.00000000	0.66919727	0.04973257	-0.00069260
1720992.00000000	0.65791769	0.04058371	-0.11358774
1713992.00000000	0.62681989	0.02792093	-0.22698093
1706992.00000000	0.57573972	0.01236700	-0.33408917
1699992.00000000	0.50515741	-0.00497086	-0.43124405
1692992.00000000	0.42130225	-0.02116080	-0.51033148
1685992.00000000	0.32606540	-0.03551010	-0.57242401
1678992.00000000	0.22523010	-0.04737067	-0.61644473
1671992.00000000	0.11756540	-0.05811676	-0.64494638
1664992.00000000	0.00743936	-0.06871503	-0.65708267
1657992.00000000	-0.10692056	-0.07873343	-0.65146442
1650992.00000000	-0.22129947	-0.08647406	-0.62599509
1643992.00000000	-0.33154678	-0.08990002	-0.57919608
1636992.00000000	-0.43081989	-0.08816876	-0.51239761
1629992.00000000	-0.51383768	-0.08231003	-0.43068820
1622992.00000000	-0.57994733	-0.07419672	-0.33741864
1615992.00000000	-0.62754321	-0.06575354	-0.23961911
1608992.00000000	-0.65927136	-0.05684402	-0.13497382
1601992.00000000	-0.67425406	-0.04754639	-0.02968295
1594992.00000000	-0.67202182	-0.03611072	0.08221024
1587992.00000000	-0.65019800	-0.02193729	0.19423856
1580992.00000000	-0.60755655	-0.00504413	0.30326996
1573992.00000000	-0.54456833	0.01306961	0.40324438
1566992.00000000	-0.46567352	0.02960434	0.48754034
1559992.00000000	-0.37474136	0.04316403	0.55501254
1552992.00000000	-0.27656259	0.05343222	0.60557047
1545992.00000000	-0.17262625	0.06168356	0.64060806
1538992.00000000	-0.06630438	0.06949335	0.66001242
1531992.00000000	0.04550412	0.07734470	0.66331973
1524992.00000000	0.15763937	0.08409500	0.64858237
1517992.00000000	0.27095288	0.08865341	0.61374463
1510992.00000000	0.37739771	0.09001080	0.55982281
1503992.00000000	0.47434677	0.08740317	0.48791678
1496992.00000000	0.55485065	0.08117270	0.40303961
1489992.00000000	0.61734302	0.07280075	0.30938809
1482992.00000000	0.66245132	0.06389734	0.20883731
1475992.00000000	0.69043997	0.05463428	0.10465912
1468992.00000000	0.70182867	0.04368375	-0.00488086
1461992.00000000	0.69425165	0.02980133	-0.11560703
1454992.00000000	0.66406274	0.01211139	-0.22953104
1447992.00000000	0.61153152	-0.00669641	-0.33533499
1440992.00000000	0.53790918	-0.02454272	-0.43120438
1433992.00000000	0.44970596	-0.03905820	-0.51074527
1426992.00000000	0.35048651	-0.05014151	-0.57350140
1419992.00000000	0.24558826	-0.05888925	-0.61856165
1412992.00000000	0.13691507	-0.06645673	-0.64731079
1405992.00000000	0.02379416	-0.07449295	-0.65949231
1398992.00000000	-0.09150177	-0.08243689	-0.65388458
1391992.00000000	-0.20958389	-0.08817914	-0.62781482
1384992.00000000	-0.32209558	-0.08945883	-0.58112628
1377992.00000000	-0.42602280	-0.08575497	-0.51379709
1370992.00000000	-0.51247922	-0.07732468	-0.43221741
1363992.00000000	-0.58206552	-0.06656720	-0.33818585
1356992.00000000	-0.63270041	-0.05543808	-0.23851230
1349992.00000000	-0.66664639	-0.04405267	-0.13347202
1342992.00000000	-0.68359064	-0.03261581	-0.02414429
1335992.00000000	-0.68219641	-0.01998135	0.08894516
1328992.00000000	-0.65942337	-0.00541718	0.20438516
1321992.00000000	-0.61422009	0.00894937	0.31490289
1314992.00000000	-0.54718130	0.02166159	0.41676514
1307992.00000000	-0.46507928	0.03144476	0.50163907
1300992.00000000	-0.36989511	0.03834335	0.57096582
1293992.00000000	-0.26925375	0.04331650	0.62193304
1286992.00000000	-0.16190250	0.04780453	0.65751385
1279992.00000000	-0.05122342	0.05230322	0.67669855
1272992.00000000	0.06545764	0.05716104	0.67922247
1265992.00000000	0.18414197	0.06121814	0.66222775
1258992.00000000	0.30028546	0.06308044	0.62478357
1251992.00000000	0.40882681	0.06109665	0.56696353
1244992.00000000	0.50275259	0.05569028	0.49246140
1237992.00000000	0.57834796	0.04769540	0.40502570
1230992.00000000	0.63398141	0.03902408	0.31085983
1223992.00000000	0.67260059	0.03045544	0.20954010
1216992.00000000	0.69331113	0.02097690	0.10882407
1209992.00000000	0.69737573	0.01164145	-0.00011700
1202992.00000000	0.68155377	0.00343011	-0.11146484
1195992.00000000	0.64347034	-0.00496741	-0.22531561
1188992.00000000	0.58582465	-0.01248090	-0.33077484
1181992.00000000	0.50966541	-0.01846002	-0.42690698
1174992.00000000	0.42167719	-0.02468372	-0.50610471
1167992.00000000	0.32457190	-0.03060571	-0.56825153
1160992.00000000	0.21979123	-0.03655359	-0.61395096
1153992.00000000	0.11175436	-0.04252802	-0.64321622
1146992.00000000	-0.00455020	-0.04902008	-0.65768185
1139992.00000000	-0.12167078	-0.05434116	-0.65534506
1132992.00000000	-0.24317209	-0.05716089	-0.63367450
1125992.00000000	-0.35511990	-0.05631125	-0.59282410
1118992.00000000	-0.45647830	-0.05076050	-0.53106970
1111992.00000000	-0.53857391	-0.04329178	-0.45344580
1104992.00000000	-0.60259891	-0.03493127	-0.36235825
1097992.00000000	-0.64799936	-0.02691861	-0.26360876
1090992.00000000	-0.67590887	-0.01919928	-0.15987973
1083992.00000000	-0.68602988	-0.01066327	-0.04888962
1076992.00000000	-0.67582681	-0.00350308	0.06486942
1069992.00000000	-0.64302527	0.00223035	0.18541827
1062992.00000000	-0.59017755	0.00616321	0.30105511
1055992.00000000	-0.51791202	0.00945804	0.40974533
1048992.00000000	-0.43345917	0.01372464	0.50036176
1041992.00000000	-0.33901419	0.01933209	0.57278632
1034992.00000000	-0.23850137	0.02527518	0.62641772
1027992.00000000	-0.13336679	0.03139508	0.66327835
1020992.00000000	-0.02128256	0.03805667	0.68475171
1013992.00000000	0.09248767	0.04505209	0.68903406
1006992.00000000	0.20784604	0.05210632	0.67480978
999992.00000000	0.31789883	0.05732748	0.64061984
992992.00000000	0.42167361	0.05893472	0.58389410
985992.00000000	0.50847531	0.05686807	0.51053259
978992.00000000	0.57970508	0.05156525	0.42146909
971992.00000000	0.63281235	0.04478400	0.32377518
964992.00000000	0.66894049	0.03740433	0.22048523
957992.00000000	0.68870334	0.02924252	0.11107300
950992.00000000	0.69057602	0.02052963	-0.00200037
943992.00000000	0.67218607	0.01018192	-0.11963025
936992.00000000	0.63258768	-0.00054071	-0.23538229
929992.00000000	0.57169739	-0.01117056	-0.34671701
922992.00000000	0.49721387	-0.02023669	-0.44095261
915992.00000000	0.40629947	-0.02787259	-0.52307864
908992.00000000	0.31176306	-0.03345547	-0.58396393
901992.00000000	0.20503845	-0.03914584	-0.63087277
894992.00000000	0.09771423	-0.04341638	-0.66017139
887992.00000000	-0.01592136	-0.04706723	-0.67362878
880992.00000000	-0.13346066	-0.04862509	-0.66876447
873992.00000000	-0.24780725	-0.04764130	-0.64410620
866992.00000000	-0.35891568	-0.04328574	-0.59727884
859992.00000000	-0.45584280	-0.03573026	-0.53151672
852992.00000000	-0.53745398	-0.02703476	-0.44875739
845992.00000000	-0.60026370	-0.01900110	-0.35557050
838992.00000000	-0.64703195	-0.01121793	-0.25291666
831992.00000000	-0.67677094	-0.00452655	-0.14606207
824992.00000000	-0.68963263	0.00089081	-0.03308426
817992.00000000	-0.68371277	0.00657843	0.08483795
810992.00000000	-0.65717422	0.01079089	0.20313138
803992.00000000	-0.60951791	0.01331070	0.31719260
796992.00000000	-0.54502460	0.01635880	0.41697455
789992.00000000	-0.46420557	0.02031982	0.50258008
782992.00000000	-0.37417404	0.02389600	0.56897757
775992.00000000	-0.27456326	0.02735742	0.61933704
768992.00000000	-0.16956677	0.03067447	0.65316086
761992.00000000	-0.05942908	0.03475684	0.67111176
754992.00000000	0.05710965	0.03795123	0.67217670
747992.00000000	0.17651135	0.04008188	0.65445706
740992.00000000	0.29569913	0.03890720	0.61624896
733992.00000000	0.40507068	0.03483514	0.55898184
726992.00000000	0.50081073	0.02762073	0.48381857
719992.00000000	0.57639807	0.01832880	0.39795151
712992.00000000	0.63441949	0.01077841	0.30204565
705992.00000000	0.67508585	-0.00003687	0.19950443
698992.00000000	0.69842395	-0.00897928	0.09289554
691992.00000000	0.70329910	-0.01783847	-0.01945438
684992.00000000	0.68584094	-0.02770853	-0.13888345
677992.00000000	0.64400079	-0.03595523	-0.25536380
670992.00000000	0.58030902	-0.03958942	-0.36260300
663992.00000000	0.49828836	-0.04143518	-0.45744980
656992.00000000	0.40493756	-0.04297397	-0.53477234
649992.00000000	0.30235114	-0.04358292	-0.59491443
642992.00000000	0.19578528	-0.04408014	-0.63712961
635992.00000000	0.08235965	-0.04579593	-0.66314285
628992.00000000	-0.03392868	-0.04691284	-0.67144473
621992.00000000	-0.15512521	-0.04802615	-0.66084695
614992.00000000	-0.27243927	-0.04578638	-0.63015198
607992.00000000	-0.38086462	-0.03899985	-0.58077435
600992.00000000	-0.48165613	-0.03001086	-0.50941907
593992.00000000	-0.56065619	-0.01777740	-0.42661700
586992.00000000	-0.62548154	-0.00468851	-0.32594919
579992.00000000	-0.66738623	0.00584116	-0.22689264
572992.00000000	-0.69331052	0.01656479	-0.12026636
565992.00000000	-0.70078735	0.02753815	-0.01153741
558992.00000000	-0.68812790	0.03892651	0.10281360
551992.00000000	-0.65342743	0.04894080	0.21658264
544992.00000000	-0.59730289	0.05671103	0.32672397
537992.00000000	-0.52559161	0.06027145	0.42310938
530992.00000000	-0.44157419	0.06074359	0.50428821
523992.00000000	-0.34934274	0.05936496	0.56805069
516992.00000000	-0.25099673	0.05724066	0.61511652
509992.00000000	-0.14580838	0.05502655	0.64654602
502992.00000000	-0.03736057	0.05268735	0.66126529
495992.00000000	0.07511267	0.04826477	0.65875702
488992.00000000	0.19426172	0.03984656	0.63570737
481992.00000000	0.30394348	0.03039792	0.59374786
474992.00000000	0.40461765	0.01867203	0.53451346
467992.00000000	0.49308350	0.00603409	0.46031281
460992.00000000	0.56495618	-0.00499222	0.37644235
453992.00000000	0.62040207	-0.01425177	0.28522324
446992.00000000	0.65885379	-0.02233972	0.19023721
439992.00000000	0.68048193	-0.02979654	0.09268073
432992.00000000	0.68398752	-0.03726413	-0.00960092
425992.00000000	0.66751999	-0.04407700	-0.11005246
418992.00000000	0.62869113	-0.04897470	-0.21167542
411992.00000000	0.56983160	-0.05086459	-0.30492120
404992.00000000	0.49303513	-0.04944272	-0.38677203
397992.00000000	0.40225110	-0.04570956	-0.45227393
390992.00000000	0.30176837	-0.03945132	-0.49856970
383992.00000000	0.18824527	-0.02933536	-0.52687784
376992.00000000	0.07761707	-0.02258234	-0.53168613
369992.00000000	-0.03526633	-0.01599466	-0.52028452
362992.00000000	-0.14720419	-0.00938690	-0.49667297
355992.00000000	-0.25567914	-0.00325104	-0.46229715
348992.00000000	-0.38053061	0.03161523	-0.39079541
341992.00000000	-0.45537524	0.03637067	-0.32878375
334992.00000000	-0.50720801	0.03796201	-0.26121204
327992.00000000	-0.53654520	0.03614032	-0.19080246
320992.00000000	-0.54182675	0.03147891	-0.12501901
313992.00000000	-0.52439792	0.02575558	-0.07076038
306992.00000000	-0.48768439	0.02118579	-0.02615265
299992.00000000	-0.43796707	0.01855347	0.01232706
292992.00000000	-0.37846552	0.01661935	0.04708667
285992.00000000	-0.31279907	0.01358527	0.07775342
278992.00000000	-0.23946597	0.00799033	0.10134277
271992.00000000	-0.16347296	0.00046970	0.11482721
264992.00000000	-0.08820514	-0.00709537	0.11815613
257992.00000000	-0.02237131	-0.01217191	0.11463092
250992.00000000	0.03208945	-0.01441000	0.10752826
243992.00000000	0.07415341	-0.01414703	0.09941647
236992.00000000	0.10655356	-0.01211935	0.09156778
229992.00000000	0.13018439	-0.00919534	0.08415222
222992.00000000	0.14315924	-0.00602805	0.07693219
215992.00000000	0.14401392	-0.00330280	0.06922638
208992.00000000	0.13399445	-0.00160742	0.06136758
201992.00000000	0.11736810	-0.00086679	0.05336990
194992.00000000	0.09936136	-0.00070718	0.04591641
187992.00000000	0.08265411	-0.00065793	0.03934741
180992.00000000	0.06854025	-0.00066876	0.03393130
173992.00000000	0.05704324	-0.00066849	0.02951871
166992.00000000	0.04787268	-0.00057108	0.02573337
159992.00000000	0.04055261	-0.00049649	0.02262900
152992.00000000	0.03456903	-0.00044180	0.01993213
