8046866.00000000	0.01051349	0.00035791	0.02744000
8041866.00000000	0.01113083	0.00036304	0.02994894
8036866.00000000	0.01189862	0.00039590	0.03314911
8031866.00000000	0.01269983	0.00035480	0.03684317
8026866.00000000	0.01360461	0.00031985	0.04095670
8021866.00000000	0.01452972	0.00027698	0.04581577
8016866.00000000	0.01560965	0.00022623	0.05153217
8011866.00000000	0.01676294	0.00010391	0.05810229
8006866.00000000	0.01805798	-0.00001349	0.06585690
8001866.00000000	0.01943185	-0.00020377	0.07501239
7996866.00000000	0.02096082	-0.00049915	0.08574686
7991866.00000000	0.02258667	-0.00082593	0.09784937
7986866.00000000	0.02443237	-0.00129068	0.11178952
7981866.00000000	0.02649875	-0.00167834	0.12629532
7976866.00000000	0.02895322	-0.00207349	0.14062311
7971866.00000000	0.03199307	-0.00222568	0.15288971
7966866.00000000	0.03574490	-0.00214185	0.16077451
7961866.00000000	0.04039859	-0.00175879	0.16250528
7956866.00000000	0.04533606	-0.00111032	0.15766229
7951866.00000000	0.05243304	-0.00030331	0.14635690
7946866.00000000	0.06105991	0.00048358	0.12943555
7941866.00000000	0.07096933	0.00105505	0.10823248
7936866.00000000	0.08269055	0.00133423	0.08168338
7931866.00000000	0.09543439	0.00116608	0.05106198
7926866.00000000	0.10974713	0.00045969	0.01420193
7921866.00000000	0.12522104	-0.00079977	-0.02926126
7916866.00000000	0.14059341	-0.00233362	-0.07748264
7911866.00000000	0.15466409	-0.00363120	-0.13035455
7906866.00000000	0.16526700	-0.00419171	-0.18433197
7901866.00000000	0.17079050	-0.00370868	-0.23742261
7896866.00000000	0.17035999	-0.00228842	-0.28969742
7891866.00000000	0.16417734	-0.00061441	-0.33874042
7886866.00000000	0.15300351	0.00059766	-0.38605829
7881866.00000000	0.13798920	0.00120673	-0.42959885
7876866.00000000	0.11876248	0.00114981	-0.46934668
7871866.00000000	0.09407037	0.00077023	-0.50459012
7866866.00000000	0.06390060	0.00032166	-0.53211267
7861866.00000000	0.02601810	0.00002502	-0.55162253
7856866.00000000	-0.02040161	-0.00005215	-0.56186243
7851866.00000000	-0.07063266	0.00008493	-0.56171509
7846866.00000000	-0.12712683	0.00054639	-0.55085931
7841866.00000000	-0.18442026	0.00111758	-0.52927548
7836866.00000000	-0.24110208	0.00190530	-0.49705130
7831866.00000000	-0.29666135	0.00277682	-0.45428848
7826866.00000000	-0.34815015	0.00379504	-0.40401337
7821866.00000000	-0.39775876	0.00508606	-0.34555704
7816866.00000000	-0.44306549	0.00626114	-0.28290884
7811866.00000000	-0.48429291	0.00735611	-0.21561157
7806866.00000000	-0.52035025	0.00826016	-0.14365100
7801866.00000000	-0.54658344	0.00875778	-0.07446390
7796866.00000000	-0.56485678	0.00885623	-0.00061362
7791866.00000000	-0.57288150	0.00861307	0.07350806
7786866.00000000	-0.57049005	0.00815497	0.14745239
7781866.00000000	-0.55691052	0.00725626	0.22384338
7776866.00000000	-0.53232584	0.00592612	0.29967703
7771866.00000000	-0.49813107	0.00430954	0.37128644
7766866.00000000	-0.45457437	0.00267923	0.43911136
7761866.00000000	-0.40357944	0.00119482	0.50029257
7756866.00000000	-0.34389856	-0.00004880	0.55525388
7751866.00000000	-0.28074820	-0.00071155	0.59970590
7746866.00000000	-0.21327914	-0.00103177	0.63510022
7741866.00000000	-0.14360269	-0.00109970	0.66131723
7736866.00000000	-0.07337469	-0.00099216	0.67873557
7731866.00000000	0.00101450	-0.00088223	0.68835822
7726866.00000000	0.07647055	-0.00079242	0.68981143
7721866.00000000	0.14964984	-0.00070120	0.68328781
7716866.00000000	0.22608691	-0.00037958	0.66756042
7711866.00000000	0.30079694	-0.00035501	0.64245764
7706866.00000000	0.37393829	-0.00017902	0.60701685
7701866.00000000	0.44250562	-0.00004947	0.56140982
7696866.00000000	0.50506653	0.00004919	0.50602283
7691866.00000000	0.55891931	0.00000290	0.44310385
7686866.00000000	0.60320444	-0.00007538	0.37465979
7681866.00000000	0.63861813	0.00000726	0.30061414
7676866.00000000	0.66436459	-0.00014352	0.22394583
7671866.00000000	0.68081403	-0.00044345	0.14725177
7666866.00000000	0.68897800	-0.00094440	0.06773026
7661866.00000000	0.68853610	-0.00151175	-0.01061969
7656866.00000000	0.67950186	-0.00227267	-0.08864911
7651866.00000000	0.66104333	-0.00330389	-0.16801733
7646866.00000000	0.63328885	-0.00476254	-0.24464929
7641866.00000000	0.59370410	-0.00673776	-0.32211655
7636866.00000000	0.54583585	-0.00856445	-0.39216013
7631866.00000000	0.48735757	-0.01045905	-0.45777560
7626866.00000000	0.42368970	-0.01217679	-0.51345209
7621866.00000000	0.37965836	-0.01398349	-0.54405368
7616866.00000000	0.30453503	-0.01361823	-0.58760712
7611866.00000000	0.23072354	-0.01299567	-0.61962247
7606866.00000000	0.15356287	-0.01198993	-0.64369168
7601866.00000000	0.07366281	-0.01089740	-0.65964661
7596866.00000000	-0.00472131	-0.00979761	-0.66691544
7591866.00000000	-0.08690091	-0.00830081	-0.66560959
7586866.00000000	-0.16795383	-0.00654236	-0.65530261
7581866.00000000	-0.24639539	-0.00424466	-0.63557291
7576866.00000000	-0.32591687	-0.00110510	-0.60439404
7571866.00000000	-0.39796140	0.00221140	-0.56402359
7566866.00000000	-0.46479379	0.00579111	-0.51292099
7561866.00000000	-0.52302261	0.00915302	-0.45356448
7556866.00000000	-0.57114642	0.01205289	-0.38874817
7551866.00000000	-0.61205136	0.01426291	-0.31479898
7546866.00000000	-0.64103671	0.01560318	-0.24289096
7541866.00000000	-0.66238257	0.01652982	-0.16579565
7536866.00000000	-0.67514856	0.01758188	-0.08473529
7531866.00000000	-0.67873434	0.01841498	-0.00766080
7526866.00000000	-0.67334497	0.01936374	0.07500873
7521866.00000000	-0.65825723	0.01990274	0.15641092
7516866.00000000	-0.63309750	0.02023190	0.23668332
7511866.00000000	-0.59609879	0.02000790	0.31692288
7506866.00000000	-0.55035806	0.01907205	0.38966406
7501866.00000000	-0.49363574	0.01731299	0.45792026
7496866.00000000	-0.43057263	0.01540283	0.51601379
7491866.00000000	-0.36206400	0.01336713	0.56445898
7486866.00000000	-0.28777139	0.01143683	0.60396960
7481866.00000000	-0.21399829	0.01002213	0.63260339
7476866.00000000	-0.13659573	0.00874496	0.65289487
7471866.00000000	-0.05730969	0.00776981	0.66440466
7466866.00000000	0.01967563	0.00693979	0.66712454
7461866.00000000	0.10234457	0.00602316	0.66072763
7456866.00000000	0.18182053	0.00497348	0.64486990
7451866.00000000	0.26204572	0.00366837	0.61858743
7446866.00000000	0.33931580	0.00176663	0.58206589
7441866.00000000	0.41188864	-0.00036716	0.53558032
7436866.00000000	0.47831821	-0.00252267	0.47982584
7431866.00000000	0.53552902	-0.00476416	0.41778409
7426866.00000000	0.58407050	-0.00693277	0.34947293
7421866.00000000	0.62348682	-0.00896188	0.27587921
7416866.00000000	0.65239871	-0.01057648	0.20176877
7411866.00000000	0.67287714	-0.01194327	0.12371475
7406866.00000000	0.68402057	-0.01339194	0.04586023
7401866.00000000	0.68625192	-0.01489185	-0.03259274
7396866.00000000	0.67892059	-0.01657788	-0.11400574
7391866.00000000	0.66099423	-0.01763541	-0.19538019
7386866.00000000	0.63230344	-0.01809393	-0.27452365
7381866.00000000	0.59204791	-0.01817026	-0.35145020
7376866.00000000	0.54130630	-0.01769958	-0.42317636
7371866.00000000	0.48077322	-0.01620819	-0.48830328
7366866.00000000	0.41486462	-0.01416962	-0.54303360
7361866.00000000	0.34108453	-0.01192676	-0.58987878
7356866.00000000	0.26868179	-0.00998560	-0.62463623
7351866.00000000	0.19350827	-0.00853351	-0.65050418
7346866.00000000	0.11472995	-0.00713391	-0.66811459
7341866.00000000	0.03777731	-0.00593381	-0.67653674
7336866.00000000	-0.04166443	-0.00463437	-0.67621680
7331866.00000000	-0.12183673	-0.00361249	-0.66645334
7326866.00000000	-0.20005981	-0.00240884	-0.64711713
7321866.00000000	-0.28015768	-0.00099902	-0.61608063
7316866.00000000	-0.35396924	0.00051309	-0.57625391
7311866.00000000	-0.42470203	0.00232584	-0.52599130
7306866.00000000	-0.48880023	0.00418915	-0.46773285
7301866.00000000	-0.54391544	0.00573087	-0.40427878
7296866.00000000	-0.59229980	0.00717300	-0.33308014
7291866.00000000	-0.62902698	0.00866632	-0.26258398
7286866.00000000	-0.65769290	0.01013879	-0.18797519
7281866.00000000	-0.67813245	0.01112668	-0.10904092
7276866.00000000	-0.68892874	0.01167758	-0.03359488
7271866.00000000	-0.69136826	0.01261392	0.04592297
7266866.00000000	-0.68426077	0.01405573	0.12555963
7261866.00000000	-0.66718707	0.01551764	0.20452768
7256866.00000000	-0.63862729	0.01674026	0.28421875
7251866.00000000	-0.60007001	0.01773477	0.35850040
7246866.00000000	-0.55043680	0.01822153	0.42877438
7241866.00000000	-0.49248343	0.01827783	0.49128906
7236866.00000000	-0.42858603	0.01762500	0.54447421
7231866.00000000	-0.35724356	0.01647348	0.59006000
7226866.00000000	-0.28507870	0.01500497	0.62461386
7221866.00000000	-0.20873813	0.01383380	0.65088376
7216866.00000000	-0.12972647	0.01294870	0.66836615
7211866.00000000	-0.05406775	0.01194058	0.67660135
7206866.00000000	0.02724545	0.01085721	0.67641705
7201866.00000000	0.10865344	0.00949643	0.66668533
7196866.00000000	0.18680807	0.00790979	0.64791141
7191866.00000000	0.26778296	0.00585367	0.61767432
7186866.00000000	0.34388089	0.00283838	0.57782187
7181866.00000000	0.41674167	-0.00045404	0.52732355
7176866.00000000	0.48217120	-0.00437045	0.46896561
7171866.00000000	0.53843814	-0.00767770	0.40509982
7166866.00000000	0.58693228	-0.01112576	0.33446500
7161866.00000000	0.62435266	-0.01398410	0.26305194
7156866.00000000	0.65310184	-0.01702744	0.18823386
7151866.00000000	0.67284637	-0.01919473	0.11152151
7146866.00000000	0.68337134	-0.02139008	0.03521912
7141866.00000000	0.68490182	-0.02330264	-0.04467584
7136866.00000000	0.67653973	-0.02535785	-0.12405695
7131866.00000000	0.65801685	-0.02733786	-0.20163638
7126866.00000000	0.62808020	-0.02839215	-0.27911023
7121866.00000000	0.58695715	-0.02819424	-0.35336157
7116866.00000000	0.53601709	-0.02671701	-0.42149564
7111866.00000000	0.47707614	-0.02452084	-0.48220804
7106866.00000000	0.41044257	-0.02152835	-0.53544867
7101866.00000000	0.33978702	-0.01825711	-0.57886151
7096866.00000000	0.26769360	-0.01536636	-0.61242737
7091866.00000000	0.19084262	-0.01272076	-0.63823386
7086866.00000000	0.11401044	-0.01034753	-0.65505960
7081866.00000000	0.03657040	-0.00803644	-0.66340417
7076866.00000000	-0.04464102	-0.00600153	-0.66314886
7071866.00000000	-0.12390781	-0.00371973	-0.65366190
7066866.00000000	-0.20408682	-0.00151804	-0.63439261
7061866.00000000	-0.28239520	0.00079556	-0.60476880
7056866.00000000	-0.35746027	0.00297812	-0.56490302
7051866.00000000	-0.42686334	0.00470078	-0.51555551
7046866.00000000	-0.48843539	0.00620483	-0.45886691
7041866.00000000	-0.54339777	0.00787924	-0.39329099
7036866.00000000	-0.58706909	0.00910217	-0.32563400
7031866.00000000	-0.62179742	0.00995825	-0.25444415
7026866.00000000	-0.64868234	0.01084229	-0.17754190
7021866.00000000	-0.66548312	0.01200958	-0.10356241
7016866.00000000	-0.67413577	0.01329074	-0.02667200
7011866.00000000	-0.67379797	0.01435431	0.05317517
7006866.00000000	-0.66397891	0.01570264	0.13139883
7001866.00000000	-0.64337521	0.01739987	0.21185257
6996866.00000000	-0.61266110	0.01910696	0.28874429
6991866.00000000	-0.57183600	0.02003497	0.36140280
6986866.00000000	-0.51992218	0.02047116	0.43041040
6981866.00000000	-0.46167868	0.02024170	0.48986343
6976866.00000000	-0.39419672	0.01990741	0.54290848
6971866.00000000	-0.32492642	0.01928781	0.58477426
6966866.00000000	-0.25142950	0.01856036	0.61831213
6961866.00000000	-0.17403879	0.01796912	0.64352664
6956866.00000000	-0.09693802	0.01723807	0.65978006
6951866.00000000	-0.01680078	0.01653140	0.66784668
6946866.00000000	0.06561511	0.01527859	0.66693219
6941866.00000000	0.14523727	0.01349973	0.65702383
6936866.00000000	0.22728622	0.01084479	0.63666687
6931866.00000000	0.30567410	0.00736865	0.60608096
6926866.00000000	0.38087311	0.00321906	0.56458755
6921866.00000000	0.44951736	-0.00093115	0.51341589
6916866.00000000	0.50930429	-0.00480597	0.45464120
6911866.00000000	0.56140344	-0.00804120	0.38754370
6906866.00000000	0.60268427	-0.01053506	0.31753229
6901866.00000000	0.63485104	-0.01217490	0.24409897
6896866.00000000	0.65862582	-0.01341220	0.16661465
6891866.00000000	0.67275211	-0.01458972	0.09168085
6886866.00000000	0.67873212	-0.01634238	0.01216806
6881866.00000000	0.67548196	-0.01795734	-0.06736365
6876866.00000000	0.66240710	-0.01881799	-0.14675018
6871866.00000000	0.63799341	-0.02040579	-0.22767935
6866866.00000000	0.60307892	-0.02202341	-0.30489990
6861866.00000000	0.55846817	-0.02324759	-0.37691397
6856866.00000000	0.50381812	-0.02402814	-0.44403525
6851866.00000000	0.44251419	-0.02462997	-0.50237561
6846866.00000000	0.37302158	-0.02482758	-0.55365533
6841866.00000000	0.30210220	-0.02499072	-0.59373093
6836866.00000000	0.22685678	-0.02475290	-0.62544583
6831866.00000000	0.14971439	-0.02440576	-0.64826355
6826866.00000000	0.07164905	-0.02378891	-0.66222006
6821866.00000000	-0.01010526	-0.02287497	-0.66767746
6816866.00000000	-0.09251602	-0.02131128	-0.66383353
6811866.00000000	-0.17365445	-0.01878125	-0.65028992
6806866.00000000	-0.25579877	-0.01517444	-0.62585873
6801866.00000000	-0.33462140	-0.01074570	-0.59071759
6796866.00000000	-0.40790329	-0.00578711	-0.54552997
6791866.00000000	-0.47313898	-0.00085590	-0.49203278
6786866.00000000	-0.53115955	0.00390640	-0.42993359
6781866.00000000	-0.57781482	0.00786124	-0.36453329
6776866.00000000	-0.61550806	0.01103546	-0.29499899
6771866.00000000	-0.64439182	0.01378818	-0.22214355
6766866.00000000	-0.66436023	0.01594534	-0.14762357
6761866.00000000	-0.67569275	0.01822366	-0.07233374
6756866.00000000	-0.67831491	0.02078964	0.00578708
6751866.00000000	-0.67161505	0.02382538	0.08336893
6746866.00000000	-0.65457019	0.02681467	0.16313998
6741866.00000000	-0.62687213	0.03000610	0.24174551
6736866.00000000	-0.58840759	0.03240427	0.31775784
6731866.00000000	-0.53964172	0.03427902	0.38967328
6726866.00000000	-0.48335025	0.03484244	0.45404340
6721866.00000000	-0.41832242	0.03390622	0.51226434
6716866.00000000	-0.35044434	0.03186649	0.55972830
6711866.00000000	-0.27949768	0.02967029	0.59810760
6706866.00000000	-0.20319391	0.02745355	0.62885992
6701866.00000000	-0.12931732	0.02532880	0.64937158
6696866.00000000	-0.05134192	0.02332431	0.66226825
6691866.00000000	0.02720624	0.02164319	0.66646991
6686866.00000000	0.10584793	0.01987265	0.66150940
6681866.00000000	0.18618893	0.01807877	0.64635477
6676866.00000000	0.26348343	0.01630148	0.62101724
6671866.00000000	0.33808890	0.01465973	0.58485291
6666866.00000000	0.40743353	0.01316293	0.53874002
6661866.00000000	0.46962369	0.01149326	0.48436557
6656866.00000000	0.52554105	0.00956665	0.42113489
6651866.00000000	0.57131622	0.00716263	0.35377890
6646866.00000000	0.60775528	0.00439877	0.28319678
6641866.00000000	0.63599866	0.00106433	0.20807352
6636866.00000000	0.65469363	-0.00229443	0.13464041
6631866.00000000	0.66564728	-0.00597357	0.05732416
6626866.00000000	0.66780301	-0.01025470	-0.02198550
6621866.00000000	0.66101224	-0.01467093	-0.09850433
6616866.00000000	0.64417398	-0.01984134	-0.17829953
6611866.00000000	0.61726025	-0.02435645	-0.25546411
6606866.00000000	0.57975073	-0.02865717	-0.33058539
6601866.00000000	0.53232327	-0.03130191	-0.40068689
6596866.00000000	0.47705261	-0.03311118	-0.46356497
6591866.00000000	0.41339594	-0.03356906	-0.51973154
6586866.00000000	0.34649875	-0.03286191	-0.56556125
6581866.00000000	0.27493756	-0.03166983	-0.60334686
6576866.00000000	0.20084973	-0.03002179	-0.63248639
6571866.00000000	0.12636368	-0.02847678	-0.65280890
6566866.00000000	0.04747009	-0.02667609	-0.66561261
6561866.00000000	-0.03222925	-0.02491937	-0.66983154
6556866.00000000	-0.11092032	-0.02272787	-0.66516678
6551866.00000000	-0.19234341	-0.02026538	-0.65079547
6546866.00000000	-0.27297247	-0.01714960	-0.62593411
6541866.00000000	-0.34914758	-0.01365234	-0.59095602
6536866.00000000	-0.42017282	-0.00960562	-0.54628940
6531866.00000000	-0.48498370	-0.00583331	-0.49217303
6526866.00000000	-0.54013672	-0.00174509	-0.43143805
6521866.00000000	-0.58561725	0.00178241	-0.36568936
6516866.00000000	-0.62234576	0.00490668	-0.29506033
6511866.00000000	-0.64984192	0.00746835	-0.22145575
6506866.00000000	-0.66832605	0.01056741	-0.14718497
6501866.00000000	-0.67867560	0.01340396	-0.06852975
6496866.00000000	-0.67991360	0.01651459	0.00943692
6491866.00000000	-0.67158240	0.01995291	0.08938205
6486866.00000000	-0.65260989	0.02373883	0.17047198
6481866.00000000	-0.62320758	0.02774496	0.24910754
6476866.00000000	-0.58279678	0.03108502	0.32546078
6471866.00000000	-0.53335931	0.03369308	0.39574023
6466866.00000000	-0.47515872	0.03593466	0.46010107
6461866.00000000	-0.40984781	0.03723199	0.51676315
6456866.00000000	-0.34105167	0.03728336	0.56350421
6451866.00000000	-0.26648151	0.03695938	0.60242862
6446866.00000000	-0.19305725	0.03650046	0.63081418
6441866.00000000	-0.11681445	0.03622208	0.65104102
6436866.00000000	-0.03722543	0.03550235	0.66306973
6431866.00000000	0.04179813	0.03446484	0.66616977
6426866.00000000	0.12376974	0.03286935	0.65979495
6421866.00000000	0.20502002	0.03043365	0.64334821
6416866.00000000	0.28357303	0.02689603	0.61651181
6411866.00000000	0.36012036	0.02256061	0.57830066
6406866.00000000	0.42883902	0.01735904	0.53132449
6401866.00000000	0.49258536	0.01143326	0.47346835
6396866.00000000	0.54455878	0.00559302	0.41145605
6391866.00000000	0.58765921	-0.00020425	0.34414005
6386866.00000000	0.62285721	-0.00597839	0.27039545
6381866.00000000	0.64732687	-0.01092944	0.19821283
6376866.00000000	0.66413690	-0.01636142	0.12167102
6371866.00000000	0.67221631	-0.02220700	0.04216599
6366866.00000000	0.67120871	-0.02799051	-0.03453464
6361866.00000000	0.66062872	-0.03450299	-0.11470480
6356866.00000000	0.64014499	-0.04071719	-0.19330319
6351866.00000000	0.60969516	-0.04635965	-0.26970026
6346866.00000000	0.56835895	-0.05057175	-0.34455615
6341866.00000000	0.51975211	-0.05256131	-0.41138657
6336866.00000000	0.46137924	-0.05269858	-0.47377374
6331866.00000000	0.39825247	-0.05093250	-0.52647748
6326866.00000000	0.33082071	-0.04831723	-0.57034613
6321866.00000000	0.25831125	-0.04482486	-0.60614249
6316866.00000000	0.18501376	-0.04124603	-0.63259549
6311866.00000000	0.10793597	-0.03753549	-0.65103522
6306866.00000000	0.02938547	-0.03448654	-0.66095523
6301866.00000000	-0.04832867	-0.03086899	-0.66205215
6296866.00000000	-0.13068494	-0.02691763	-0.65365723
6291866.00000000	-0.21136066	-0.02253186	-0.63512781
6286866.00000000	-0.28904947	-0.01787149	-0.60639935
6281866.00000000	-0.36383231	-0.01287158	-0.56681134
6276866.00000000	-0.43183859	-0.00777396	-0.51805490
6271866.00000000	-0.49412534	-0.00266058	-0.45915094
6266866.00000000	-0.54579321	0.00203073	-0.39533459
6261866.00000000	-0.58853629	0.00620547	-0.32644608
6256866.00000000	-0.62243600	0.00984213	-0.25331503
6251866.00000000	-0.64696799	0.01316183	-0.17919229
6246866.00000000	-0.66359067	0.01662735	-0.10116083
6241866.00000000	-0.67152618	0.02053131	-0.02269824
6236866.00000000	-0.67059409	0.02432391	0.05681189
6231866.00000000	-0.65991315	0.02868591	0.13897076
6226866.00000000	-0.63886526	0.03310074	0.21991107
6221866.00000000	-0.60779468	0.03730542	0.29737399
6216866.00000000	-0.56626382	0.04092023	0.37104034
6211866.00000000	-0.51460278	0.04267511	0.43915710
6206866.00000000	-0.45619388	0.04376694	0.49829391
6201866.00000000	-0.39124313	0.04374527	0.54902145
6196866.00000000	-0.32096671	0.04333713	0.59092526
6191866.00000000	-0.24729156	0.04233896	0.62387619
6186866.00000000	-0.17278275	0.04116171	0.64759717
6181866.00000000	-0.09396405	0.04010242	0.66351227
6176866.00000000	-0.01482584	0.03893631	0.67053384
6171866.00000000	0.06643594	0.03714789	0.66845914
6166866.00000000	0.14842438	0.03429095	0.65675208
6161866.00000000	0.22829001	0.03026328	0.63531900
6156866.00000000	0.30841473	0.02458179	0.60262283
6151866.00000000	0.38243179	0.01815039	0.56066086
6146866.00000000	0.45123764	0.01100552	0.50889886
6141866.00000000	0.51052588	0.00415482	0.45072552
6136866.00000000	0.56019556	-0.00197980	0.38782184
6131866.00000000	0.60277512	-0.00781558	0.31730939
6126866.00000000	0.63394104	-0.01256897	0.24776855
6121866.00000000	0.65725107	-0.01693018	0.17427280
6116866.00000000	0.67185019	-0.02129855	0.09828845
6111866.00000000	0.67743857	-0.02558926	0.02158752
6106866.00000000	0.67349979	-0.03032983	-0.05680661
6101866.00000000	0.65926297	-0.03503052	-0.13538522
6096866.00000000	0.63439224	-0.03942172	-0.21227533
6091866.00000000	0.59772293	-0.04314810	-0.28895856
6086866.00000000	0.55168762	-0.04518011	-0.35992642
6081866.00000000	0.49612296	-0.04602777	-0.42626785
6076866.00000000	0.43317273	-0.04537347	-0.48546793
6071866.00000000	0.36666760	-0.04381158	-0.53517819
6066866.00000000	0.29412881	-0.04143741	-0.57770349
6061866.00000000	0.22277338	-0.03922513	-0.60965707
6056866.00000000	0.14843451	-0.03743228	-0.63384808
6051866.00000000	0.07006461	-0.03552856	-0.65031784
6046866.00000000	-0.00451328	-0.03364285	-0.65731726
6041866.00000000	-0.08433069	-0.03185413	-0.65559430
6036866.00000000	-0.16315784	-0.02995956	-0.64394391
6031866.00000000	-0.23896552	-0.02854596	-0.62239874
6026866.00000000	-0.31482037	-0.02704419	-0.58951593
6021866.00000000	-0.38432950	-0.02561057	-0.54755426
6016866.00000000	-0.44979843	-0.02386401	-0.49587540
6011866.00000000	-0.50747079	-0.02151617	-0.43756152
6006866.00000000	-0.55660867	-0.01862790	-0.37393106
6001866.00000000	-0.59800946	-0.01521301	-0.30448300
5996866.00000000	-0.62972162	-0.01159686	-0.23375665
5991866.00000000	-0.65370944	-0.00782156	-0.15892233
5986866.00000000	-0.66936020	-0.00351974	-0.08139352
5981866.00000000	-0.67631473	0.00113190	-0.00565231
5976866.00000000	-0.67478067	0.00675098	0.07372522
5971866.00000000	-0.66379581	0.01324094	0.15315109
5966866.00000000	-0.64236209	0.02040570	0.23238910
5961866.00000000	-0.60998050	0.02783112	0.30883945
5956866.00000000	-0.56698758	0.03451120	0.38016296
5951866.00000000	-0.51417651	0.04017490	0.44464566
5946866.00000000	-0.45353928	0.04414108	0.50035172
5941866.00000000	-0.38657288	0.04649576	0.54710977
5936866.00000000	-0.31467816	0.04754041	0.58493811
5931866.00000000	-0.24087274	0.04761475	0.61339474
5926866.00000000	-0.16381229	0.04728198	0.63350922
5921866.00000000	-0.08552399	0.04682953	0.64500076
5916866.00000000	-0.00624353	0.04616800	0.64771091
5911866.00000000	0.07599817	0.04519891	0.64133090
5906866.00000000	0.15887869	0.04365485	0.62509045
5901866.00000000	0.24008408	0.04126898	0.59909891
5896866.00000000	0.31940994	0.03789346	0.56295068
5891866.00000000	0.39277823	0.03367313	0.51830606
5886866.00000000	0.46118634	0.02874344	0.46411850
5881866.00000000	0.51893665	0.02357431	0.40515308
5876866.00000000	0.56866861	0.01828336	0.33906714
5871866.00000000	0.60721216	0.01335999	0.27186493
5866866.00000000	0.63673926	0.00892221	0.20205219
5861866.00000000	0.65818634	0.00443533	0.12882007
5856866.00000000	0.67103229	0.00011526	0.05463776
5851866.00000000	0.67531564	-0.00432202	-0.02206613
5846866.00000000	0.67026996	-0.00937680	-0.10045700
5841866.00000000	0.65551962	-0.01485153	-0.17709045
5836866.00000000	0.62967136	-0.02045486	-0.25473099
5831866.00000000	0.59388812	-0.02576086	-0.32767609
5826866.00000000	0.54766861	-0.03042999	-0.39660895
5821866.00000000	0.49343100	-0.03419577	-0.45826505
5816866.00000000	0.43313651	-0.03706039	-0.51144226
5811866.00000000	0.36493347	-0.03835916	-0.55819150
5806866.00000000	0.29567426	-0.03915991	-0.59465247
5801866.00000000	0.22287314	-0.03958545	-0.62332336
5796866.00000000	0.14490872	-0.03955267	-0.64453610
5791866.00000000	0.07037982	-0.03944159	-0.65667242
5786866.00000000	-0.00815085	-0.03912411	-0.66091718
5781866.00000000	-0.08860510	-0.03841837	-0.65645264
5776866.00000000	-0.16907593	-0.03709814	-0.64246863
5771866.00000000	-0.25019543	-0.03472009	-0.61811319
5766866.00000000	-0.32664227	-0.03162454	-0.58452158
5761866.00000000	-0.39995691	-0.02755493	-0.54089902
5756866.00000000	-0.46698178	-0.02302924	-0.48863306
5751866.00000000	-0.52432309	-0.01807211	-0.43089053
5746866.00000000	-0.57411658	-0.01278018	-0.36607895
5741866.00000000	-0.61345169	-0.00783841	-0.29905423
5736866.00000000	-0.64424973	-0.00306693	-0.22856311
5731866.00000000	-0.66703461	0.00162042	-0.15408264
5726866.00000000	-0.68036072	0.00585239	-0.08237332
5721866.00000000	-0.68583694	0.01061801	-0.00553085
5716866.00000000	-0.68194531	0.01573013	0.07232904
5711866.00000000	-0.66829376	0.02083304	0.14819507
5706866.00000000	-0.64310428	0.02590802	0.22577524
5701866.00000000	-0.60761874	0.03016901	0.29864200
5696866.00000000	-0.56121979	0.03365140	0.36821756
5691866.00000000	-0.50568509	0.03610315	0.43177383
5686866.00000000	-0.44361838	0.03736673	0.48725961
5681866.00000000	-0.37458496	0.03794565	0.53584970
5676866.00000000	-0.30362457	0.03821960	0.57481134
5671866.00000000	-0.22871671	0.03855930	0.60620313
5666866.00000000	-0.15219324	0.03914395	0.62911292
5661866.00000000	-0.07485284	0.03982535	0.64379205
5656866.00000000	0.00704123	0.04069928	0.65036700
5651866.00000000	0.08933594	0.04135037	0.64777896
5646866.00000000	0.17107501	0.04140927	0.63552960
5641866.00000000	0.25277170	0.04048468	0.61279807
5636866.00000000	0.32977386	0.03848251	0.58013321
5631866.00000000	0.40328638	0.03499664	0.53628217
5626866.00000000	0.46778174	0.03033249	0.48457144
5621866.00000000	0.52466678	0.02466495	0.42448431
5616866.00000000	0.57112018	0.01873053	0.35985245
5611866.00000000	0.60791476	0.01281543	0.29254053
5606866.00000000	0.63734583	0.00688437	0.21961282
5601866.00000000	0.65783173	0.00120520	0.14586621
5596866.00000000	0.67007883	-0.00466104	0.07044980
5591866.00000000	0.67392285	-0.01093527	-0.00826736
5586866.00000000	0.66847983	-0.01733472	-0.08649600
5581866.00000000	0.65319794	-0.02426144	-0.16633994
5576866.00000000	0.62772095	-0.03063687	-0.24467041
5571866.00000000	0.59173831	-0.03621533	-0.32071942
5566866.00000000	0.54634991	-0.04058398	-0.39135016
5561866.00000000	0.49277390	-0.04355728	-0.45482962
5556866.00000000	0.43139099	-0.04533890	-0.51139093
5551866.00000000	0.36491351	-0.04592419	-0.55870990
5546866.00000000	0.29525803	-0.04591971	-0.59672229
5541866.00000000	0.22045050	-0.04548819	-0.62699896
5536866.00000000	0.14631207	-0.04527411	-0.64781412
5531866.00000000	0.06775876	-0.04501123	-0.66091437
5526866.00000000	-0.01342465	-0.04456589	-0.66514301
5521866.00000000	-0.09403613	-0.04363196	-0.65993591
5516866.00000000	-0.17666599	-0.04164011	-0.64419101
5511866.00000000	-0.25699594	-0.03837061	-0.61787842
5506866.00000000	-0.33358801	-0.03392816	-0.58074335
5501866.00000000	-0.40524432	-0.02833524	-0.53300107
5496866.00000000	-0.46690216	-0.02226740	-0.47837103
5491866.00000000	-0.52173813	-0.01605270	-0.41454517
5486866.00000000	-0.56490082	-0.01037399	-0.34880200
5481866.00000000	-0.59911948	-0.00523575	-0.27993579
5476866.00000000	-0.62593887	-0.00025052	-0.20505054
5471866.00000000	-0.64283813	0.00431882	-0.13265689
5466866.00000000	-0.65174258	0.00904535	-0.05549933
5461866.00000000	-0.65127582	0.01404581	0.02463016
5456866.00000000	-0.64120654	0.01890955	0.10155902
5451866.00000000	-0.62011597	0.02391266	0.18170850
5446866.00000000	-0.58876297	0.02818549	0.25864160
5441866.00000000	-0.54694553	0.03156271	0.33308627
5436866.00000000	-0.49547552	0.03395618	0.40297549
5431866.00000000	-0.43845248	0.03525140	0.46384537
5426866.00000000	-0.37409540	0.03566644	0.51833252
5421866.00000000	-0.30719550	0.03528687	0.56289862
5416866.00000000	-0.23637854	0.03463354	0.59933267
5411866.00000000	-0.16211972	0.03390402	0.62774258
5406866.00000000	-0.08843762	0.03320792	0.64703998
5401866.00000000	-0.00991852	0.03252170	0.65872726
5396866.00000000	0.07077319	0.03167078	0.66142484
5391866.00000000	0.14775067	0.03058862	0.65497177
5386866.00000000	0.22708051	0.02865164	0.63826831
5381866.00000000	0.30282974	0.02662006	0.61141095
5376866.00000000	0.37452255	0.02412570	0.57446051
5371866.00000000	0.44009955	0.02144012	0.52837869
5366866.00000000	0.49824496	0.01831018	0.47423712
5361866.00000000	0.54783347	0.01512866	0.41384052
5356866.00000000	0.58834161	0.01218387	0.34924011
5351866.00000000	0.62081348	0.00928769	0.28031628
5346866.00000000	0.64549014	0.00642975	0.20738214
5341866.00000000	0.66152975	0.00347610	0.13430759
5336866.00000000	0.66970160	0.00015750	0.05660254
5331866.00000000	0.66885455	-0.00332953	-0.02138480
5326866.00000000	0.65851541	-0.00717929	-0.10013745
5321866.00000000	0.63738779	-0.01143399	-0.18145120
5316866.00000000	0.60608353	-0.01552057	-0.25906250
5311866.00000000	0.56451614	-0.01925912	-0.33344000
5306866.00000000	0.51460864	-0.02244958	-0.40116620
5301866.00000000	0.45757147	-0.02490433	-0.46150073
5296866.00000000	0.39347382	-0.02653424	-0.51478662
5291866.00000000	0.32720667	-0.02763275	-0.55776401
5286866.00000000	0.25418829	-0.02837192	-0.59414621
5281866.00000000	0.18165939	-0.02898279	-0.62051001
5276866.00000000	0.10685287	-0.02964624	-0.63894791
5271866.00000000	0.02845056	-0.03045642	-0.64943027
5266866.00000000	-0.05049640	-0.03115167	-0.65102368
5261866.00000000	-0.13190268	-0.03201025	-0.64321759
5256866.00000000	-0.21283264	-0.03196863	-0.62543527
5251866.00000000	-0.29040057	-0.03126215	-0.59780435
5246866.00000000	-0.36560938	-0.02975085	-0.55956543
5241866.00000000	-0.43275613	-0.02736847	-0.51310519
5236866.00000000	-0.49320755	-0.02431992	-0.45796643
5231866.00000000	-0.54415570	-0.02072925	-0.39706696
5226866.00000000	-0.58549823	-0.01710815	-0.33232675
5221866.00000000	-0.61966977	-0.01326733	-0.26091608
5216866.00000000	-0.64386502	-0.00985416	-0.19036877
5211866.00000000	-0.66044675	-0.00639905	-0.11572589
5206866.00000000	-0.66866925	-0.00277161	-0.03676791
5201866.00000000	-0.66767786	0.00085379	0.03938242
5196866.00000000	-0.65719760	0.00492804	0.11929578
5191866.00000000	-0.63653421	0.00947833	0.19845114
5186866.00000000	-0.60570068	0.01383121	0.27547983
5181866.00000000	-0.56410788	0.01799139	0.35008972
5176866.00000000	-0.51456689	0.02147198	0.41712848
5171866.00000000	-0.45647635	0.02444641	0.47783984
5166866.00000000	-0.39247571	0.02645294	0.52987964
5161866.00000000	-0.32558798	0.02755844	0.57232846
5156866.00000000	-0.25282108	0.02815991	0.60752310
5151866.00000000	-0.17859119	0.02849496	0.63353506
5146866.00000000	-0.10027161	0.02887225	0.65161816
5141866.00000000	-0.01965225	0.02874686	0.66096457
5136866.00000000	0.06104645	0.02887802	0.66095917
5131866.00000000	0.14529193	0.02833524	0.65078455
5126866.00000000	0.22524268	0.02745187	0.63067221
5121866.00000000	0.30117615	0.02584573	0.60078168
5116866.00000000	0.37498822	0.02357632	0.55960315
5111866.00000000	0.44016650	0.02081671	0.51059235
5106866.00000000	0.49931265	0.01732913	0.45250504
5101866.00000000	0.54870139	0.01376566	0.38926874
5096866.00000000	0.58943317	0.01018512	0.32144681
5091866.00000000	0.62192017	0.00679208	0.24937100
5086866.00000000	0.64527808	0.00348087	0.17679935
5081866.00000000	0.66101358	-0.00014850	0.10013861
5076866.00000000	0.66795392	-0.00446298	0.02226215
5071866.00000000	0.66563632	-0.00933801	-0.05707828
5066866.00000000	0.65311282	-0.01444687	-0.13744861
5061866.00000000	0.62987863	-0.01959827	-0.21658276
5056866.00000000	0.59631842	-0.02432761	-0.29195572
5051866.00000000	0.55254300	-0.02812881	-0.36262558
5046866.00000000	0.49898499	-0.03081339	-0.42760001
5041866.00000000	0.43934171	-0.03198495	-0.48327850
5036866.00000000	0.37441864	-0.03235025	-0.53018143
5031866.00000000	0.30352707	-0.03188986	-0.56927774
5026866.00000000	0.23097729	-0.03100113	-0.59886337
5021866.00000000	0.15711469	-0.02996210	-0.61963919
5016866.00000000	0.07802441	-0.02896542	-0.63277118
5011866.00000000	-0.00082489	-0.02792212	-0.63670813
5006866.00000000	-0.08285522	-0.02637070	-0.63157309
5001866.00000000	-0.16658124	-0.02428973	-0.61571481
4996866.00000000	-0.24603741	-0.02155914	-0.59045169
4991866.00000000	-0.32547507	-0.01794791	-0.55376624
4986866.00000000	-0.39815396	-0.01388477	-0.50800949
4981866.00000000	-0.46282980	-0.00946194	-0.45465121
4976866.00000000	-0.51875375	-0.00512216	-0.39503812
4971866.00000000	-0.56520676	-0.00078989	-0.33096817
4966866.00000000	-0.60352432	0.00367688	-0.26161172
4961866.00000000	-0.63248206	0.00766339	-0.19076813
4956866.00000000	-0.65296182	0.01111627	-0.11797241
4951866.00000000	-0.66553085	0.01464029	-0.03898395
4946866.00000000	-0.66868756	0.01808923	0.03567688
4941866.00000000	-0.66241333	0.02141144	0.11438281
4936866.00000000	-0.64573572	0.02424097	0.19222742
4931866.00000000	-0.61898877	0.02679266	0.26679263
4926866.00000000	-0.58032892	0.02832776	0.34051343
4921866.00000000	-0.53358737	0.02916544	0.40614001
4916866.00000000	-0.47773715	0.02898657	0.46637326
4911866.00000000	-0.41506085	0.02837064	0.51902896
4906866.00000000	-0.34816873	0.02710364	0.56295419
4901866.00000000	-0.27573581	0.02594919	0.59981219
4896866.00000000	-0.20388608	0.02460876	0.62702048
4891866.00000000	-0.12813855	0.02329269	0.64694684
4886866.00000000	-0.04947849	0.02187906	0.65885938
4881866.00000000	0.02877756	0.02015225	0.66199445
4876866.00000000	0.11037320	0.01830408	0.65576538
4871866.00000000	0.19191278	0.01574619	0.63919177
4866866.00000000	0.27052805	0.01266379	0.61273392
4861866.00000000	0.34730453	0.00890598	0.57516129
4856866.00000000	0.41712186	0.00458051	0.52867963
4851866.00000000	0.48113239	0.00035419	0.47257681
4846866.00000000	0.53476270	-0.00406378	0.41112497
4841866.00000000	0.57877011	-0.00788623	0.34583716
4836866.00000000	0.61475641	-0.01140231	0.27557245
4831866.00000000	0.64144815	-0.01435950	0.20442862
4826866.00000000	0.66052820	-0.01722690	0.12908194
4821866.00000000	0.67101270	-0.02001749	0.05114572
4816866.00000000	0.67235962	-0.02284985	-0.02507062
4811866.00000000	0.66404306	-0.02574792	-0.10515396
4806866.00000000	0.64542661	-0.02852805	-0.18398563
4801866.00000000	0.61634625	-0.03090601	-0.26079947
4796866.00000000	0.57614465	-0.03264462	-0.33542685
4791866.00000000	0.52694327	-0.03355780	-0.40379535
4786866.00000000	0.46999149	-0.03382840	-0.46482507
4781866.00000000	0.40771228	-0.03334088	-0.51714645
4776866.00000000	0.34057761	-0.03243777	-0.56129926
4771866.00000000	0.26936392	-0.03154565	-0.59712332
4766866.00000000	0.19743292	-0.03050015	-0.62379453
4761866.00000000	0.12091394	-0.02960788	-0.64296051
4756866.00000000	0.04080804	-0.02910715	-0.65350989
4751866.00000000	-0.03882544	-0.02781479	-0.65498688
4746866.00000000	-0.12008948	-0.02553485	-0.64651471
4741866.00000000	-0.19874582	-0.02233823	-0.62832877
4736866.00000000	-0.27735223	-0.01808231	-0.59950638
4731866.00000000	-0.35182224	-0.01306458	-0.56065790
4726866.00000000	-0.42057971	-0.00790256	-0.51251736
4721866.00000000	-0.48182211	-0.00281732	-0.45678922
4716866.00000000	-0.53364191	0.00175580	-0.39616278
4711866.00000000	-0.57861981	0.00589191	-0.32798856
4706866.00000000	-0.61337372	0.00921350	-0.25853519
4701866.00000000	-0.63965338	0.01205203	-0.18639166
4696866.00000000	-0.65812018	0.01457413	-0.10991833
4691866.00000000	-0.66756866	0.01705020	-0.03313885
4686866.00000000	-0.66807480	0.01943375	0.04695773
4681866.00000000	-0.65824393	0.02184778	0.12885345
4676866.00000000	-0.63822250	0.02410684	0.20772375
4671866.00000000	-0.60605664	0.02613116	0.28749951
4666866.00000000	-0.56404276	0.02770874	0.36069077
4661866.00000000	-0.51218356	0.02875262	0.42772314
4656866.00000000	-0.45104361	0.02904199	0.48805164
4651866.00000000	-0.38429761	0.02895831	0.53873016
4646866.00000000	-0.31152765	0.02856729	0.58071564
4641866.00000000	-0.23904407	0.02796338	0.61206177
4636866.00000000	-0.16307150	0.02718857	0.63525262
4631866.00000000	-0.08148328	0.02625684	0.65034808
4626866.00000000	-0.00445184	0.02528488	0.65610516
4621866.00000000	0.07871539	0.02402869	0.65265973
4616866.00000000	0.16203067	0.02221017	0.63911127
4611866.00000000	0.24225388	0.01946927	0.61565927
4606866.00000000	0.32182166	0.01563379	0.58103036
4601866.00000000	0.39437674	0.01113376	0.53764044
4596866.00000000	0.46079364	0.00613733	0.48506131
4591866.00000000	0.51851978	0.00116150	0.42555719
4586866.00000000	0.56551407	-0.00337415	0.36284015
4581866.00000000	0.60523074	-0.00753949	0.29341476
4576866.00000000	0.63468033	-0.01113977	0.22394809
4571866.00000000	0.65647086	-0.01449161	0.15089023
4566866.00000000	0.67021646	-0.01767899	0.07381705
4561866.00000000	0.67506332	-0.02076434	-0.00017145
4556866.00000000	0.67095398	-0.02391528	-0.07904858
4551866.00000000	0.65721967	-0.02681964	-0.15637619
4546866.00000000	0.63334821	-0.02924808	-0.23249371
4541866.00000000	0.59839154	-0.03092865	-0.30726044
4536866.00000000	0.55390012	-0.03146844	-0.37647998
4531866.00000000	0.50143307	-0.03102722	-0.43849884
4526866.00000000	0.44141974	-0.02934726	-0.49353284
4521866.00000000	0.37728671	-0.02711816	-0.53948108
4516866.00000000	0.30685297	-0.02426019	-0.57844510
4511866.00000000	0.23495490	-0.02113190	-0.60855869
4506866.00000000	0.15960333	-0.01788763	-0.63092645
4501866.00000000	0.08158862	-0.01431384	-0.64519336
4496866.00000000	0.00358957	-0.01081857	-0.65086682
4491866.00000000	-0.07893845	-0.00677325	-0.64761310
4486866.00000000	-0.16119092	-0.00213834	-0.63440292
4481866.00000000	-0.24114691	0.00291547	-0.61116006
4476866.00000000	-0.31998761	0.00786462	-0.57676144
4471866.00000000	-0.39220523	0.01261450	-0.53319897
4466866.00000000	-0.45880014	0.01688074	-0.47984662
4461866.00000000	-0.51553314	0.02038208	-0.42056412
4456866.00000000	-0.56415887	0.02303857	-0.35497852
4451866.00000000	-0.60234048	0.02503552	-0.28749454
4446866.00000000	-0.63183612	0.02677869	-0.21739975
4441866.00000000	-0.65369476	0.02843893	-0.14224170
4436866.00000000	-0.66637943	0.02992801	-0.06681339
4431866.00000000	-0.67024149	0.03113681	0.01067050
4426866.00000000	-0.66424918	0.03227588	0.09183539
4421866.00000000	-0.64818787	0.03284186	0.17039584
4416866.00000000	-0.62113727	0.03264932	0.24943741
4411866.00000000	-0.58438269	0.03152216	0.32401096
4406866.00000000	-0.53815598	0.02943045	0.39387778
4401866.00000000	-0.48392291	0.02635675	0.45702127
4396866.00000000	-0.42391428	0.02261050	0.51140543
4391866.00000000	-0.35797534	0.01856329	0.55794522
4386866.00000000	-0.28851855	0.01445657	0.59559329
4381866.00000000	-0.21698431	0.01055353	0.62449011
4376866.00000000	-0.13922485	0.00672180	0.64614279
4371866.00000000	-0.06421661	0.00330838	0.65839185
4366866.00000000	0.01419064	0.00000635	0.66260394
4361866.00000000	0.09517621	-0.00325269	0.65738239
4356866.00000000	0.17369299	-0.00606625	0.64286053
4351866.00000000	0.25337073	-0.00862964	0.61781366
4346866.00000000	0.32885373	-0.01052637	0.58310236
4341866.00000000	0.39829153	-0.01158572	0.53992078
4336866.00000000	0.46291150	-0.01217105	0.48767413
4331866.00000000	0.51830389	-0.01240717	0.43019135
4326866.00000000	0.56712253	-0.01243427	0.36507245
4321866.00000000	0.60504785	-0.01241907	0.29946307
4316866.00000000	0.63502682	-0.01250101	0.23069193
4311866.00000000	0.65802246	-0.01282419	0.15548312
4306866.00000000	0.67167542	-0.01341916	0.08277264
4301866.00000000	0.67708929	-0.01435101	0.00554764
4296866.00000000	0.67274084	-0.01564471	-0.07457730
4291866.00000000	0.65887665	-0.01703064	-0.14987604
4286866.00000000	0.63320694	-0.01851187	-0.22887137
4281866.00000000	0.59737454	-0.01965619	-0.30295474
4276866.00000000	0.55130667	-0.02047534	-0.37297446
4271866.00000000	0.49606738	-0.02079807	-0.43703033
4266866.00000000	0.43493124	-0.02039227	-0.49238354
4261866.00000000	0.36719199	-0.01956451	-0.54058032
4256866.00000000	0.29643665	-0.01844931	-0.57964087
4251866.00000000	0.22385733	-0.01744012	-0.61004092
4246866.00000000	0.14645016	-0.01662476	-0.63322897
4241866.00000000	0.07020975	-0.01578488	-0.64735416
4236866.00000000	-0.01003745	-0.01517908	-0.65322665
4231866.00000000	-0.09234488	-0.01472339	-0.64983310
4226866.00000000	-0.17142120	-0.01443579	-0.63687823
4221866.00000000	-0.25193729	-0.01392377	-0.61309799
4216866.00000000	-0.32783704	-0.01325983	-0.57933966
4211866.00000000	-0.39812613	-0.01223526	-0.53636780
4206866.00000000	-0.46232993	-0.01089755	-0.48445053
4201866.00000000	-0.51702634	-0.00924002	-0.42713971
4196866.00000000	-0.56445712	-0.00719824	-0.36303375
4191866.00000000	-0.60215335	-0.00510992	-0.29661752
4186866.00000000	-0.63187756	-0.00285635	-0.22648642
4181866.00000000	-0.65356415	-0.00050192	-0.15350137
4176866.00000000	-0.66666095	0.00209497	-0.08049326
4171866.00000000	-0.67156891	0.00520642	-0.00261816
4166866.00000000	-0.66696259	0.00873450	0.07490100
4161866.00000000	-0.65248459	0.01269446	0.15231403
4156866.00000000	-0.62685553	0.01688846	0.23033289
4151866.00000000	-0.59121100	0.02049811	0.30391470
4146866.00000000	-0.54559415	0.02303064	0.37342432
4141866.00000000	-0.49115500	0.02448718	0.43718466
4136866.00000000	-0.43031265	0.02531235	0.49300583
4131866.00000000	-0.36414056	0.02492462	0.54100479
4126866.00000000	-0.29465393	0.02387524	0.58060843
4121866.00000000	-0.22024442	0.02265842	0.61301263
4116866.00000000	-0.14520642	0.02151532	0.63669617
4111866.00000000	-0.06793094	0.02108124	0.65242691
4106866.00000000	0.01302893	0.01954184	0.65978531
4101866.00000000	0.09345761	0.01809882	0.65790759
4096866.00000000	0.17558664	0.01598553	0.64565891
4091866.00000000	0.25544516	0.01401105	0.62279126
4086866.00000000	0.33055603	0.01150583	0.58953970
4081866.00000000	0.40195724	0.00858414	0.54515192
4076866.00000000	0.46419287	0.00560153	0.49284158
4071866.00000000	0.51961719	0.00269321	0.43164297
4066866.00000000	0.56427744	0.00009033	0.36715994
4061866.00000000	0.60057181	-0.00218698	0.29835822
4056866.00000000	0.62945087	-0.00431830	0.22379749
4051866.00000000	0.64894666	-0.00621774	0.15023651
4046866.00000000	0.66064523	-0.00808240	0.07263766
4041866.00000000	0.66358810	-0.00992834	-0.00897617
4036866.00000000	0.65708130	-0.01163806	-0.08854703
4031866.00000000	0.64024738	-0.01319064	-0.17078476
4026866.00000000	0.61306055	-0.01460736	-0.25047681
4021866.00000000	0.57615054	-0.01566071	-0.32516013
4016866.00000000	0.52863715	-0.01592691	-0.39578961
4011866.00000000	0.47392651	-0.01563705	-0.45723663
4006866.00000000	0.41228915	-0.01511093	-0.51027148
4001866.00000000	0.34588742	-0.01420264	-0.55409088
3996866.00000000	0.27643900	-0.01334897	-0.58865161
3991866.00000000	0.20097263	-0.01243939	-0.61572021
3986866.00000000	0.12617474	-0.01165576	-0.63330731
3981866.00000000	0.04735797	-0.01090604	-0.64253931
3976866.00000000	-0.03370471	-0.00994232	-0.64253598
3971866.00000000	-0.11499228	-0.00847229	-0.63297244
3966866.00000000	-0.19769229	-0.00663477	-0.61278778
3961866.00000000	-0.27777121	-0.00411282	-0.58242053
3956866.00000000	-0.35228003	-0.00117004	-0.54313135
3951866.00000000	-0.42233997	0.00211984	-0.49416678
3946866.00000000	-0.48366595	0.00523053	-0.43883282
3941866.00000000	-0.53759525	0.00804993	-0.37646652
3936866.00000000	-0.58197369	0.01030606	-0.31041272
3931866.00000000	-0.61765723	0.01219153	-0.24161270
3926866.00000000	-0.64576370	0.01380164	-0.16825604
3921866.00000000	-0.66509076	0.01524634	-0.09422723
3916866.00000000	-0.67617059	0.01657190	-0.01666656
3911866.00000000	-0.67781226	0.01770370	0.06277625
3906866.00000000	-0.66942471	0.01848459	0.14076755
3901866.00000000	-0.64972110	0.01882632	0.21999915
3896866.00000000	-0.61962128	0.01860974	0.29425739
3891866.00000000	-0.57853796	0.01780746	0.36478900
3886866.00000000	-0.52812369	0.01653049	0.42864432
3881866.00000000	-0.47038669	0.01518661	0.48435568
3876866.00000000	-0.40659326	0.01349234	0.53186230
3871866.00000000	-0.33988214	0.01190750	0.57019229
3866866.00000000	-0.26884686	0.01022318	0.60095102
3861866.00000000	-0.19542645	0.00886774	0.62370139
3856866.00000000	-0.12117206	0.00729330	0.63843793
3851866.00000000	-0.04312289	0.00545901	0.64570135
3846866.00000000	0.03531525	0.00359308	0.64443976
3841866.00000000	0.11556503	0.00145108	0.63437857
3836866.00000000	0.19500632	-0.00064389	0.61513678
3831866.00000000	0.27280640	-0.00305026	0.58653287
3826866.00000000	0.34617178	-0.00459918	0.54942154
3821866.00000000	0.41436490	-0.00550339	0.50395007
3816866.00000000	0.47644501	-0.00567908	0.45061053
3811866.00000000	0.52902127	-0.00539282	0.39269876
3806866.00000000	0.57358405	-0.00484793	0.32990646
3801866.00000000	0.61081534	-0.00405045	0.26087683
3796866.00000000	0.63822562	-0.00325070	0.19171933
3791866.00000000	0.65775552	-0.00252481	0.11920334
3786866.00000000	0.66895850	-0.00198907	0.04252203
3781866.00000000	0.67072803	-0.00179562	-0.03447293
3776866.00000000	0.66244287	-0.00200790	-0.11369257
3771866.00000000	0.64320279	-0.00247629	-0.19288016
3766866.00000000	0.61306979	-0.00329852	-0.26939352
3761866.00000000	0.57115131	-0.00424356	-0.34383072
3756866.00000000	0.52054568	-0.00491992	-0.41029660
3751866.00000000	0.46098764	-0.00522861	-0.47034354
3746866.00000000	0.39557144	-0.00533505	-0.52137347
3741866.00000000	0.32648642	-0.00510748	-0.56318832
3736866.00000000	0.25118622	-0.00483209	-0.59777106
3731866.00000000	0.17738837	-0.00451797	-0.62231058
3726866.00000000	0.09921896	-0.00453714	-0.63946643
3721866.00000000	0.01641638	-0.00453726	-0.64837061
3716866.00000000	-0.06412640	-0.00493390	-0.64776605
3711866.00000000	-0.14826398	-0.00519949	-0.63698407
3706866.00000000	-0.22881790	-0.00564151	-0.61610028
3701866.00000000	-0.30749380	-0.00581360	-0.58420798
3696866.00000000	-0.38212085	-0.00528760	-0.54136826
3691866.00000000	-0.44785370	-0.00447360	-0.49045074
3686866.00000000	-0.50626093	-0.00340820	-0.43121167
3681866.00000000	-0.55520630	-0.00215619	-0.36685413
3676866.00000000	-0.59460904	-0.00107605	-0.29936041
3671866.00000000	-0.62607990	-0.00012936	-0.22730411
3666866.00000000	-0.64850116	0.00050876	-0.15458792
3661866.00000000	-0.66290680	0.00099811	-0.07843307
3656866.00000000	-0.66829358	0.00123578	-0.00007162
3651866.00000000	-0.66434344	0.00134351	0.07673456
3646866.00000000	-0.65025745	0.00126019	0.15601111
3641866.00000000	-0.62589111	0.00090775	0.23325714
3636866.00000000	-0.59162408	0.00054938	0.30726151
3631866.00000000	-0.54714441	-0.00023444	0.37803348
3626866.00000000	-0.49518073	-0.00092410	0.44150262
3621866.00000000	-0.43663031	-0.00198489	0.49744894
3616866.00000000	-0.37280011	-0.00260913	0.54531140
3611866.00000000	-0.30486346	-0.00338196	0.58516156
3606866.00000000	-0.23301260	-0.00385107	0.61694708
3601866.00000000	-0.15952518	-0.00435068	0.64047833
3596866.00000000	-0.08230853	-0.00410495	0.65634882
3591866.00000000	-0.00399948	-0.00373862	0.66366025
3586866.00000000	0.07527725	-0.00289447	0.66214664
3581866.00000000	0.15665863	-0.00186423	0.65053128
3576866.00000000	0.23546564	-0.00097943	0.62859058
3571866.00000000	0.31040253	-0.00002289	0.59646097
3566866.00000000	0.38027390	0.00062946	0.55442352
3561866.00000000	0.44319904	0.00072867	0.50374197
3556866.00000000	0.49917807	0.00049011	0.44468002
3551866.00000000	0.54550009	-0.00006561	0.38141626
3546866.00000000	0.58445007	-0.00068686	0.31204288
3541866.00000000	0.61374936	-0.00149380	0.24229419
3536866.00000000	0.63564563	-0.00244199	0.16881979
3531866.00000000	0.64964053	-0.00344675	0.09159018
3526866.00000000	0.65477594	-0.00473581	0.01428528
3521866.00000000	0.65081918	-0.00608936	-0.06593716
3516866.00000000	0.63715015	-0.00751770	-0.14606512
3511866.00000000	0.61353995	-0.00846890	-0.22456998
3506866.00000000	0.57946927	-0.00902826	-0.30124127
3501866.00000000	0.53690811	-0.01004330	-0.37119147
3496866.00000000	0.48476102	-0.00978729	-0.43594412
3491866.00000000	0.42665915	-0.00895789	-0.49136304
3486866.00000000	0.36357401	-0.00798813	-0.53818591
3481866.00000000	0.29472180	-0.00665326	-0.57732040
3476866.00000000	0.22340097	-0.00529626	-0.60776828
3471866.00000000	0.14917075	-0.00385135	-0.63021283
3466866.00000000	0.06947925	-0.00206635	-0.64471707
3461866.00000000	-0.00788269	-0.00061032	-0.65031879
3456866.00000000	-0.08944467	0.00095096	-0.64697522
3451866.00000000	-0.17181714	0.00273746	-0.63389026
3446866.00000000	-0.25202283	0.00438364	-0.61109888
3441866.00000000	-0.33017398	0.00592029	-0.57785562
3436866.00000000	-0.40151041	0.00729105	-0.53606042
3431866.00000000	-0.46616916	0.00865689	-0.48542609
3426866.00000000	-0.52246182	0.00991617	-0.42743457
3421866.00000000	-0.56888297	0.01101321	-0.36498807
3416866.00000000	-0.60771866	0.01201843	-0.29593607
3411866.00000000	-0.63630881	0.01277200	-0.22710693
3406866.00000000	-0.65766611	0.01351324	-0.15267896
3401866.00000000	-0.67071466	0.01416495	-0.07400769
3396866.00000000	-0.67450851	0.01474231	0.00302957
3391866.00000000	-0.66898810	0.01523987	0.08430463
3386866.00000000	-0.65297253	0.01540942	0.16611899
3381866.00000000	-0.62684738	0.01526743	0.24502670
3376866.00000000	-0.58959647	0.01447397	0.32200626
3371866.00000000	-0.54328122	0.01329892	0.39220676
3366866.00000000	-0.48810916	0.01192847	0.45560336
3361866.00000000	-0.42641934	0.01040363	0.51037222
3356866.00000000	-0.35978387	0.00864841	0.55590286
3351866.00000000	-0.28860861	0.00700238	0.59308795
3346866.00000000	-0.21507867	0.00539197	0.62131906
3341866.00000000	-0.13844910	0.00381958	0.64126541
3336866.00000000	-0.05781073	0.00230612	0.65263702
3331866.00000000	0.02195709	0.00098062	0.65463062
3326866.00000000	0.10526569	-0.00040387	0.64698306
3321866.00000000	0.18945963	-0.00186401	0.62864484
3316866.00000000	0.26926816	-0.00313934	0.60075919
3311866.00000000	0.34729880	-0.00432281	0.56198193
3306866.00000000	0.41849936	-0.00519125	0.51450623
3301866.00000000	0.48102908	-0.00579980	0.46014972
3296866.00000000	0.53525433	-0.00602332	0.39941144
3291866.00000000	0.58035907	-0.00589365	0.33422443
3286866.00000000	0.61694067	-0.00551538	0.26481421
3281866.00000000	0.64449576	-0.00513400	0.19351678
3276866.00000000	0.66383917	-0.00471402	0.11958035
3271866.00000000	0.67458652	-0.00444904	0.04336310
3266866.00000000	0.67607959	-0.00430490	-0.03453464
3261866.00000000	0.66736456	-0.00458896	-0.11416080
3256866.00000000	0.64793179	-0.00479071	-0.19256152
3251866.00000000	0.61740271	-0.00556726	-0.26937924
3246866.00000000	0.57651526	-0.00690314	-0.34199695
3241866.00000000	0.52565491	-0.00821103	-0.40971283
3236866.00000000	0.46841492	-0.00924698	-0.46877930
3231866.00000000	0.40573074	-0.01003955	-0.51990430
3226866.00000000	0.33525046	-0.01036313	-0.56508884
3221866.00000000	0.26490219	-0.01079770	-0.59997772
3216866.00000000	0.19156931	-0.01127359	-0.62719357
3211866.00000000	0.11413998	-0.01164117	-0.64695364
3206866.00000000	0.03586539	-0.01220227	-0.65837662
3201866.00000000	-0.04502103	-0.01278055	-0.66100244
3196866.00000000	-0.12628464	-0.01311877	-0.65414761
3191866.00000000	-0.20682239	-0.01284296	-0.63733569
3186866.00000000	-0.28493564	-0.01210162	-0.61050223
3181866.00000000	-0.35854184	-0.01039252	-0.57382419
3176866.00000000	-0.42576428	-0.00779266	-0.52840305
3171866.00000000	-0.48624109	-0.00471628	-0.47476022
3166866.00000000	-0.53765561	-0.00169128	-0.41545981
3161866.00000000	-0.58157117	0.00122726	-0.35007526
3156866.00000000	-0.61642386	0.00429254	-0.28176700
3151866.00000000	-0.64322522	0.00722345	-0.21033591
3146866.00000000	-0.66257162	0.01013873	-0.13353601
3141866.00000000	-0.67282748	0.01288992	-0.05699228
3136866.00000000	-0.67432040	0.01556976	0.02308707
3131866.00000000	-0.66565027	0.01800015	0.10690015
3126866.00000000	-0.64696265	0.01966730	0.18768378
3121866.00000000	-0.61718365	0.02064337	0.26868973
3116866.00000000	-0.57753217	0.02061789	0.34480307
3111866.00000000	-0.52872760	0.01976666	0.41523825
3106866.00000000	-0.47183670	0.01818338	0.47848425
3101866.00000000	-0.40950992	0.01638354	0.53252988
3096866.00000000	-0.34191104	0.01473529	0.57843680
3091866.00000000	-0.27087628	0.01365411	0.61576889
3086866.00000000	-0.19650952	0.01348932	0.64515277
3081866.00000000	-0.11649033	0.01440115	0.66757111
3076866.00000000	-0.03554517	0.01643594	0.68143796
3071866.00000000	0.05226572	0.01996185	0.68780658
3066866.00000000	0.14538611	0.02532864	0.68526404
3061866.00000000	0.24160330	0.03180713	0.67348193
3056866.00000000	0.34210629	0.03885327	0.65164346
3051866.00000000	0.44308035	0.04358630	0.61861661
3046866.00000000	0.53481845	0.04489523	0.57573810
3041866.00000000	0.61567795	0.04306778	0.52232816
3036866.00000000	0.68124448	0.03939886	0.46074808
3031866.00000000	0.73320593	0.03507272	0.39190308
3026866.00000000	0.77178625	0.03042230	0.31898996
3021866.00000000	0.79900058	0.02525684	0.24139725
3016866.00000000	0.81458154	0.01886386	0.15953259
3011866.00000000	0.81734811	0.01070892	0.07534164
3006866.00000000	0.80517114	0.00043118	-0.01320251
3001866.00000000	0.77531201	-0.01125610	-0.10478525
2996866.00000000	0.72958768	-0.02178558	-0.19234097
2991866.00000000	0.66858847	-0.02942856	-0.27839508
2986866.00000000	0.59895358	-0.03304370	-0.35691360
2981866.00000000	0.52530746	-0.03304504	-0.42666153
2976866.00000000	0.44975546	-0.03104895	-0.48685742
2971866.00000000	0.37253659	-0.02812759	-0.53817245
2966866.00000000	0.29787589	-0.02525839	-0.57825851
2961866.00000000	0.22179388	-0.02249435	-0.61022037
2956866.00000000	0.14370349	-0.02007431	-0.63427521
2951866.00000000	0.06502185	-0.01825397	-0.64957532
2946866.00000000	-0.01490247	-0.01713831	-0.65609717
2941866.00000000	-0.09656967	-0.01611432	-0.65291055
2936866.00000000	-0.17676056	-0.01541684	-0.63974066
2931866.00000000	-0.25575705	-0.01494382	-0.61573163
2926866.00000000	-0.33146765	-0.01476617	-0.58113483
2921866.00000000	-0.40179706	-0.01486523	-0.53630939
2916866.00000000	-0.46295969	-0.01494055	-0.48474744
2911866.00000000	-0.51697171	-0.01491946	-0.42597754
2906866.00000000	-0.56357339	-0.01493961	-0.36072476
2901866.00000000	-0.60084833	-0.01485767	-0.29330365
2896866.00000000	-0.63042966	-0.01483502	-0.22260242
2891866.00000000	-0.65283908	-0.01476041	-0.14694574
2886866.00000000	-0.66649872	-0.01466272	-0.07187540
2881866.00000000	-0.67192026	-0.01433176	0.00682153
2876866.00000000	-0.66796277	-0.01360205	0.08752460
2871866.00000000	-0.65407440	-0.01246472	0.16734082
2866866.00000000	-0.62944043	-0.01069077	0.24692444
2861866.00000000	-0.59476166	-0.00854294	0.32265549
2856866.00000000	-0.55035770	-0.00584717	0.39352771
2851866.00000000	-0.49773865	-0.00267081	0.45741455
2846866.00000000	-0.43919131	0.00046951	0.51259161
2841866.00000000	-0.37384421	0.00339670	0.56060138
2836866.00000000	-0.30616904	0.00623663	0.59898468
2831866.00000000	-0.23498117	0.00874362	0.62931934
2826866.00000000	-0.15918439	0.01145557	0.65190295
2821866.00000000	-0.08373621	0.01379114	0.66548499
2816866.00000000	-0.00467493	0.01619742	0.67032443
2811866.00000000	0.07806906	0.01804547	0.66537711
2806866.00000000	0.15851965	0.01938712	0.65034067
2801866.00000000	0.23981302	0.02007993	0.62419629
2796866.00000000	0.31717117	0.02012659	0.58805408
2791866.00000000	0.38949588	0.01967758	0.54256546
2786866.00000000	0.45552338	0.01871295	0.48866052
2781866.00000000	0.51199771	0.01755191	0.42971674
2776866.00000000	0.56074908	0.01627496	0.36501077
2771866.00000000	0.60011169	0.01503772	0.29784668
2766866.00000000	0.63140518	0.01386224	0.22726199
2761866.00000000	0.65495706	0.01267590	0.15237762
2756866.00000000	0.66916620	0.01136646	0.07897760
2751866.00000000	0.67483005	0.00973672	0.00086368
2746866.00000000	0.67046527	0.00778198	-0.07832605
2741866.00000000	0.65563586	0.00559827	-0.15591095
2736866.00000000	0.62916980	0.00319409	-0.23442969
2731866.00000000	0.59194421	0.00075919	-0.30912082
2726866.00000000	0.54548611	-0.00156015	-0.37797272
2721866.00000000	0.49023416	-0.00393713	-0.44097498
2716866.00000000	0.42930182	-0.00607278	-0.49546689
2711866.00000000	0.36212219	-0.00812967	-0.54313397
2706866.00000000	0.29251883	-0.00996335	-0.58157532
2701866.00000000	0.21917667	-0.01184796	-0.61240515
2696866.00000000	0.14306235	-0.01377008	-0.63497604
2691866.00000000	0.06513400	-0.01604025	-0.64900287
2686866.00000000	-0.01617453	-0.01843787	-0.65406003
2681866.00000000	-0.09905237	-0.02112234	-0.64917410
2676866.00000000	-0.18040793	-0.02383871	-0.63394260
2671866.00000000	-0.26175119	-0.02633728	-0.60762781
2666866.00000000	-0.33987415	-0.02835925	-0.57040625
2661866.00000000	-0.41081348	-0.02962082	-0.52460599
2656866.00000000	-0.47464670	-0.03008273	-0.47097879
2651866.00000000	-0.53098257	-0.02973712	-0.40998511
2646866.00000000	-0.57691528	-0.02898566	-0.34627332
2641866.00000000	-0.61443399	-0.02806595	-0.27908188
2636866.00000000	-0.64416321	-0.02699704	-0.20784979
2631866.00000000	-0.66548807	-0.02583841	-0.13419440
2626866.00000000	-0.67808298	-0.02422861	-0.05917758
2621866.00000000	-0.68160327	-0.02197403	0.02002826
2616866.00000000	-0.67479788	-0.01868524	0.09851593
2611866.00000000	-0.65714996	-0.01431488	0.17686411
2606866.00000000	-0.62797690	-0.00902533	0.25440152
2601866.00000000	-0.58835843	-0.00318625	0.32733441
2596866.00000000	-0.53915726	0.00259351	0.39521414
2591866.00000000	-0.48294095	0.00786703	0.45518240
2586866.00000000	-0.41945407	0.01244656	0.50850629
2581866.00000000	-0.35316296	0.01621317	0.55226804
2576866.00000000	-0.28373599	0.01939557	0.58793402
2571866.00000000	-0.20927286	0.02236948	0.61632736
2566866.00000000	-0.13525824	0.02517145	0.63561740
2561866.00000000	-0.05792047	0.02801395	0.64674969
2556866.00000000	0.02216998	0.03080124	0.64885663
2551866.00000000	0.10236142	0.03330438	0.64100543
2546866.00000000	0.18412027	0.03507352	0.62229181
2541866.00000000	0.26289706	0.03607892	0.59331818
2536866.00000000	0.33778165	0.03594412	0.55457797
2531866.00000000	0.40833179	0.03483591	0.50640289
2526866.00000000	0.47067538	0.03279434	0.45173749
2521866.00000000	0.52587317	0.03019299	0.39047189
2516866.00000000	0.57241946	0.02725681	0.32488690
2511866.00000000	0.61015765	0.02429703	0.25660892
2506866.00000000	0.64089526	0.02133844	0.18231610
2501866.00000000	0.66189398	0.01843216	0.11008575
2496866.00000000	0.67523398	0.01522125	0.03341855
2491866.00000000	0.67950180	0.01135437	-0.04699878
2486866.00000000	0.67382562	0.00689819	-0.12493408
2481866.00000000	0.65727017	0.00154141	-0.20452957
2476866.00000000	0.62962689	-0.00445993	-0.28124481
2471866.00000000	0.59129831	-0.01047095	-0.35331473
2466866.00000000	0.54235605	-0.01640802	-0.42036417
2461866.00000000	0.48618735	-0.02145596	-0.47859113
2456866.00000000	0.42294452	-0.02579108	-0.52927908
2451866.00000000	0.35527512	-0.02928006	-0.57146414
2446866.00000000	0.28447031	-0.03231488	-0.60541492
2441866.00000000	0.20903226	-0.03519537	-0.63215903
2436866.00000000	0.13304837	-0.03798654	-0.65035165
2431866.00000000	0.05331131	-0.04088049	-0.66063095
2426866.00000000	-0.02998563	-0.04381290	-0.66203210
2421866.00000000	-0.11153757	-0.04610962	-0.65420978
2416866.00000000	-0.19523944	-0.04749808	-0.63612933
2411866.00000000	-0.27603925	-0.04775922	-0.60787683
2406866.00000000	-0.35104486	-0.04668582	-0.57053568
2401866.00000000	-0.42076169	-0.04446170	-0.52382153
2396866.00000000	-0.48256738	-0.04136392	-0.46911139
2391866.00000000	-0.53482404	-0.03803949	-0.40948373
2386866.00000000	-0.57883090	-0.03464420	-0.34487619
2381866.00000000	-0.61472342	-0.03143182	-0.27612186
2376866.00000000	-0.64271494	-0.02827200	-0.20361371
2371866.00000000	-0.66237054	-0.02502365	-0.12915305
2366866.00000000	-0.67376245	-0.02140979	-0.05139023
2361866.00000000	-0.67599698	-0.01708008	0.02845493
2356866.00000000	-0.66820169	-0.01205719	0.10940738
2351866.00000000	-0.64960532	-0.00631931	0.19046411
2346866.00000000	-0.62007510	-0.00023151	0.26927155
2341866.00000000	-0.58109558	0.00568057	0.34159915
2336866.00000000	-0.53249786	0.01145105	0.40875955
2331866.00000000	-0.47545688	0.01681958	0.46883524
2326866.00000000	-0.41459973	0.02148865	0.51899887
2321866.00000000	-0.34851285	0.02590460	0.56160507
2316866.00000000	-0.27805270	0.03027521	0.59639963
2311866.00000000	-0.20604227	0.03490060	0.62260559
2306866.00000000	-0.13094626	0.03982019	0.64088071
2301866.00000000	-0.05189108	0.04535156	0.65086053
2296866.00000000	0.02823682	0.05071954	0.65128461
2291866.00000000	0.11007751	0.05552133	0.64181876
2286866.00000000	0.19217990	0.05901175	0.62178973
2281866.00000000	0.27109991	0.06042310	0.59199176
2276866.00000000	0.34651486	0.05972043	0.55239154
2271866.00000000	0.41383908	0.05716586	0.50595538
2266866.00000000	0.47537512	0.05318311	0.45129687
2261866.00000000	0.52756128	0.04858621	0.39221243
2256866.00000000	0.57163599	0.04393164	0.32863077
2251866.00000000	0.60872961	0.03934180	0.25908151
2246866.00000000	0.63581311	0.03515598	0.19084735
2241866.00000000	0.65584097	0.03087558	0.11769656
2236866.00000000	0.66760779	0.02623502	0.04014484
2231866.00000000	0.66977377	0.02145218	-0.03584262
2226866.00000000	0.66197925	0.01626010	-0.11416827
2221866.00000000	0.64329208	0.01103305	-0.19276950
2216866.00000000	0.61371689	0.00602625	-0.26933047
2211866.00000000	0.57378461	0.00120438	-0.34181592
2206866.00000000	0.52551761	-0.00334677	-0.40740112
2201866.00000000	0.46957635	-0.00774582	-0.46608704
2196866.00000000	0.40735822	-0.01183389	-0.51709183
2191866.00000000	0.34187653	-0.01557462	-0.55895297
2186866.00000000	0.26999722	-0.01935971	-0.59414551
2181866.00000000	0.19859756	-0.02338196	-0.61967371
2176866.00000000	0.12284509	-0.02767715	-0.63769223
2171866.00000000	0.04412955	-0.03243417	-0.64738879
2166866.00000000	-0.03581927	-0.03714508	-0.64798370
2161866.00000000	-0.11801398	-0.04178278	-0.63879486
2156866.00000000	-0.20097910	-0.04567389	-0.61915402
2151866.00000000	-0.27923779	-0.04858716	-0.59033212
2146866.00000000	-0.35468338	-0.05030295	-0.55141306
2141866.00000000	-0.42318079	-0.05086349	-0.50412949
2136866.00000000	-0.48458649	-0.05042194	-0.44873212
2131866.00000000	-0.53706757	-0.04930817	-0.38773648
2126866.00000000	-0.57977866	-0.04797418	-0.32321939
2121866.00000000	-0.61471561	-0.04650021	-0.25389764
2116866.00000000	-0.64088309	-0.04512628	-0.18248035
2111866.00000000	-0.65911905	-0.04355460	-0.10732755
2106866.00000000	-0.66862054	-0.04143927	-0.02860193
2101866.00000000	-0.66865506	-0.03858542	0.04822394
2096866.00000000	-0.65858444	-0.03437238	0.12871552
2091866.00000000	-0.63723584	-0.02871567	0.20915582
2086866.00000000	-0.60581812	-0.02196805	0.28455145
2081866.00000000	-0.56329761	-0.01426932	0.35686572
2076866.00000000	-0.51166623	-0.00628296	0.42214789
2071866.00000000	-0.45327597	0.00140982	0.47879361
2066866.00000000	-0.38912384	0.00839746	0.52724512
2061866.00000000	-0.32094714	0.01498868	0.56713785
2056866.00000000	-0.24828717	0.02129233	0.59922260
2051866.00000000	-0.17442719	0.02764529	0.62252991
2046866.00000000	-0.09559512	0.03428293	0.63799860
2041866.00000000	-0.01552753	0.04116376	0.64421719
2036866.00000000	0.06584326	0.04784921	0.64091727
2031866.00000000	0.14910019	0.05406680	0.62717691
2026866.00000000	0.22989874	0.05883270	0.60337982
2021866.00000000	0.30811264	0.06185434	0.56911020
2016866.00000000	0.38059662	0.06288809	0.52584518
2011866.00000000	0.44587372	0.06218195	0.47458020
2006866.00000000	0.50183978	0.06017078	0.41784290
2001866.00000000	0.54900024	0.05720319	0.35672577
1996866.00000000	0.58889111	0.05386295	0.28973486
1991866.00000000	0.61921060	0.05042871	0.22167017
1986866.00000000	0.64137820	0.04675479	0.15096854
1981866.00000000	0.65547101	0.04247617	0.07491699
1976866.00000000	0.65990048	0.03732678	-0.00215454
1971866.00000000	0.65411319	0.03101373	-0.08223529
1966866.00000000	0.63732642	0.02339569	-0.16293500
1961866.00000000	0.61008957	0.01476468	-0.24076840
1956866.00000000	0.57155820	0.00533389	-0.31736572
1951866.00000000	0.52427777	-0.00391815	-0.38767526
1946866.00000000	0.46990579	-0.01250400	-0.45058936
1941866.00000000	0.40920923	-0.02021130	-0.50627026
1936866.00000000	0.34449390	-0.02697781	-0.55338702
1931866.00000000	0.27405496	-0.03336572	-0.59349374
1926866.00000000	0.20359354	-0.03934421	-0.62403577
1921866.00000000	0.12960956	-0.04535110	-0.64703177
1916866.00000000	0.05050375	-0.05158212	-0.66205740
1911866.00000000	-0.02680533	-0.05714807	-0.66740045
1906866.00000000	-0.10789960	-0.06183850	-0.66281223
1901866.00000000	-0.18918777	-0.06483722	-0.64717987
1896866.00000000	-0.26707965	-0.06535425	-0.62067545
1891866.00000000	-0.34225162	-0.06374402	-0.58316879
1886866.00000000	-0.41066046	-0.06005350	-0.53642752
1881866.00000000	-0.47198132	-0.05510553	-0.48176367
1876866.00000000	-0.52555792	-0.04947131	-0.42055652
1871866.00000000	-0.56986526	-0.04382291	-0.35668106
1866866.00000000	-0.60766827	-0.03818985	-0.28686377
1861866.00000000	-0.63670074	-0.03281750	-0.21546246
1856866.00000000	-0.65784790	-0.02734674	-0.14074796
1851866.00000000	-0.67061575	-0.02139218	-0.06067593
1846866.00000000	-0.67317725	-0.01516769	0.01713846
1841866.00000000	-0.66509003	-0.00829868	0.09962036
1836866.00000000	-0.64559079	-0.00143802	0.18060309
1831866.00000000	-0.61488562	0.00491916	0.25922717
1826866.00000000	-0.57281995	0.01043512	0.33526590
1821866.00000000	-0.52148135	0.01495258	0.40490897
1816866.00000000	-0.46344122	0.01830099	0.46627597
1811866.00000000	-0.39952991	0.02088068	0.51968915
1806866.00000000	-0.33214697	0.02305908	0.56408948
1801866.00000000	-0.25938635	0.02525885	0.60157086
1796866.00000000	-0.18563861	0.02735635	0.63040491
1791866.00000000	-0.10798367	0.02978247	0.65160455
1786866.00000000	-0.02859784	0.03249478	0.66455307
1781866.00000000	0.05191080	0.03561841	0.66863120
1776866.00000000	0.13441678	0.03897641	0.66272980
1771866.00000000	0.21523135	0.04255804	0.64624185
1766866.00000000	0.29126483	0.04611197	0.61918781
1761866.00000000	0.36352545	0.04929675	0.58109128
1756866.00000000	0.42804385	0.05163394	0.53433176
1751866.00000000	0.48649692	0.05296512	0.47814600
1746866.00000000	0.53584201	0.05329391	0.41669571
1741866.00000000	0.57799179	0.05292407	0.34894559
1736866.00000000	0.61100186	0.05219406	0.27975717
1731866.00000000	0.63668045	0.05116946	0.20704880
1726866.00000000	0.65496213	0.04969440	0.12954938
1721866.00000000	0.66468332	0.04760239	0.05067313
1716866.00000000	0.66528360	0.04434872	-0.03038544
1711866.00000000	0.65584167	0.03957373	-0.11394879
1706866.00000000	0.63630350	0.03317490	-0.19503238
1701866.00000000	0.60577356	0.02513361	-0.27482291
1696866.00000000	0.56554184	0.01611154	-0.34887189
1691866.00000000	0.51619080	0.00662109	-0.41629031
1686866.00000000	0.46055438	-0.00242929	-0.47435837
1681866.00000000	0.39927481	-0.01081943	-0.52415378
1676866.00000000	0.33137195	-0.01852353	-0.56693665
1671866.00000000	0.26151944	-0.02567264	-0.60072205
1666866.00000000	0.18852054	-0.03252164	-0.62688431
1661866.00000000	0.10921399	-0.03977127	-0.64577206
1656866.00000000	0.03101456	-0.04657510	-0.65548254
1651866.00000000	-0.05128366	-0.05323285	-0.65611560
1646866.00000000	-0.13450842	-0.05908728	-0.64611954
1641866.00000000	-0.21561536	-0.06343634	-0.62566138
1636866.00000000	-0.29519547	-0.06604401	-0.59377676
1631866.00000000	-0.36917810	-0.06648178	-0.55194910
1626866.00000000	-0.43577313	-0.06542050	-0.50197537
1621866.00000000	-0.49514771	-0.06314148	-0.44440533
1616866.00000000	-0.54492978	-0.06039496	-0.38295319
1611866.00000000	-0.58730637	-0.05720035	-0.31607208
1606866.00000000	-0.62094083	-0.05405579	-0.24703070
1601866.00000000	-0.64674551	-0.05070456	-0.17519873
1596866.00000000	-0.66509915	-0.04679056	-0.09764764
1591866.00000000	-0.67416983	-0.04239023	-0.02150906
1586866.00000000	-0.67415161	-0.03648950	0.05942859
1581866.00000000	-0.66361642	-0.02901416	0.14239099
1576866.00000000	-0.64309045	-0.02054144	0.22067880
1571866.00000000	-0.61084720	-0.01090811	0.29916589
1566866.00000000	-0.56962271	-0.00133133	0.36984436
1561866.00000000	-0.51914972	0.00773041	0.43436539
1556866.00000000	-0.46177655	0.01593832	0.49064786
1551866.00000000	-0.39955899	0.02243066	0.53856070
1546866.00000000	-0.33147879	0.02804214	0.57979303
1541866.00000000	-0.26086118	0.03316946	0.61271646
1536866.00000000	-0.18779794	0.03809198	0.63781451
1531866.00000000	-0.11115768	0.04325162	0.65520688
1526866.00000000	-0.03324612	0.04811838	0.66421191
1521866.00000000	0.04861157	0.05306451	0.66399741
1516866.00000000	0.13224783	0.05751120	0.65327646
1511866.00000000	0.21191235	0.06122046	0.63280789
1506866.00000000	0.29149683	0.06398355	0.60150763
1501866.00000000	0.36721341	0.06556384	0.56036761
1496866.00000000	0.43475671	0.06600232	0.51229938
1491866.00000000	0.49543768	0.06455740	0.45749435
1486866.00000000	0.54827658	0.06283389	0.39685260
1481866.00000000	0.59353998	0.06091470	0.33067227
1476866.00000000	0.63002777	0.05856339	0.26178638
1471866.00000000	0.65876746	0.05582419	0.18888022
1466866.00000000	0.67936877	0.05227457	0.11250812
1461866.00000000	0.69081854	0.04755228	0.03504153
1456866.00000000	0.69272443	0.04103796	-0.04731818
1451866.00000000	0.68365674	0.03268948	-0.12885587
1446866.00000000	0.66380951	0.02208719	-0.20694122
1441866.00000000	0.63172562	0.01119406	-0.28516129
1436866.00000000	0.58909097	0.00063553	-0.35778580
1431866.00000000	0.53705893	-0.00952896	-0.42398560
1426866.00000000	0.47779764	-0.01850977	-0.48217670
1421866.00000000	0.41239713	-0.02645291	-0.53235245
1416866.00000000	0.34274850	-0.03367599	-0.57418872
1411866.00000000	0.27103168	-0.04014587	-0.60749115
1406866.00000000	0.19299838	-0.04695093	-0.63387512
1401866.00000000	0.11465656	-0.05367056	-0.65119482
1396866.00000000	0.03339474	-0.06063675	-0.65984772
1391866.00000000	-0.05237302	-0.06732452	-0.65888385
1386866.00000000	-0.13733670	-0.07278610	-0.64740036
1381866.00000000	-0.22265366	-0.07644153	-0.62456943
1376866.00000000	-0.30465927	-0.07756985	-0.59080048
1371866.00000000	-0.37972925	-0.07624274	-0.54800650
1366866.00000000	-0.44938501	-0.07264786	-0.49538715
1361866.00000000	-0.50898029	-0.06784793	-0.43733685
1356866.00000000	-0.56068619	-0.06209412	-0.37294196
1351866.00000000	-0.60282126	-0.05615109	-0.30563202
1346866.00000000	-0.63673526	-0.05021118	-0.23482675
1341866.00000000	-0.66300162	-0.04411154	-0.15925320
1336866.00000000	-0.68031110	-0.03741565	-0.08153043
1331866.00000000	-0.68833426	-0.02997800	-0.00089777
1326866.00000000	-0.68569312	-0.02178546	0.08380222
1321866.00000000	-0.67223602	-0.01338336	0.16499545
1316866.00000000	-0.64664157	-0.00456024	0.24754349
1311866.00000000	-0.61014526	0.00339865	0.32528845
1306866.00000000	-0.56420007	0.01027734	0.39635956
1301866.00000000	-0.50961121	0.01585727	0.46065140
1296866.00000000	-0.44941791	0.02012823	0.51620264
1291866.00000000	-0.38262234	0.02354138	0.56487396
1286866.00000000	-0.31285663	0.02664044	0.60472733
1281866.00000000	-0.24017017	0.02970270	0.63664871
1276866.00000000	-0.16142480	0.03327673	0.66150781
1271866.00000000	-0.08340909	0.03701932	0.67713174
1266866.00000000	0.00037558	0.04099039	0.68404669
1261866.00000000	0.08571280	0.04493640	0.68079807
1256866.00000000	0.17012946	0.04815283	0.66696701
1251866.00000000	0.25511383	0.05035959	0.64175214
1246866.00000000	0.33574030	0.05101715	0.60573471
1241866.00000000	0.40702490	0.05025870	0.56209708
1236866.00000000	0.47303458	0.04842877	0.50879333
1231866.00000000	0.52892218	0.04611029	0.45067325
1226866.00000000	0.57658551	0.04324081	0.38687411
1221866.00000000	0.61511237	0.04048706	0.31984158
1216866.00000000	0.64541052	0.03769934	0.24962875
1211866.00000000	0.66758429	0.03468839	0.17577597
1206866.00000000	0.68098328	0.03150351	0.10044800
1201866.00000000	0.68543021	0.02809863	0.02029102
1196866.00000000	0.67940973	0.02435144	-0.06253708
1191866.00000000	0.66338150	0.02049261	-0.14213458
1186866.00000000	0.63599844	0.01605490	-0.22332217
1181866.00000000	0.59861438	0.01152820	-0.30063831
1176866.00000000	0.55245233	0.00661465	-0.37192096
1171866.00000000	0.49835065	0.00151669	-0.43653372
1166866.00000000	0.43786221	-0.00376151	-0.49306387
1161866.00000000	0.37211078	-0.00899292	-0.54110208
1156866.00000000	0.30381699	-0.01396591	-0.58022757
1151866.00000000	0.23051584	-0.01880594	-0.61243332
1146866.00000000	0.15331894	-0.02354059	-0.63715305
1141866.00000000	0.07438245	-0.02811667	-0.65371606
1136866.00000000	-0.00902875	-0.03250543	-0.66172305
1131866.00000000	-0.09184723	-0.03625082	-0.65992154
1126866.00000000	-0.17436084	-0.03924399	-0.64740906
1121866.00000000	-0.25420297	-0.04147238	-0.62382541
1116866.00000000	-0.32862476	-0.04281497	-0.58965710
1111866.00000000	-0.39708475	-0.04342993	-0.54543817
1106866.00000000	-0.45767804	-0.04347867	-0.49295670
1101866.00000000	-0.51073840	-0.04304584	-0.43335583
1096866.00000000	-0.55574222	-0.04225385	-0.36840250
1091866.00000000	-0.59193750	-0.04118625	-0.30083264
1086866.00000000	-0.62135675	-0.03997015	-0.22702704
1081866.00000000	-0.64167453	-0.03899985	-0.15249820
1076866.00000000	-0.65362411	-0.03795468	-0.07451706
1071866.00000000	-0.65649835	-0.03680859	0.00970554
1066866.00000000	-0.64942392	-0.03535641	0.09312561
1061866.00000000	-0.63190994	-0.03319250	0.17903839
1056866.00000000	-0.60432547	-0.02980963	0.26241907
1051866.00000000	-0.56731186	-0.02497614	0.34123328
1046866.00000000	-0.52040427	-0.01879343	0.41518936
1041866.00000000	-0.46723145	-0.01196616	0.47927310
1036866.00000000	-0.40756967	-0.00485037	0.53536023
1031866.00000000	-0.34289233	0.00213483	0.58317331
1026866.00000000	-0.27498175	0.00888452	0.62236713
1021866.00000000	-0.20011847	0.01579211	0.65550476
1016866.00000000	-0.12713599	0.02243564	0.67908856
1011866.00000000	-0.04969739	0.02940674	0.69548593
1006866.00000000	0.03297586	0.03700439	0.70311414
1001866.00000000	0.11217477	0.04417886	0.70063828
996866.00000000	0.19403769	0.05124066	0.68679950
991866.00000000	0.27144119	0.05704803	0.66184296
986866.00000000	0.34459195	0.06121548	0.62575784
981866.00000000	0.41260950	0.06340900	0.57900885
976866.00000000	0.47175415	0.06376642	0.52528366
971866.00000000	0.52448737	0.06275937	0.46367065
966866.00000000	0.56876398	0.06084299	0.39790744
961866.00000000	0.60520459	0.05856201	0.32839813
956866.00000000	0.63475653	0.05578958	0.25301318
951866.00000000	0.65540417	0.05285809	0.17659262
946866.00000000	0.66767728	0.04925232	0.09677789
941866.00000000	0.67067776	0.04405188	0.00839197
936866.00000000	0.66341855	0.03781790	-0.07503796
931866.00000000	0.64463855	0.02981821	-0.16378052
926866.00000000	0.61505240	0.02100070	-0.24861432
921866.00000000	0.57909827	0.01258664	-0.32185812
916866.00000000	0.52829840	0.00287320	-0.39863428
911866.00000000	0.47327145	-0.00556290	-0.46204303
906866.00000000	0.41349310	-0.01315939	-0.51605933
901866.00000000	0.34616025	-0.02025931	-0.56380963
896866.00000000	0.28031912	-0.02624124	-0.60048926
891866.00000000	0.20223193	-0.03244318	-0.63344501
886866.00000000	0.12644318	-0.03790494	-0.65593735
881866.00000000	0.04754672	-0.04328769	-0.67028537
876866.00000000	-0.03688129	-0.04842221	-0.67538580
871866.00000000	-0.11747659	-0.05274640	-0.67012292
866866.00000000	-0.20301053	-0.05625067	-0.65292331
861866.00000000	-0.28201456	-0.05825366	-0.62516241
856866.00000000	-0.35475562	-0.05881274	-0.58772321
851866.00000000	-0.42324185	-0.05825330	-0.53970981
846866.00000000	-0.48237936	-0.05632889	-0.48510327
841866.00000000	-0.53407388	-0.05401746	-0.42372934
836866.00000000	-0.57681668	-0.05167062	-0.35867627
831866.00000000	-0.61241263	-0.04925690	-0.28828720
826866.00000000	-0.63981900	-0.04693820	-0.21478595
821866.00000000	-0.65911044	-0.04383444	-0.13842416
816866.00000000	-0.67012845	-0.03979492	-0.05713983
811866.00000000	-0.67157306	-0.03534659	0.02619791
806866.00000000	-0.66326538	-0.03010617	0.11013513
801866.00000000	-0.64430591	-0.02315442	0.19540894
796866.00000000	-0.61572049	-0.01564337	0.27560098
791866.00000000	-0.57672940	-0.00737933	0.35220245
786866.00000000	-0.52957553	0.00084161	0.42046225
781866.00000000	-0.47493936	0.00912265	0.48074069
776866.00000000	-0.41483270	0.01638107	0.53212921
771866.00000000	-0.35010489	0.02279187	0.57529572
766866.00000000	-0.27978775	0.02849255	0.61135251
761866.00000000	-0.20705313	0.03371085	0.63914737
756866.00000000	-0.13033881	0.03874240	0.65921860
751866.00000000	-0.04665750	0.04362888	0.67128934
746866.00000000	0.03509189	0.04769501	0.67340298
741866.00000000	0.12162085	0.05095224	0.66543881
736866.00000000	0.20709082	0.05280466	0.64657959
731866.00000000	0.28828714	0.05318912	0.61744467
726866.00000000	0.36584076	0.05198416	0.57730722
721866.00000000	0.43426672	0.04919391	0.52933997
716866.00000000	0.49560394	0.04542227	0.47326047
711866.00000000	0.54743414	0.04144919	0.41240771
706866.00000000	0.59067490	0.03745258	0.34724564
701866.00000000	0.62788858	0.03246588	0.27476749
696866.00000000	0.65471646	0.02765390	0.20395831
691866.00000000	0.67417642	0.02240134	0.12755334
686866.00000000	0.68458344	0.01662955	0.04688400
681866.00000000	0.68475406	0.00910889	-0.03493167
676866.00000000	0.67318051	0.00188480	-0.12095935
671866.00000000	0.64964362	-0.00632010	-0.20570505
666866.00000000	0.61547339	-0.01359631	-0.28553903
661866.00000000	0.56973639	-0.02082999	-0.36248718
656866.00000000	0.51627438	-0.02765469	-0.43100330
651866.00000000	0.45468079	-0.03409644	-0.49233578
646866.00000000	0.38872433	-0.03965631	-0.54418140
641866.00000000	0.31826849	-0.04495651	-0.58766138
636866.00000000	0.24223987	-0.04953506	-0.62385339
631866.00000000	0.16442755	-0.05373328	-0.65097601
626866.00000000	0.08083408	-0.05808444	-0.66998050
621866.00000000	-0.00579480	-0.06169357	-0.67940454
616866.00000000	-0.09206448	-0.06407986	-0.67845309
611866.00000000	-0.18146173	-0.06467297	-0.66593979
606866.00000000	-0.26623410	-0.06294226	-0.64233945
601866.00000000	-0.34579065	-0.05875894	-0.60790353
596866.00000000	-0.41694485	-0.05267358	-0.56454343
591866.00000000	-0.48024756	-0.04520761	-0.51261826
586866.00000000	-0.53656427	-0.03728372	-0.45222516
581866.00000000	-0.58084927	-0.02928839	-0.39109073
576866.00000000	-0.61966660	-0.02177347	-0.32185568
571866.00000000	-0.65036841	-0.01434595	-0.24826337
566866.00000000	-0.67162518	-0.00641394	-0.17406631
561866.00000000	-0.68433127	0.00233261	-0.09511465
556866.00000000	-0.68714719	0.01159677	-0.01433905
551866.00000000	-0.67932153	0.02107578	0.06967535
546866.00000000	-0.66037607	0.03057800	0.15431659
541866.00000000	-0.63129211	0.03969437	0.23537946
536866.00000000	-0.59258582	0.04795685	0.31275812
531866.00000000	-0.54585327	0.05508087	0.38336819
526866.00000000	-0.49217917	0.06078915	0.44667187
521866.00000000	-0.43312769	0.06528851	0.50151614
516866.00000000	-0.36989517	0.06886050	0.54783112
511866.00000000	-0.30091797	0.07196515	0.58705383
506866.00000000	-0.23122446	0.07471338	0.61712985
501866.00000000	-0.15671384	0.07739487	0.63989301
496866.00000000	-0.07842932	0.07964908	0.65467047
491866.00000000	0.00248178	0.08095346	0.66039401
486866.00000000	0.08814203	0.08067706	0.65653314
481866.00000000	0.17388342	0.07815552	0.64206067
476866.00000000	0.25581308	0.07283212	0.61788919
471866.00000000	0.33535791	0.06464862	0.58391257
466866.00000000	0.40750470	0.05476401	0.54240488
461866.00000000	0.47255484	0.04390472	0.49366812
456866.00000000	0.52978986	0.03314493	0.43895941
451866.00000000	0.57791949	0.02304849	0.38065463
446866.00000000	0.61931934	0.01330377	0.31652930
441866.00000000	0.65061365	0.00454544	0.25245605
436866.00000000	0.67428458	-0.00427863	0.18349896
431866.00000000	0.68892517	-0.01385434	0.10972025
426866.00000000	0.69274152	-0.02338821	0.03823367
421866.00000000	0.68545880	-0.03348975	-0.03721848
416866.00000000	0.66580988	-0.04208417	-0.11462082
411866.00000000	0.63599387	-0.04925754	-0.18659760
406866.00000000	0.59443314	-0.05486523	-0.25777600
401866.00000000	0.54473520	-0.05839941	-0.32170251
396866.00000000	0.48687039	-0.06035828	-0.37869516
391866.00000000	0.42348151	-0.06098746	-0.42639212
386866.00000000	0.35523416	-0.06071890	-0.46446335
381866.00000000	0.27959955	-0.05984326	-0.49391620
376866.00000000	0.20135928	-0.05859195	-0.51325598
371866.00000000	0.12244666	-0.05760876	-0.52214578
366866.00000000	0.03928955	-0.05563672	-0.52347330
361866.00000000	-0.03991656	-0.05265195	-0.51864285
356866.00000000	-0.12157086	-0.04843121	-0.50817889
351866.00000000	-0.19875558	-0.04319016	-0.49263147
346866.00000000	-0.27125330	-0.03693292	-0.47144135
341866.00000000	-0.33656708	-0.03004700	-0.44395853
336866.00000000	-0.39347369	-0.02221307	-0.40945404
331866.00000000	-0.46081052	0.00971936	-0.34228644
326866.00000000	-0.49336914	0.01594278	-0.29699033
321866.00000000	-0.51400375	0.02103638	-0.25040326
316866.00000000	-0.52223846	0.02502148	-0.20476968
311866.00000000	-0.51778992	0.02798999	-0.16362253
306866.00000000	-0.50229089	0.03049835	-0.12477527
301866.00000000	-0.47764841	0.03267722	-0.08878363
296866.00000000	-0.44564383	0.03442319	-0.05585239
291866.00000000	-0.40804340	0.03581583	-0.02462402
286866.00000000	-0.36643332	0.03684592	0.00554553
281866.00000000	-0.32155249	0.03700769	0.03311246
276866.00000000	-0.27244595	0.03580267	0.05758386
271866.00000000	-0.22049399	0.03281033	0.07732657
266866.00000000	-0.16585938	0.02788724	0.09279834
261866.00000000	-0.11351337	0.02192847	0.10283322
256866.00000000	-0.06299594	0.01531824	0.10859409
251866.00000000	-0.02008704	0.00952206	0.11083978
246866.00000000	0.01712756	0.00489426	0.11072864
241866.00000000	0.04899197	0.00177151	0.10912390
236866.00000000	0.07476685	0.00008017	0.10688858
231866.00000000	0.09654541	-0.00063626	0.10437799
226866.00000000	0.11396237	-0.00114981	0.10140118
221866.00000000	0.12628967	-0.00183630	0.09802451
216866.00000000	0.13311523	-0.00300668	0.09368845
211866.00000000	0.13356122	-0.00445868	0.08844046
206866.00000000	0.12823956	-0.00589856	0.08204501
201866.00000000	0.11884933	-0.00691345	0.07508087
196866.00000000	0.10730289	-0.00734888	0.06787665
191866.00000000	0.09489563	-0.00722473	0.06080530
186866.00000000	0.08330200	-0.00675543	0.05433862
181866.00000000	0.07273654	-0.00615903	0.04847684
176866.00000000	0.06324649	-0.00539200	0.04329312
171866.00000000	0.05546198	-0.00476678	0.03892230
166866.00000000	0.04868359	-0.00417252	0.03500003
161866.00000000	0.04290222	-0.00361554	0.03160355
156866.00000000	0.03800162	-0.00314261	0.02858276
151866.00000000	0.03372867	-0.00273349	0.02593423
146866.00000000	0.03017065	-0.00236496	0.02367932
141866.00000000	0.02708817	-0.00206308	0.02163324
136866.00000000	0.02438245	-0.00179062	0.01980389
131866.00000000	0.02204782	-0.00157465	0.01822900
126866.00000000	0.01993820	-0.00138809	0.01667990
121866.00000000	0.01813510	-0.00123624	0.01542825
