8062992.00000000	0.00541000	0.00056964	0.01709421
8057992.00000000	0.00559274	0.00057410	0.01856885
8052992.00000000	0.00582336	0.00059882	0.02032861
8047992.00000000	0.00613940	0.00061935	0.02224261
8042992.00000000	0.00641959	0.00065524	0.02429663
8037992.00000000	0.00676004	0.00069739	0.02665433
8032992.00000000	0.00706186	0.00073590	0.02926862
8027992.00000000	0.00747736	0.00080594	0.03233463
8022992.00000000	0.00785461	0.00080383	0.03580978
8017992.00000000	0.00822720	0.00083774	0.03976257
8012992.00000000	0.00864578	0.00085349	0.04468137
8007992.00000000	0.00900134	0.00089066	0.04974759
8002992.00000000	0.00931735	0.00091324	0.05596143
7997992.00000000	0.00963705	0.00093256	0.06327692
7992992.00000000	0.00986612	0.00095139	0.07171561
7987992.00000000	0.01009717	0.00096527	0.08180252
7982992.00000000	0.01022598	0.00089685	0.09330545
7977992.00000000	0.01014288	0.00082974	0.10639691
7972992.00000000	0.01011288	0.00062973	0.12097144
7967992.00000000	0.01002286	0.00037173	0.13583908
7962992.00000000	0.01088416	-0.00014090	0.14973856
7957992.00000000	0.01290863	-0.00064597	0.16028061
7952992.00000000	0.01653372	-0.00099460	0.16569522
7947992.00000000	0.02211588	-0.00111746	0.16465207
7942992.00000000	0.02964413	-0.00090472	0.15707346
7937992.00000000	0.03935327	-0.00059457	0.14362061
7932992.00000000	0.05087567	-0.00026559	0.12569687
7927992.00000000	0.06422488	-0.00019870	0.10358752
7922992.00000000	0.07992380	-0.00063535	0.07652808
7917992.00000000	0.09736786	-0.00171530	0.04470358
7912992.00000000	0.11691925	-0.00340497	0.00672693
7907992.00000000	0.13793961	-0.00547702	-0.03739722
7902992.00000000	0.15835342	-0.00747375	-0.08502917
7897992.00000000	0.17737393	-0.00903986	-0.13722134
7892992.00000000	0.19187393	-0.00948212	-0.18966797
7887992.00000000	0.20066876	-0.00885651	-0.24196960
7882992.00000000	0.20320953	-0.00746881	-0.29349374
7877992.00000000	0.20021939	-0.00606812	-0.34205511
7872992.00000000	0.19227496	-0.00520181	-0.38938467
7867992.00000000	0.18008835	-0.00486459	-0.43328809
7862992.00000000	0.16284357	-0.00470627	-0.47316211
7857992.00000000	0.13897992	-0.00461783	-0.50827811
7852992.00000000	0.10786761	-0.00421799	-0.53556763
7847992.00000000	0.06749536	-0.00346161	-0.55551160
7842992.00000000	0.01916669	-0.00228528	-0.56629810
7837992.00000000	-0.03522614	-0.00073764	-0.56729291
7832992.00000000	-0.09483047	0.00139136	-0.55768115
7827992.00000000	-0.15495349	0.00370236	-0.53762302
7822992.00000000	-0.21600406	0.00633377	-0.50666278
7817992.00000000	-0.27571323	0.00902066	-0.46607114
7812992.00000000	-0.33286334	0.01157703	-0.41786081
7807992.00000000	-0.38840909	0.01397827	-0.36268240
7802992.00000000	-0.43999838	0.01626334	-0.30336426
7797992.00000000	-0.48781778	0.01793289	-0.23892044
7792992.00000000	-0.52847955	0.01922784	-0.17236835
7787992.00000000	-0.56125192	0.02029709	-0.10322427
7782992.00000000	-0.58537250	0.02078915	-0.03036197
7777992.00000000	-0.59961148	0.02052966	0.04401889
7772992.00000000	-0.60402255	0.01982779	0.12186133
7767992.00000000	-0.59806995	0.01847614	0.20199075
7762992.00000000	-0.58188336	0.01666412	0.28252319
7757992.00000000	-0.55484161	0.01400549	0.36356100
7752992.00000000	-0.51765088	0.01105991	0.44057193
7747992.00000000	-0.47085052	0.00790747	0.51109106
7742992.00000000	-0.41426138	0.00478320	0.57456000
7737992.00000000	-0.35157767	0.00271957	0.62714972
7732992.00000000	-0.28161102	-0.00031104	0.67103540
7727992.00000000	-0.20873010	-0.00209015	0.70432663
7722992.00000000	-0.13293460	-0.00379135	0.72876511
7717992.00000000	-0.05279254	-0.00532797	0.74481946
7712992.00000000	0.02779135	-0.00705405	0.75185660
7707992.00000000	0.11224625	-0.00860892	0.74976971
7702992.00000000	0.19775778	-0.00860492	0.73715878
7697992.00000000	0.28159097	-0.01040759	0.71385504
7692992.00000000	0.36653723	-0.01246191	0.67751126
7687992.00000000	0.44451416	-0.01395645	0.63033813
7682992.00000000	0.51618274	-0.01580124	0.57222021
7677992.00000000	0.57916754	-0.01738800	0.50476920
7672992.00000000	0.63069284	-0.01884088	0.43270682
7667992.00000000	0.67328510	-0.01987079	0.35424530
7662992.00000000	0.70555118	-0.02057449	0.27435187
7657992.00000000	0.72863840	-0.02134393	0.19281433
7652992.00000000	0.74339154	-0.02229630	0.10777463
7647992.00000000	0.74902634	-0.02334839	0.02345343
7642992.00000000	0.74494833	-0.02469882	-0.06554102
7637992.00000000	0.72999094	-0.02653732	-0.15508469
7632992.00000000	0.70356067	-0.02865186	-0.24328906
7627992.00000000	0.66407156	-0.03094406	-0.33212686
7622992.00000000	0.61461099	-0.03207834	-0.41354190
7617992.00000000	0.55350574	-0.02944040	-0.49046896
7612992.00000000	0.48549796	-0.02797372	-0.55726242
7607992.00000000	0.41264395	-0.02416852	-0.61287430
7602992.00000000	0.33324866	-0.01978714	-0.65959253
7597992.00000000	0.25334464	-0.01370355	-0.69496420
7592992.00000000	0.17064023	-0.00858676	-0.72141486
7587992.00000000	0.08513116	-0.00328024	-0.73916400
7582992.00000000	0.00006396	0.00238370	-0.74779398
7577992.00000000	-0.09032303	0.00929697	-0.74692221
7572992.00000000	-0.17933548	0.01662451	-0.73550513
7567992.00000000	-0.26885110	0.02441446	-0.71236252
7562992.00000000	-0.35655014	0.03170801	-0.67627420
7557992.00000000	-0.43700620	0.03760742	-0.62893750
7552992.00000000	-0.51242862	0.04158820	-0.56884525
7547992.00000000	-0.57660892	0.04367709	-0.50068338
7542992.00000000	-0.62946362	0.04391925	-0.42649603
7537992.00000000	-0.67221646	0.04288220	-0.34661203
7532992.00000000	-0.70399161	0.04151294	-0.26537692
7527992.00000000	-0.72680600	0.03999997	-0.17992929
7522992.00000000	-0.73996329	0.03844968	-0.09339459
7517992.00000000	-0.74365814	0.03755264	-0.00383649
7512992.00000000	-0.73652167	0.03604584	0.09007416
7507992.00000000	-0.71798785	0.03386115	0.18473026
7502992.00000000	-0.68721371	0.03152203	0.28014648
7497992.00000000	-0.64424905	0.02819901	0.37309909
7492992.00000000	-0.59176718	0.02377911	0.45810184
7487992.00000000	-0.52846771	0.01857239	0.53646176
7482992.00000000	-0.45998169	0.01341940	0.60129599
7477992.00000000	-0.38555814	0.00841605	0.65459299
7472992.00000000	-0.30746085	0.00417477	0.69627142
7467992.00000000	-0.22900586	0.00028296	0.72606091
7462992.00000000	-0.14608533	-0.00328964	0.74663828
7457992.00000000	-0.06372244	-0.00679468	0.75713504
7452992.00000000	0.02099185	-0.01077078	0.75792389
7447992.00000000	0.10996466	-0.01535892	0.74777136
7442992.00000000	0.19669412	-0.02058740	0.72632364
7437992.00000000	0.28614639	-0.02655496	0.69180206
7432992.00000000	0.37188339	-0.03238763	0.64575708
7427992.00000000	0.45154263	-0.03715576	0.59002737
7422992.00000000	0.52511902	-0.04062778	0.52428888
7417992.00000000	0.58690662	-0.04270035	0.45417947
7412992.00000000	0.63959009	-0.04356171	0.37738116
7407992.00000000	0.68049762	-0.04355212	0.29884271
7402992.00000000	0.71105301	-0.04300467	0.21904550
7397992.00000000	0.73260092	-0.04213669	0.13513400
7392992.00000000	0.74415018	-0.04137598	0.05161844
7387992.00000000	0.74598138	-0.04101202	-0.03473630
7382992.00000000	0.73674582	-0.04071844	-0.12422238
7377992.00000000	0.71594122	-0.03974744	-0.21320862
7372992.00000000	0.68156345	-0.03812561	-0.30481287
7367992.00000000	0.63607196	-0.03582196	-0.39044302
7362992.00000000	0.57907489	-0.03267584	-0.47166901
7357992.00000000	0.51325113	-0.02842242	-0.54391891
7352992.00000000	0.44305991	-0.02342099	-0.60364127
7347992.00000000	0.36642996	-0.01820023	-0.65377847
7342992.00000000	0.28979248	-0.01342917	-0.69121552
7337992.00000000	0.21091144	-0.00911273	-0.71912030
7332992.00000000	0.12930106	-0.00448218	-0.73775339
7327992.00000000	0.04817154	0.00002847	-0.74675980
7322992.00000000	-0.03764557	0.00564810	-0.74613126
7317992.00000000	-0.12301266	0.01238449	-0.73491434
7312992.00000000	-0.20796085	0.01935202	-0.71217459
7307992.00000000	-0.29474539	0.02659637	-0.67620609
7302992.00000000	-0.37552307	0.03248453	-0.62993137
7297992.00000000	-0.45337357	0.03719354	-0.57220953
7292992.00000000	-0.52281146	0.04088205	-0.50717932
7287992.00000000	-0.58268716	0.04299619	-0.43682324
7282992.00000000	-0.63412952	0.04387039	-0.36008945
7277992.00000000	-0.67411234	0.04388190	-0.28298843
7272992.00000000	-0.70501437	0.04357928	-0.20280002
7267992.00000000	-0.72690048	0.04298547	-0.12050012
7262992.00000000	-0.73948669	0.04233676	-0.03854630
7257992.00000000	-0.74289413	0.04181000	0.04920636
7252992.00000000	-0.73569843	0.04152530	0.13625760
7247992.00000000	-0.71670258	0.04091675	0.22505344
7242992.00000000	-0.68476056	0.03966888	0.31414960
7237992.00000000	-0.64152319	0.03762762	0.39724814
7232992.00000000	-0.58602069	0.03453802	0.47611121
7227992.00000000	-0.52350354	0.03048755	0.54384052
7222992.00000000	-0.45365289	0.02607333	0.60231601
7217992.00000000	-0.37716815	0.02132730	0.65118469
7212992.00000000	-0.30009180	0.01672662	0.68827161
7207992.00000000	-0.21886588	0.01265649	0.71641858
7202992.00000000	-0.13619659	0.00916986	0.73532135
7197992.00000000	-0.05233752	0.00589560	0.74514850
7192992.00000000	0.03619165	0.00235019	0.74526657
7187992.00000000	0.12411652	-0.00160736	0.73475464
7182992.00000000	0.21408401	-0.00601151	0.71225696
7177992.00000000	0.30316077	-0.01103073	0.67682986
7172992.00000000	0.38643207	-0.01599234	0.63061664
7167992.00000000	0.46565302	-0.02059763	0.57274966
7162992.00000000	0.53450858	-0.02430502	0.50815317
7157992.00000000	0.59393076	-0.02690106	0.43696567
7152992.00000000	0.64328549	-0.02848004	0.36115387
7147992.00000000	0.68095050	-0.02943939	0.28526511
7142992.00000000	0.71049399	-0.03033148	0.20409201
7137992.00000000	0.73038364	-0.03164288	0.12256961
7132992.00000000	0.74128458	-0.03309213	0.03827893
7127992.00000000	0.74248740	-0.03484763	-0.04944540
7122992.00000000	0.73317447	-0.03690906	-0.13677518
7117992.00000000	0.71143500	-0.03894641	-0.22801068
7112992.00000000	0.67758377	-0.04014932	-0.31687674
7107992.00000000	0.63202905	-0.04004788	-0.40151639
7102992.00000000	0.57523514	-0.03876987	-0.48066705
7097992.00000000	0.51146811	-0.03649869	-0.54897797
7092992.00000000	0.44027271	-0.03336661	-0.60790030
7087992.00000000	0.36490042	-0.02997321	-0.65553824
7082992.00000000	0.28806329	-0.02639078	-0.69188278
7077992.00000000	0.20663342	-0.02297562	-0.71937595
7072992.00000000	0.12600800	-0.01999991	-0.73681161
7067992.00000000	0.04139648	-0.01625436	-0.74537433
7062992.00000000	-0.04687927	-0.01176193	-0.74375824
7057992.00000000	-0.13507047	-0.00664822	-0.73136121
7052992.00000000	-0.22613397	-0.00094495	-0.70627411
7047992.00000000	-0.31447787	0.00506085	-0.66948096
7042992.00000000	-0.39891983	0.01069473	-0.62175775
7037992.00000000	-0.47857974	0.01604593	-0.56352557
7032992.00000000	-0.54726605	0.02048355	-0.49952753
7027992.00000000	-0.60744263	0.02448572	-0.42778030
7022992.00000000	-0.65581781	0.02754318	-0.35326807
7017992.00000000	-0.69385010	0.02986761	-0.27600375
7012992.00000000	-0.72261829	0.03209143	-0.19495337
7007992.00000000	-0.74139114	0.03438379	-0.11390768
7002992.00000000	-0.75096997	0.03705066	-0.02868857
6997992.00000000	-0.75025793	0.03978638	0.05864493
6992992.00000000	-0.73824478	0.04248489	0.14663312
6987992.00000000	-0.71320755	0.04475244	0.23872830
6982992.00000000	-0.67672266	0.04564224	0.32633685
6977992.00000000	-0.62756644	0.04482080	0.41214532
6972992.00000000	-0.56890875	0.04239114	0.48986713
6967992.00000000	-0.50288074	0.03873608	0.55765033
6962992.00000000	-0.42901981	0.03459644	0.61619690
6957992.00000000	-0.35196475	0.03096957	0.66286646
6952992.00000000	-0.27148495	0.02758020	0.69933145
6947992.00000000	-0.18837408	0.02479541	0.72633160
6942992.00000000	-0.10428955	0.02254373	0.74357678
6937992.00000000	-0.01514377	0.02013412	0.75177795
6932992.00000000	0.07502905	0.01714120	0.74950870
6927992.00000000	0.16682410	0.01352692	0.73569717
6922992.00000000	0.26140353	0.00908441	0.70867236
6917992.00000000	0.35058316	0.00414590	0.67006796
6912992.00000000	0.43610706	-0.00158911	0.61895880
6907992.00000000	0.51262241	-0.00673499	0.55801184
6902992.00000000	0.57780447	-0.01143509	0.49052087
6897992.00000000	0.63309302	-0.01532672	0.41560971
6892992.00000000	0.67575580	-0.01850339	0.33980026
6887992.00000000	0.70926291	-0.02098798	0.26028885
6882992.00000000	0.73341116	-0.02346954	0.17860562
6877992.00000000	0.74816156	-0.02622787	0.09558588
6872992.00000000	0.75354599	-0.02951294	0.00866342
6867992.00000000	0.74807388	-0.03295798	-0.07926886
6862992.00000000	0.73056213	-0.03592834	-0.16962650
6857992.00000000	0.70038785	-0.03860361	-0.26036554
6852992.00000000	0.65875247	-0.04000903	-0.34705286
6847992.00000000	0.60517896	-0.04058139	-0.43104544
6842992.00000000	0.54415213	-0.03995047	-0.50523599
6837992.00000000	0.47603168	-0.03888461	-0.56995761
6832992.00000000	0.40204227	-0.03735043	-0.62466190
6827992.00000000	0.32626700	-0.03587717	-0.66748602
6822992.00000000	0.24539700	-0.03432477	-0.70126575
6817992.00000000	0.16334418	-0.03298166	-0.72496960
6812992.00000000	0.07801730	-0.03172272	-0.73943832
6807992.00000000	-0.01089249	-0.03008975	-0.74419611
6802992.00000000	-0.10158887	-0.02739597	-0.73819943
6797992.00000000	-0.19500516	-0.02344531	-0.71988745
6792992.00000000	-0.28592184	-0.01822308	-0.68985773
6787992.00000000	-0.37413571	-0.01162335	-0.64763675
6782992.00000000	-0.45685822	-0.00453305	-0.59408682
6777992.00000000	-0.52943097	0.00183521	-0.53267209
6772992.00000000	-0.59211224	0.00742239	-0.46395892
6767992.00000000	-0.64311975	0.01169678	-0.39124191
6762992.00000000	-0.68318750	0.01499847	-0.31605011
6757992.00000000	-0.71399945	0.01782468	-0.23695987
6752992.00000000	-0.73484238	0.02041940	-0.15761008
6747992.00000000	-0.74682562	0.02310446	-0.07443854
6742992.00000000	-0.74891592	0.02653036	0.01220203
6737992.00000000	-0.74017874	0.03065286	0.09980554
6732992.00000000	-0.71920517	0.03516895	0.19092093
6727992.00000000	-0.68667868	0.03910498	0.28027792
6722992.00000000	-0.64222137	0.04278357	0.36822659
6717992.00000000	-0.58712338	0.04505557	0.45148502
6712992.00000000	-0.52442343	0.04568222	0.52507535
6707992.00000000	-0.45539783	0.04451489	0.58850790
6702992.00000000	-0.38281775	0.04232056	0.64036182
6697992.00000000	-0.30743390	0.03980756	0.68138315
6692992.00000000	-0.22810886	0.03750800	0.71314673
6687992.00000000	-0.14820575	0.03525098	0.73490103
6682992.00000000	-0.06314941	0.03276041	0.74769089
6677992.00000000	0.02471915	0.03025897	0.75042224
6672992.00000000	0.11371014	0.02636908	0.74181796
6667992.00000000	0.20496198	0.02156396	0.72063373
6662992.00000000	0.29344885	0.01616318	0.68747852
6657992.00000000	0.38029651	0.01070569	0.64170581
6652992.00000000	0.45952567	0.00585275	0.58647046
6647992.00000000	0.53059756	0.00113437	0.52306650
6642992.00000000	0.59243344	-0.00336652	0.45251233
6637992.00000000	0.64151242	-0.00725232	0.37995929
6632992.00000000	0.68129208	-0.01072842	0.30251987
6627992.00000000	0.71076382	-0.01372119	0.22360501
6622992.00000000	0.73067496	-0.01728235	0.14317105
6617992.00000000	0.74145953	-0.02065598	0.05944089
6612992.00000000	0.74224011	-0.02406213	-0.02531406
6607992.00000000	0.73224414	-0.02812366	-0.11313101
6602992.00000000	0.71031766	-0.03265466	-0.20242096
6597992.00000000	0.67707785	-0.03620300	-0.28897772
6592992.00000000	0.63191733	-0.03871518	-0.37366641
6587992.00000000	0.57776498	-0.03990268	-0.45081097
6582992.00000000	0.51549921	-0.04062085	-0.52030396
6577992.00000000	0.44666779	-0.04028354	-0.58031934
6572992.00000000	0.37482407	-0.03939713	-0.62936404
6567992.00000000	0.29855804	-0.03828833	-0.66923975
6562992.00000000	0.22093152	-0.03709955	-0.69937564
6557992.00000000	0.14161954	-0.03610709	-0.72085971
6552992.00000000	0.05761646	-0.03474756	-0.73369052
6547992.00000000	-0.02698007	-0.03297473	-0.73699820
6542992.00000000	-0.11475916	-0.03043594	-0.72992984
6537992.00000000	-0.20441122	-0.02713776	-0.71142935
6532992.00000000	-0.29219186	-0.02292319	-0.68175201
6527992.00000000	-0.37902380	-0.01767639	-0.63967297
6522992.00000000	-0.45730557	-0.01184930	-0.58874124
6517992.00000000	-0.52794943	-0.00600964	-0.52881125
6512992.00000000	-0.58785278	-0.00050391	-0.46255240
6507992.00000000	-0.63628918	0.00395621	-0.39258279
6502992.00000000	-0.67591733	0.00804721	-0.31694278
6497992.00000000	-0.70534772	0.01139554	-0.24005206
6492992.00000000	-0.72606934	0.01512622	-0.16035693
6487992.00000000	-0.73787131	0.01878769	-0.07806589
6482992.00000000	-0.74015228	0.02308093	0.00767169
6477992.00000000	-0.73157446	0.02759882	0.09640488
6472992.00000000	-0.71125168	0.03230002	0.18620984
6467992.00000000	-0.67883060	0.03719153	0.27565540
6462992.00000000	-0.63424176	0.04118381	0.36353049
6457992.00000000	-0.58052817	0.04360153	0.44389987
6452992.00000000	-0.51756287	0.04457294	0.51726605
6447992.00000000	-0.44863336	0.04440918	0.58008929
6442992.00000000	-0.37609210	0.04363013	0.63149673
6437992.00000000	-0.29818259	0.04216129	0.67361511
6432992.00000000	-0.21957718	0.04109293	0.70486957
6427992.00000000	-0.13724341	0.03985129	0.72708963
6422992.00000000	-0.05018524	0.03869577	0.74010236
6417992.00000000	0.03681610	0.03694006	0.74245193
6412992.00000000	0.12925897	0.03388626	0.73366217
6407992.00000000	0.22099408	0.02999802	0.71267844
6402992.00000000	0.31284927	0.02459308	0.67946292
6397992.00000000	0.40107901	0.01875769	0.63430069
6392992.00000000	0.48039493	0.01287094	0.58040198
6387992.00000000	0.55141898	0.00739493	0.51774857
6382992.00000000	0.61001062	0.00231036	0.45058694
6377992.00000000	0.65753549	-0.00195840	0.37896906
6372992.00000000	0.69499710	-0.00541354	0.30327823
6367992.00000000	0.72175327	-0.00830087	0.22739340
6362992.00000000	0.74003833	-0.01171851	0.14666864
6357992.00000000	0.74870074	-0.01543414	0.06352490
6352992.00000000	0.74726779	-0.01965839	-0.02041922
6347992.00000000	0.73435931	-0.02487720	-0.11079935
6342992.00000000	0.71036691	-0.02996603	-0.19911417
6337992.00000000	0.67408420	-0.03535251	-0.28957919
6332992.00000000	0.62754037	-0.03957440	-0.37613419
6327992.00000000	0.57275592	-0.04247705	-0.45553903
6322992.00000000	0.50902060	-0.04420877	-0.52866513
6317992.00000000	0.44174313	-0.04447559	-0.58936813
6312992.00000000	0.37146506	-0.04386005	-0.63919632
6307992.00000000	0.30099689	-0.04265753	-0.67779684
6302992.00000000	0.22559717	-0.04167975	-0.70830334
6297992.00000000	0.14366348	-0.04092712	-0.73101389
6292992.00000000	0.06061642	-0.04036072	-0.74356931
6287992.00000000	-0.02568723	-0.03951285	-0.74593765
6282992.00000000	-0.11663763	-0.03744476	-0.73660522
6277992.00000000	-0.20663501	-0.03451993	-0.71499408
6272992.00000000	-0.29753247	-0.03062393	-0.68011536
6267992.00000000	-0.38289511	-0.02510532	-0.63413934
6262992.00000000	-0.46135101	-0.01904883	-0.57863663
6257992.00000000	-0.53027219	-0.01275903	-0.51623416
6252992.00000000	-0.58922247	-0.00699832	-0.44810403
6247992.00000000	-0.63863287	-0.00172638	-0.37484781
6242992.00000000	-0.67823788	0.00282126	-0.29873517
6237992.00000000	-0.70848642	0.00663278	-0.22065512
6232992.00000000	-0.73055945	0.01086127	-0.13808643
6227992.00000000	-0.74329160	0.01526077	-0.05464133
6222992.00000000	-0.74650296	0.02015955	0.03218405
6217992.00000000	-0.73856293	0.02532816	0.12217355
6212992.00000000	-0.71914319	0.03018378	0.21010199
6207992.00000000	-0.68696640	0.03451569	0.29854834
6202992.00000000	-0.64367041	0.03787286	0.38144897
6197992.00000000	-0.58997089	0.03901944	0.45797641
6192992.00000000	-0.52652695	0.03943140	0.52706061
6187992.00000000	-0.45963129	0.03910529	0.58348642
6182992.00000000	-0.38595154	0.03840436	0.63181824
6177992.00000000	-0.30925021	0.03737476	0.67047855
6172992.00000000	-0.23018164	0.03702386	0.69998422
6167992.00000000	-0.14613770	0.03689737	0.72137704
6162992.00000000	-0.06060767	0.03655423	0.73311441
6157992.00000000	0.03037436	0.03548904	0.73524265
6152992.00000000	0.12336685	0.03331949	0.72628546
6147992.00000000	0.21582452	0.02989874	0.70601837
6142992.00000000	0.30888705	0.02472131	0.67336578
6137992.00000000	0.39443185	0.01922934	0.63136765
6132992.00000000	0.47480252	0.01381668	0.57876312
6127992.00000000	0.54413306	0.00901410	0.51914499
6122992.00000000	0.60225681	0.00511990	0.45436151
6117992.00000000	0.65107242	0.00209064	0.38363632
6112992.00000000	0.68916998	-0.00047708	0.31039117
6107992.00000000	0.71819592	-0.00283005	0.23357062
6102992.00000000	0.73831537	-0.00543710	0.15245697
6097992.00000000	0.74835104	-0.00877097	0.06934647
6092992.00000000	0.74784311	-0.01308258	-0.01917978
6087992.00000000	0.73528262	-0.01785583	-0.10963760
6082992.00000000	0.70997623	-0.02302310	-0.20173917
6077992.00000000	0.67224579	-0.02803946	-0.29424072
6072992.00000000	0.62452209	-0.03277777	-0.38097458
6067992.00000000	0.56677054	-0.03620459	-0.46275034
6062992.00000000	0.50320712	-0.03819336	-0.53374854
6057992.00000000	0.43530652	-0.03954550	-0.59386050
6052992.00000000	0.36215424	-0.03975208	-0.64446848
6047992.00000000	0.28749023	-0.03968423	-0.68412607
6042992.00000000	0.20902457	-0.03920828	-0.71469556
6037992.00000000	0.12802621	-0.03826096	-0.73534131
6032992.00000000	0.04529584	-0.03708102	-0.74589047
6027992.00000000	-0.04197382	-0.03494925	-0.74519446
6022992.00000000	-0.12880850	-0.03175012	-0.73210718
6017992.00000000	-0.21692645	-0.02757013	-0.70584525
6012992.00000000	-0.30347238	-0.02302847	-0.66730911
6007992.00000000	-0.38412515	-0.01828088	-0.61909366
6002992.00000000	-0.46031100	-0.01323904	-0.56122559
5997992.00000000	-0.52724030	-0.00846014	-0.49760599
5992992.00000000	-0.58513235	-0.00390335	-0.42867847
5987992.00000000	-0.63376385	0.00011212	-0.35511340
5982992.00000000	-0.67189258	0.00337854	-0.28062842
5977992.00000000	-0.70268436	0.00642468	-0.20042419
5972992.00000000	-0.72445410	0.00941602	-0.11869424
5967992.00000000	-0.73787839	0.01263776	-0.03276694
5962992.00000000	-0.74192041	0.01623560	0.05699374
5957992.00000000	-0.73561664	0.02047516	0.14814972
5952992.00000000	-0.71748883	0.02509113	0.24211121
5947992.00000000	-0.68718814	0.02951678	0.33328738
5942992.00000000	-0.64514658	0.03331851	0.41826187
5937992.00000000	-0.59131607	0.03618781	0.49584201
5932992.00000000	-0.52948090	0.03775851	0.56164346
5927992.00000000	-0.46002063	0.03819846	0.61706320
5922992.00000000	-0.38526483	0.03809338	0.66207925
5917992.00000000	-0.30860571	0.03788107	0.69592505
5912992.00000000	-0.22633398	0.03771078	0.72115469
5907992.00000000	-0.14204187	0.03758575	0.73626273
5902992.00000000	-0.05351273	0.03750607	0.74075684
5897992.00000000	0.03983746	0.03675818	0.73373209
5892992.00000000	0.13293323	0.03542230	0.71486310
5887992.00000000	0.22979572	0.03250717	0.68332361
5882992.00000000	0.32202246	0.02849487	0.64192783
5877992.00000000	0.40888495	0.02355438	0.59146982
5872992.00000000	0.48792148	0.01796823	0.53308847
5867992.00000000	0.55463177	0.01215985	0.47059531
5862992.00000000	0.61139713	0.00709918	0.40239490
5857992.00000000	0.65726834	0.00281384	0.33117810
5852992.00000000	0.69337738	-0.00072662	0.25691962
5847992.00000000	0.72090854	-0.00444553	0.17853131
5842992.00000000	0.73892484	-0.00815076	0.09845975
5837992.00000000	0.74759970	-0.01234760	0.01443204
5832992.00000000	0.74541315	-0.01706888	-0.07195468
5827992.00000000	0.73189853	-0.02236795	-0.15822427
5822992.00000000	0.70562665	-0.02848132	-0.24667786
5817992.00000000	0.66813983	-0.03346326	-0.33033719
5812992.00000000	0.61961310	-0.03794662	-0.40947446
5807992.00000000	0.56129184	-0.04099750	-0.48193854
5802992.00000000	0.49625540	-0.04294852	-0.54476852
5797992.00000000	0.42443365	-0.04330151	-0.59888239
5792992.00000000	0.35030356	-0.04284210	-0.64252744
5787992.00000000	0.27300424	-0.04216788	-0.67741559
5782992.00000000	0.19232568	-0.04117575	-0.70371036
5777992.00000000	0.11020444	-0.03969009	-0.72112653
5772992.00000000	0.02282364	-0.03791876	-0.72947690
5767992.00000000	-0.06593292	-0.03568805	-0.72762372
5762992.00000000	-0.15611325	-0.03283789	-0.71487387
5757992.00000000	-0.24751553	-0.02911679	-0.69025156
5752992.00000000	-0.33411676	-0.02509494	-0.65495868
5747992.00000000	-0.41619693	-0.02104721	-0.60895502
5742992.00000000	-0.48868018	-0.01694495	-0.55536029
5737992.00000000	-0.55132867	-0.01296735	-0.49534726
5732992.00000000	-0.60471460	-0.00908240	-0.42889728
5727992.00000000	-0.64761816	-0.00543097	-0.35972272
5722992.00000000	-0.68198840	-0.00197495	-0.28679492
5717992.00000000	-0.70810992	0.00164615	-0.20990805
5712992.00000000	-0.72576868	0.00569394	-0.13113681
5707992.00000000	-0.73500156	0.01061380	-0.04638510
5702992.00000000	-0.73444070	0.01651382	0.03955045
5697992.00000000	-0.72296597	0.02298242	0.12920758
5692992.00000000	-0.69965417	0.02925351	0.22125912
5687992.00000000	-0.66531516	0.03439835	0.31015100
5682992.00000000	-0.61921793	0.03837326	0.39670282
5677992.00000000	-0.56473535	0.04054782	0.47433084
5672992.00000000	-0.50198120	0.04098648	0.54351492
5667992.00000000	-0.43437888	0.04072766	0.60149945
5662992.00000000	-0.36322241	0.04008252	0.64857434
5657992.00000000	-0.28628909	0.03927441	0.68726706
5652992.00000000	-0.20629449	0.03842972	0.71630893
5647992.00000000	-0.12298587	0.03745184	0.73571600
5642992.00000000	-0.03426602	0.03616467	0.74546817
5637992.00000000	0.05652463	0.03437671	0.74358670
5632992.00000000	0.15229364	0.03189548	0.72898831
5627992.00000000	0.24634348	0.02888953	0.70151941
5622992.00000000	0.33638763	0.02564297	0.66226868
5617992.00000000	0.42133023	0.02208191	0.61166763
5612992.00000000	0.49479810	0.01823782	0.55423224
5607992.00000000	0.55929050	0.01442075	0.48920886
5602992.00000000	0.61298425	0.01068451	0.41965155
5597992.00000000	0.65599567	0.00738956	0.34778845
5592992.00000000	0.69079263	0.00408762	0.27116830
5587992.00000000	0.71630069	0.00075134	0.19299359
5582992.00000000	0.73305090	-0.00304581	0.11149231
5577992.00000000	0.74029291	-0.00744354	0.02564127
5572992.00000000	0.73704581	-0.01260159	-0.06194330
5567992.00000000	0.72218655	-0.01850861	-0.15355405
5562992.00000000	0.69594388	-0.02432828	-0.24359622
5557992.00000000	0.65839502	-0.02982166	-0.33067361
5552992.00000000	0.60957693	-0.03413928	-0.41371396
5547992.00000000	0.55281900	-0.03699411	-0.48710727
5542992.00000000	0.48761176	-0.03813593	-0.55233350
5537992.00000000	0.41751514	-0.03826035	-0.60698529
5532992.00000000	0.34360229	-0.03819714	-0.65164975
5527992.00000000	0.26371735	-0.03803555	-0.68819064
5522992.00000000	0.18047055	-0.03797595	-0.71555682
5517992.00000000	0.09234982	-0.03823877	-0.73412277
5512992.00000000	0.00018622	-0.03837885	-0.74271716
5507992.00000000	-0.09387256	-0.03785614	-0.74081015
5502992.00000000	-0.19317078	-0.03619336	-0.72710089
5497992.00000000	-0.29005930	-0.03312872	-0.70162704
5492992.00000000	-0.38364676	-0.02882190	-0.66454263
5487992.00000000	-0.46962799	-0.02374463	-0.61640048
5482992.00000000	-0.54253925	-0.01835803	-0.56077161
5477992.00000000	-0.60566766	-0.01331784	-0.49641248
5472992.00000000	-0.65568689	-0.00905402	-0.42826913
5467992.00000000	-0.69535086	-0.00522104	-0.35569998
5462992.00000000	-0.72546213	-0.00152530	-0.27874799
5457992.00000000	-0.74502844	0.00237244	-0.20040842
5452992.00000000	-0.75465891	0.00696826	-0.11586157
5447992.00000000	-0.75251572	0.01203534	-0.02849875
5442992.00000000	-0.73764786	0.01735260	0.06302972
5437992.00000000	-0.70857428	0.02293619	0.16029095
5432992.00000000	-0.66817841	0.02712875	0.25465768
5427992.00000000	-0.61688217	0.03025629	0.34756061
5422992.00000000	-0.55825217	0.03216852	0.43324585
5417992.00000000	-0.49470569	0.03325348	0.50873975
5412992.00000000	-0.42475406	0.03373798	0.57548041
5407992.00000000	-0.35349799	0.03377322	0.62929971
5402992.00000000	-0.27805905	0.03380115	0.67377444
5397992.00000000	-0.19957486	0.03395242	0.70830353
5392992.00000000	-0.11982361	0.03415454	0.73293005
5387992.00000000	-0.03408749	0.03397318	0.74865640
5382992.00000000	0.05207181	0.03348630	0.75329861
5377992.00000000	0.14104953	0.03226178	0.74602130
5372992.00000000	0.22888300	0.03037286	0.72589539
5367992.00000000	0.31212558	0.02760947	0.69379758
5362992.00000000	0.39134094	0.02437354	0.65000256
5357992.00000000	0.46213260	0.02109375	0.59762451
5352992.00000000	0.52437631	0.01766971	0.53793689
5347992.00000000	0.57855832	0.01436026	0.47142578
5342992.00000000	0.62259106	0.01148022	0.40266336
5337992.00000000	0.65970023	0.00867276	0.32828168
5332992.00000000	0.68833307	0.00583932	0.25169492
5327992.00000000	0.70901355	0.00252737	0.17272189
5322992.00000000	0.72176477	-0.00156787	0.08753931
5317992.00000000	0.72496448	-0.00631213	0.00097766
5312992.00000000	0.71789389	-0.01183603	-0.09036032
5307992.00000000	0.69961142	-0.01786749	-0.18351111
5302992.00000000	0.67082639	-0.02357758	-0.27390799
5297992.00000000	0.62990808	-0.02890616	-0.36403625
5292992.00000000	0.58054385	-0.03280594	-0.44466800
5287992.00000000	0.52274655	-0.03515359	-0.51625943
5282992.00000000	0.45752817	-0.03656204	-0.57816714
5277992.00000000	0.38928082	-0.03708905	-0.62808423
5272992.00000000	0.31473816	-0.03737851	-0.66923608
5267992.00000000	0.23781409	-0.03745111	-0.70034747
5262992.00000000	0.15643378	-0.03728979	-0.72265887
5257992.00000000	0.06880536	-0.03689493	-0.73576508
5252992.00000000	-0.02087048	-0.03638361	-0.73829056
5247992.00000000	-0.11654242	-0.03531482	-0.72941718
5242992.00000000	-0.21225238	-0.03380005	-0.70901334
5237992.00000000	-0.30587048	-0.03121072	-0.67760739
5232992.00000000	-0.39558560	-0.02766043	-0.63536566
5227992.00000000	-0.47476263	-0.02332452	-0.58559772
5222992.00000000	-0.54476434	-0.01864020	-0.52726450
5217992.00000000	-0.60283868	-0.01403802	-0.46338766
5212992.00000000	-0.65033759	-0.01028580	-0.39497687
5207992.00000000	-0.68835605	-0.00703568	-0.32162622
5202992.00000000	-0.71646753	-0.00423111	-0.24597855
5197992.00000000	-0.73566946	-0.00138031	-0.16607471
5192992.00000000	-0.74498633	0.00146420	-0.08115988
5187992.00000000	-0.74331342	0.00498572	0.00716119
5182992.00000000	-0.72922571	0.00847641	0.10058884
5177992.00000000	-0.70325931	0.01191800	0.19378909
5172992.00000000	-0.66601511	0.01566306	0.28616510
5167992.00000000	-0.61814600	0.01885028	0.37557355
5162992.00000000	-0.56353925	0.02183179	0.45496765
5157992.00000000	-0.50036166	0.02435931	0.52713687
5152992.00000000	-0.43380640	0.02650272	0.58691052
5147992.00000000	-0.36300452	0.02740158	0.63671964
5142992.00000000	-0.28792157	0.02855777	0.67736789
5137992.00000000	-0.21151059	0.02960876	0.70829980
5132992.00000000	-0.12882031	0.03021857	0.73122116
5127992.00000000	-0.04442853	0.03074475	0.74451682
5122992.00000000	0.04229868	0.03071762	0.74748599
5117992.00000000	0.13410144	0.03004007	0.73877121
5112992.00000000	0.22254306	0.02892242	0.71819830
5107992.00000000	0.31193878	0.02660510	0.68436993
5102992.00000000	0.39575604	0.02353735	0.63884790
5097992.00000000	0.46953955	0.01998474	0.58496344
5092992.00000000	0.53507440	0.01641159	0.52251224
5087992.00000000	0.58970776	0.01343683	0.45591757
5082992.00000000	0.63639001	0.01087857	0.38267337
5077992.00000000	0.67358517	0.00869501	0.30637103
5072992.00000000	0.70214465	0.00673621	0.22700031
5067992.00000000	0.72260757	0.00452414	0.14192499
5062992.00000000	0.73352008	0.00156427	0.05459213
5057992.00000000	0.73458115	-0.00171683	-0.03895694
5052992.00000000	0.72426984	-0.00557568	-0.13651932
5047992.00000000	0.70329630	-0.00950989	-0.23186569
5042992.00000000	0.67044870	-0.01418323	-0.32824527
5037992.00000000	0.62790091	-0.01795364	-0.41670853
5032992.00000000	0.57546396	-0.02085394	-0.49684674
5027992.00000000	0.51381509	-0.02216437	-0.56688947
5022992.00000000	0.44835626	-0.02302417	-0.62263266
5017992.00000000	0.37632596	-0.02357797	-0.66857382
5012992.00000000	0.30026602	-0.02387408	-0.70382748
5007992.00000000	0.22060855	-0.02433517	-0.72911841
5002992.00000000	0.13407880	-0.02477676	-0.74468195
4997992.00000000	0.04531674	-0.02568939	-0.74849927
4992992.00000000	-0.05100842	-0.02615839	-0.74019910
4987992.00000000	-0.15061456	-0.02611398	-0.71837234
4982992.00000000	-0.24825598	-0.02521185	-0.68486206
4977992.00000000	-0.34515073	-0.02327206	-0.63946158
4972992.00000000	-0.43221747	-0.02073471	-0.58685193
4967992.00000000	-0.51066318	-0.01756848	-0.52653839
4962992.00000000	-0.57678412	-0.01431485	-0.46158911
4957992.00000000	-0.63149927	-0.01097433	-0.39226715
4952992.00000000	-0.67562692	-0.00784631	-0.31914078
4947992.00000000	-0.70940042	-0.00552405	-0.24347186
4942992.00000000	-0.73378314	-0.00314990	-0.16472150
4937992.00000000	-0.74844696	-0.00082489	-0.08150253
4932992.00000000	-0.75229230	0.00234839	0.00181250
4927992.00000000	-0.74392490	0.00579526	0.09353271
4922992.00000000	-0.72215326	0.00978177	0.18546390
4917992.00000000	-0.68869302	0.01336444	0.27207254
4912992.00000000	-0.64306381	0.01598651	0.35659396
4907992.00000000	-0.58977005	0.01833029	0.43249854
4902992.00000000	-0.52681702	0.01997131	0.50311633
4897992.00000000	-0.45971320	0.02061798	0.56317163
4892992.00000000	-0.38892255	0.02069159	0.61382480
4887992.00000000	-0.31269156	0.02060028	0.65641843
4882992.00000000	-0.23630063	0.02072961	0.68877133
4877992.00000000	-0.15537573	0.02090796	0.71299603
4872992.00000000	-0.07190378	0.02125854	0.72809793
4867992.00000000	0.01463580	0.02158075	0.73320447
4862992.00000000	0.10516034	0.02166876	0.72710730
4857992.00000000	0.19424448	0.02139734	0.70943869
4852992.00000000	0.28377475	0.02042795	0.67928012
4847992.00000000	0.36835056	0.01891025	0.63809244
4842992.00000000	0.44444150	0.01650278	0.58792825
4837992.00000000	0.51324155	0.01418057	0.52870096
4832992.00000000	0.57044922	0.01169321	0.46517487
4827992.00000000	0.61868765	0.00956888	0.39621820
4822992.00000000	0.65817276	0.00760065	0.32290323
4817992.00000000	0.68801672	0.00553751	0.24833710
4812992.00000000	0.71029529	0.00391306	0.16766501
4807992.00000000	0.72320297	0.00178815	0.08530673
4802992.00000000	0.72663986	-0.00051285	-0.00072821
4797992.00000000	0.71935751	-0.00355594	-0.09193155
4792992.00000000	0.70105249	-0.00623096	-0.18320035
4787992.00000000	0.67075153	-0.00912354	-0.27672263
4782992.00000000	0.63061530	-0.01182303	-0.36458896
4777992.00000000	0.58150665	-0.01390906	-0.44559381
4772992.00000000	0.52389481	-0.01555902	-0.51856412
4767992.00000000	0.46159927	-0.01673196	-0.57946469
4762992.00000000	0.39294409	-0.01764746	-0.63148883
4757992.00000000	0.32071323	-0.01861844	-0.67313000
4752992.00000000	0.24625891	-0.01984082	-0.70481866
4747992.00000000	0.16607990	-0.02133286	-0.72806805
4742992.00000000	0.08393762	-0.02299423	-0.74104489
4737992.00000000	-0.00299066	-0.02462454	-0.74340115
4732992.00000000	-0.09374872	-0.02576062	-0.73425555
4727992.00000000	-0.18440024	-0.02603516	-0.71348502
4722992.00000000	-0.27730380	-0.02513223	-0.68051224
4717992.00000000	-0.36493680	-0.02330334	-0.63813864
4712992.00000000	-0.44666095	-0.02064655	-0.58665350
4707992.00000000	-0.52023129	-0.01764087	-0.52737323
4702992.00000000	-0.58159033	-0.01481299	-0.46367682
4697992.00000000	-0.63414056	-0.01224393	-0.39343527
4692992.00000000	-0.67714258	-0.00949976	-0.31758237
4687992.00000000	-0.70930743	-0.00730310	-0.24058450
4682992.00000000	-0.73298135	-0.00545999	-0.15753854
4677992.00000000	-0.74641858	-0.00333994	-0.07289130
4672992.00000000	-0.74943469	-0.00083310	0.01857739
4667992.00000000	-0.74034195	0.00206445	0.11205798
4662992.00000000	-0.71873193	0.00525848	0.20635587
4657992.00000000	-0.68361963	0.00842581	0.30181345
4652992.00000000	-0.63842542	0.01132028	0.38907309
4647992.00000000	-0.58218079	0.01380960	0.47043335
4642992.00000000	-0.51795346	0.01560629	0.54125400
4637992.00000000	-0.44924219	0.01696631	0.59954272
4632992.00000000	-0.37402362	0.01798611	0.64851367
4627992.00000000	-0.29743213	0.01864874	0.68624692
4622992.00000000	-0.21575433	0.01932724	0.71524966
4617992.00000000	-0.13031711	0.02034659	0.73440607
4612992.00000000	-0.04307300	0.02158530	0.74309247
4607992.00000000	0.05033405	0.02293698	0.74043100
4602992.00000000	0.14372198	0.02383466	0.72574646
4597992.00000000	0.23769058	0.02391641	0.69843781
4592992.00000000	0.32953140	0.02299496	0.65901105
4587992.00000000	0.41162363	0.02117596	0.61111438
4582992.00000000	0.48731808	0.01853830	0.55339957
4577992.00000000	0.55099942	0.01579401	0.49059698
4572992.00000000	0.60408267	0.01318097	0.42323798
4567992.00000000	0.64785062	0.01073706	0.35086899
4562992.00000000	0.68145023	0.00877109	0.27710654
4557992.00000000	0.70719907	0.00699200	0.19825305
4552992.00000000	0.72394077	0.00527939	0.11689420
4547992.00000000	0.73152753	0.00344202	0.03208835
4542992.00000000	0.72881528	0.00139304	-0.05819617
4537992.00000000	0.71531131	-0.00091931	-0.14788394
4532992.00000000	0.69024075	-0.00337302	-0.23921118
4527992.00000000	0.65409061	-0.00566763	-0.32886703
4522992.00000000	0.60927612	-0.00792737	-0.41092862
4517992.00000000	0.55493805	-0.00995737	-0.48680240
4512992.00000000	0.49491687	-0.01158621	-0.55125101
4507992.00000000	0.42890521	-0.01256882	-0.60616016
4502992.00000000	0.35813086	-0.01333755	-0.65163367
4497992.00000000	0.28543787	-0.01408038	-0.68700851
4492992.00000000	0.20667624	-0.01496210	-0.71444867
4487992.00000000	0.12539401	-0.01608167	-0.73232910
4482992.00000000	0.04055991	-0.01737625	-0.74048859
4477992.00000000	-0.05036774	-0.01852841	-0.73755536
4472992.00000000	-0.14105276	-0.01949689	-0.72263367
4467992.00000000	-0.23465408	-0.01971375	-0.69508423
4462992.00000000	-0.32456482	-0.01922888	-0.65638000
4457992.00000000	-0.40761429	-0.01782761	-0.60852679
4452992.00000000	-0.48457468	-0.01588351	-0.55089893
4447992.00000000	-0.54938861	-0.01405670	-0.48894656
4442992.00000000	-0.60511841	-0.01241470	-0.42083667
4437992.00000000	-0.65057199	-0.01089844	-0.34924100
4432992.00000000	-0.68605121	-0.00959503	-0.27563235
4427992.00000000	-0.71347336	-0.00834497	-0.19593073
4422992.00000000	-0.73108282	-0.00685892	-0.11436411
4417992.00000000	-0.73866495	-0.00511789	-0.02826263
4412992.00000000	-0.73500650	-0.00298929	0.06185172
4407992.00000000	-0.71962012	-0.00060925	0.15282144
4402992.00000000	-0.69194653	0.00207828	0.24582816
4397992.00000000	-0.65328391	0.00466949	0.33517093
4392992.00000000	-0.60536285	0.00730536	0.41771515
4387992.00000000	-0.54791553	0.00992477	0.49320380
4382992.00000000	-0.48627792	0.01221228	0.55571323
4377992.00000000	-0.41801297	0.01389279	0.60937671
4372992.00000000	-0.34581509	0.01522006	0.65290720
4367992.00000000	-0.27145541	0.01633368	0.68661646
4362992.00000000	-0.19211832	0.01729892	0.71212772
4357992.00000000	-0.11088290	0.01802979	0.72847247
4352992.00000000	-0.02464810	0.01838666	0.73499680
4347992.00000000	0.06444315	0.01842151	0.73053674
4342992.00000000	0.15313776	0.01760022	0.71476443
4337992.00000000	0.24387964	0.01615836	0.68640280
4332992.00000000	0.32983884	0.01442923	0.64755521
4327992.00000000	0.41001877	0.01262442	0.59958118
4322992.00000000	0.48302823	0.01111661	0.54350372
4317992.00000000	0.54565369	0.00986609	0.48250308
4312992.00000000	0.59984299	0.00909326	0.41560648
4307992.00000000	0.64307544	0.00871274	0.34764105
4302992.00000000	0.67850101	0.00862390	0.27542285
4297992.00000000	0.70614459	0.00849313	0.19818347
4292992.00000000	0.72464508	0.00825198	0.11903656
4287992.00000000	0.73402921	0.00786349	0.03406030
4282992.00000000	0.73263129	0.00718658	-0.05384384
4277992.00000000	0.71951678	0.00579041	-0.14380637
4272992.00000000	0.69375446	0.00371512	-0.23600854
4267992.00000000	0.65695966	0.00108762	-0.32387079
4262992.00000000	0.60870767	-0.00169543	-0.40842252
4257992.00000000	0.55164365	-0.00429953	-0.48464133
4252992.00000000	0.48861652	-0.00641260	-0.54986749
4247992.00000000	0.41928122	-0.00800000	-0.60596619
4242992.00000000	0.34693915	-0.00912936	-0.65129901
4237992.00000000	0.27058273	-0.00996228	-0.68787527
4232992.00000000	0.19021997	-0.01070184	-0.71560901
4227992.00000000	0.10742184	-0.01145325	-0.73373444
4222992.00000000	0.01984476	-0.01227161	-0.74185681
4217992.00000000	-0.06904736	-0.01294644	-0.73868054
4212992.00000000	-0.15993558	-0.01340704	-0.72344467
4207992.00000000	-0.25111792	-0.01333887	-0.69552719
4202992.00000000	-0.33681177	-0.01299908	-0.65688257
4197992.00000000	-0.41797662	-0.01236954	-0.60775989
4192992.00000000	-0.49005927	-0.01178720	-0.55105811
4187992.00000000	-0.55222552	-0.01134628	-0.48863623
4182992.00000000	-0.60540277	-0.01112564	-0.42083566
4177992.00000000	-0.64846939	-0.01105978	-0.35066629
4172992.00000000	-0.68352402	-0.01114520	-0.27606116
4167992.00000000	-0.70974704	-0.01126926	-0.19904144
4162992.00000000	-0.72719931	-0.01113147	-0.11968277
4157992.00000000	-0.73546820	-0.01041443	-0.03465997
4152992.00000000	-0.73313986	-0.00875769	0.05096698
4147992.00000000	-0.71937024	-0.00593692	0.13903168
4142992.00000000	-0.69351703	-0.00205106	0.22801364
4137992.00000000	-0.65706314	0.00255350	0.31229871
4132992.00000000	-0.60924939	0.00720480	0.39361966
4127992.00000000	-0.55375934	0.01043307	0.46584235
4122992.00000000	-0.49043686	0.01277698	0.53033157
4117992.00000000	-0.42167331	0.01411832	0.58552628
4112992.00000000	-0.34912735	0.01477014	0.63160782
4107992.00000000	-0.27199835	0.01518808	0.66958243
4102992.00000000	-0.19182996	0.01548779	0.69900040
4097992.00000000	-0.10769189	0.01599835	0.71969293
4092992.00000000	-0.01784509	0.01651373	0.73128589
4087992.00000000	0.07287167	0.01704028	0.73197705
4082992.00000000	0.16743323	0.01742542	0.72101196
4077992.00000000	0.26071106	0.01750565	0.69777158
4072992.00000000	0.34995987	0.01695712	0.66295517
4067992.00000000	0.43345236	0.01534125	0.61615222
4062992.00000000	0.50570267	0.01339270	0.56126837
4057992.00000000	0.56835767	0.01108344	0.49843158
4052992.00000000	0.62072177	0.00889908	0.42977255
4047992.00000000	0.66310074	0.00699457	0.35697662
4042992.00000000	0.69697797	0.00536597	0.27890778
4037992.00000000	0.72161530	0.00380029	0.19759457
4032992.00000000	0.73720050	0.00220456	0.11113748
4027992.00000000	0.74262357	0.00041168	0.01920529
4022992.00000000	0.73712805	-0.00158206	-0.07543933
4017992.00000000	0.71975815	-0.00369568	-0.17413791
4012992.00000000	0.69104346	-0.00563620	-0.27115048
4007992.00000000	0.65153345	-0.00718073	-0.36382574
4002992.00000000	0.60248679	-0.00841492	-0.44829147
3997992.00000000	0.54648434	-0.00902167	-0.52073077
3992992.00000000	0.48252411	-0.00945901	-0.58365140
3987992.00000000	0.41497412	-0.00983685	-0.63442899
3982992.00000000	0.34285867	-0.01015567	-0.67554465
3977992.00000000	0.26570425	-0.01077121	-0.70771350
3972992.00000000	0.18616132	-0.01187335	-0.72974741
3967992.00000000	0.10074625	-0.01346393	-0.74238928
3962992.00000000	0.01145737	-0.01521512	-0.74375446
3957992.00000000	-0.08092337	-0.01705588	-0.73292044
3952992.00000000	-0.17612311	-0.01817593	-0.70925842
3947992.00000000	-0.26859439	-0.01858762	-0.67422714
3942992.00000000	-0.35775739	-0.01783408	-0.62794742
3937992.00000000	-0.43911493	-0.01632050	-0.57283536
3932992.00000000	-0.51055569	-0.01438840	-0.51114145
3927992.00000000	-0.57316507	-0.01244144	-0.44272955
3922992.00000000	-0.62523303	-0.01061682	-0.37109097
3917992.00000000	-0.66864890	-0.00892709	-0.29466449
3912992.00000000	-0.70324307	-0.00732529	-0.21467731
3907992.00000000	-0.72870502	-0.00574731	-0.13193231
3902992.00000000	-0.74504169	-0.00407043	-0.04388916
3897992.00000000	-0.75042926	-0.00245486	0.04596536
3892992.00000000	-0.74386847	-0.00056000	0.13822894
3887992.00000000	-0.72398904	0.00104092	0.23123331
3882992.00000000	-0.69185672	0.00274142	0.31887247
3877992.00000000	-0.64736383	0.00428751	0.40175418
3872992.00000000	-0.59393646	0.00548172	0.47450546
3867992.00000000	-0.53274503	0.00618433	0.53766162
3862992.00000000	-0.46543112	0.00692743	0.59099875
3857992.00000000	-0.39457529	0.00751782	0.63431699
3852992.00000000	-0.32020502	0.00870575	0.66865234
3847992.00000000	-0.24272153	0.00958856	0.69443948
3842992.00000000	-0.16192538	0.01041440	0.71153162
3837992.00000000	-0.07657892	0.01123346	0.71967609
3832992.00000000	0.01074051	0.01191309	0.71778049
3827992.00000000	0.10180008	0.01218130	0.70507620
3822992.00000000	0.19282788	0.01228909	0.68184424
3817992.00000000	0.28160709	0.01210367	0.64902383
3812992.00000000	0.36736966	0.01164236	0.60687247
3807992.00000000	0.44491885	0.01118079	0.55783786
3802992.00000000	0.51493478	0.01085867	0.50160922
3797992.00000000	0.57556583	0.01059720	0.43933820
3792992.00000000	0.62577832	0.01045724	0.37320193
3787992.00000000	0.66761264	0.01036432	0.30189960
3782992.00000000	0.69991888	0.01020642	0.22780466
3777992.00000000	0.72387662	0.00979468	0.14879404
3772992.00000000	0.73856427	0.00889279	0.06511261
3767992.00000000	0.74299847	0.00712814	-0.02193991
3762992.00000000	0.73591562	0.00462842	-0.11507022
3757992.00000000	0.71666223	0.00150189	-0.20922983
3752992.00000000	0.68487625	-0.00160190	-0.30317767
3747992.00000000	0.64100641	-0.00446118	-0.39289682
3742992.00000000	0.58770056	-0.00636276	-0.47328622
3737992.00000000	0.52574860	-0.00734897	-0.54390558
3732992.00000000	0.45785062	-0.00722717	-0.60308881
3727992.00000000	0.38584506	-0.00662610	-0.65130292
3722992.00000000	0.30883270	-0.00573154	-0.69029913
3717992.00000000	0.22928271	-0.00486749	-0.71929770
3712992.00000000	0.14472491	-0.00403482	-0.73917337
3707992.00000000	0.05618484	-0.00355106	-0.74813309
3702992.00000000	-0.03545480	-0.00329324	-0.74525781
3697992.00000000	-0.13021466	-0.00390704	-0.72870465
3692992.00000000	-0.22291925	-0.00500400	-0.69927414
3687992.00000000	-0.31343478	-0.00638687	-0.65713171
3682992.00000000	-0.39740399	-0.00776517	-0.60472052
3677992.00000000	-0.47170468	-0.00865326	-0.54535440
3672992.00000000	-0.53759525	-0.00922278	-0.47896378
3667992.00000000	-0.59188406	-0.00948904	-0.41070923
3662992.00000000	-0.63763818	-0.00970087	-0.33867340
3657992.00000000	-0.67484970	-0.00969791	-0.26386270
3652992.00000000	-0.70328839	-0.00951962	-0.18750726
3647992.00000000	-0.72391693	-0.00904999	-0.10675632
3642992.00000000	-0.73518301	-0.00814462	-0.02443030
3637992.00000000	-0.73642795	-0.00648352	0.06021790
3632992.00000000	-0.72656866	-0.00388943	0.14628223
3627992.00000000	-0.70521469	-0.00101889	0.23071350
3622992.00000000	-0.67180301	0.00196820	0.31383041
3617992.00000000	-0.62752219	0.00431610	0.39147278
3612992.00000000	-0.57337772	0.00547699	0.46245175
3607992.00000000	-0.51000580	0.00571869	0.52651978
3602992.00000000	-0.44226138	0.00568927	0.58014380
3597992.00000000	-0.36845157	0.00491888	0.62598282
3592992.00000000	-0.29076993	0.00437537	0.66329504
3587992.00000000	-0.20972195	0.00371051	0.69243576
3582992.00000000	-0.12285260	0.00323587	0.71386157
3577992.00000000	-0.03320004	0.00316370	0.72599496
3572992.00000000	0.06016702	0.00341174	0.72812421
3567992.00000000	0.15546466	0.00425357	0.71864532
3562992.00000000	0.24742444	0.00554715	0.69757187
3557992.00000000	0.33673163	0.00677014	0.66412714
3552992.00000000	0.41744995	0.00811414	0.62033179
3547992.00000000	0.48992059	0.00894681	0.56676556
3542992.00000000	0.55231412	0.00967300	0.50552289
3537992.00000000	0.60413290	0.01002869	0.43901901
3532992.00000000	0.64672052	0.01055774	0.36788239
3527992.00000000	0.68023117	0.01103482	0.29371243
3522992.00000000	0.70539206	0.01102405	0.21530383
3517992.00000000	0.72191861	0.01089957	0.13194763
3512992.00000000	0.72869394	0.01013599	0.04516260
3507992.00000000	0.72492963	0.00915198	-0.04754834
3502992.00000000	0.71029898	0.00734860	-0.14089700
3497992.00000000	0.68478403	0.00520871	-0.23525153
3492992.00000000	0.64943329	0.00236569	-0.32592688
3487992.00000000	0.60500266	-0.00044528	-0.40997577
3482992.00000000	0.55161197	-0.00309528	-0.48607855
3477992.00000000	0.49141220	-0.00541953	-0.55145728
3472992.00000000	0.42573267	-0.00691516	-0.60620538
3467992.00000000	0.35452310	-0.00792459	-0.65152884
3462992.00000000	0.28016699	-0.00847818	-0.68709207
3457992.00000000	0.20119971	-0.00890555	-0.71378561
3452992.00000000	0.11715424	-0.00915338	-0.73116101
3447992.00000000	0.02971582	-0.00927515	-0.73828314
3442992.00000000	-0.06255106	-0.00939532	-0.73410132
3437992.00000000	-0.15578882	-0.00923941	-0.71818787
3432992.00000000	-0.24854123	-0.00868362	-0.69051321
3427992.00000000	-0.33845966	-0.00799152	-0.65146182
3422992.00000000	-0.41994135	-0.00715015	-0.60360739
3417992.00000000	-0.49287167	-0.00655026	-0.54734195
3412992.00000000	-0.55499301	-0.00581039	-0.48523712
3407992.00000000	-0.60732321	-0.00546149	-0.41804968
3402992.00000000	-0.65067804	-0.00502829	-0.34571429
3397992.00000000	-0.68495432	-0.00479129	-0.27020328
3392992.00000000	-0.71092691	-0.00452954	-0.18990759
3387992.00000000	-0.72789679	-0.00396350	-0.10620801
3382992.00000000	-0.73540854	-0.00330789	-0.01822278
3377992.00000000	-0.73234094	-0.00205545	0.07395721
3372992.00000000	-0.71771680	-0.00065985	0.16767624
3367992.00000000	-0.69120313	0.00111069	0.26072290
3362992.00000000	-0.65288870	0.00277530	0.35021814
3357992.00000000	-0.60480042	0.00444168	0.43112756
3352992.00000000	-0.54725629	0.00588416	0.50363828
3347992.00000000	-0.48283105	0.00694168	0.56532352
3342992.00000000	-0.41350153	0.00770190	0.61648645
3337992.00000000	-0.33939194	0.00854303	0.65821899
3332992.00000000	-0.26236438	0.00914969	0.69025806
3327992.00000000	-0.18010431	0.00993964	0.71365054
3322992.00000000	-0.09350693	0.01082742	0.72725787
3317992.00000000	-0.00308795	0.01180292	0.73017923
3312992.00000000	0.09110641	0.01255615	0.72155090
3307992.00000000	0.18443912	0.01312091	0.70151093
3302992.00000000	0.27690753	0.01327902	0.67020645
3297992.00000000	0.36486688	0.01228027	0.62832980
3292992.00000000	0.44322104	0.01071335	0.57881793
3287992.00000000	0.51307397	0.00884161	0.52167722
3282992.00000000	0.57177972	0.00706381	0.45933810
3277992.00000000	0.62081937	0.00553879	0.39234384
3272992.00000000	0.66100101	0.00434122	0.32085550
3267992.00000000	0.69205020	0.00343839	0.24661472
3262992.00000000	0.71519376	0.00257874	0.16670480
3257992.00000000	0.72892627	0.00170810	0.08383353
3252992.00000000	0.73277209	0.00065872	-0.00354224
3247992.00000000	0.72559512	-0.00069510	-0.09478998
3242992.00000000	0.70700397	-0.00235687	-0.18663184
3237992.00000000	0.67645596	-0.00428653	-0.27926886
3232992.00000000	0.63559116	-0.00607047	-0.36628232
3227992.00000000	0.58538339	-0.00777481	-0.44628235
3222992.00000000	0.52649698	-0.00906271	-0.51767282
3217992.00000000	0.46281000	-0.01030823	-0.57724451
3212992.00000000	0.39420609	-0.01163574	-0.62710379
3207992.00000000	0.32125888	-0.01273041	-0.66774170
3202992.00000000	0.24488815	-0.01391989	-0.69880182
3197992.00000000	0.16430756	-0.01555521	-0.72067886
3192992.00000000	0.08077875	-0.01751212	-0.73192609
3187992.00000000	-0.00608728	-0.01978329	-0.73198914
3182992.00000000	-0.09416650	-0.02170532	-0.71968057
3177992.00000000	-0.18032645	-0.02246600	-0.69540802
3172992.00000000	-0.26394537	-0.02156241	-0.65989206
3167992.00000000	-0.34104117	-0.01937793	-0.61587762
3162992.00000000	-0.41054324	-0.01614676	-0.56490262
3157992.00000000	-0.47273938	-0.01226349	-0.50741208
3152992.00000000	-0.52576077	-0.00837122	-0.44622964
3147992.00000000	-0.57127173	-0.00454187	-0.38063992
3142992.00000000	-0.60838031	-0.00097263	-0.31228796
3137992.00000000	-0.63799973	0.00243677	-0.24070761
3132992.00000000	-0.66030502	0.00578671	-0.16457425
3127992.00000000	-0.67402472	0.00901627	-0.08602542
3122992.00000000	-0.67847681	0.01199719	-0.00363638
3117992.00000000	-0.67276334	0.01460440	0.08040506
3112992.00000000	-0.65640634	0.01638675	0.16462079
3107992.00000000	-0.62890582	0.01750031	0.24782620
3102992.00000000	-0.59157474	0.01796207	0.32577979
3097992.00000000	-0.54515198	0.01750580	0.39764743
3092992.00000000	-0.49129987	0.01653726	0.46182944
3087992.00000000	-0.43160953	0.01542664	0.51777438
3082992.00000000	-0.36649069	0.01453445	0.56623431
3077992.00000000	-0.29720847	0.01436572	0.60665463
3072992.00000000	-0.22340823	0.01509860	0.64009616
3067992.00000000	-0.14502365	0.01712387	0.66643744
3062992.00000000	-0.06139081	0.02038745	0.68551627
3057992.00000000	0.02886917	0.02544598	0.69687219
3052992.00000000	0.12432172	0.03250998	0.69964267
3047992.00000000	0.22600513	0.03990207	0.69294351
3042992.00000000	0.32983432	0.04607721	0.67603192
3037992.00000000	0.42964740	0.04881308	0.64780698
3032992.00000000	0.52058456	0.04796063	0.60789029
3027992.00000000	0.59856577	0.04463419	0.55704678
3022992.00000000	0.66196417	0.04030603	0.49831842
3017992.00000000	0.71335971	0.03548239	0.43166211
3012992.00000000	0.75291730	0.03024570	0.36029520
3007992.00000000	0.78201535	0.02402551	0.28284894
3002992.00000000	0.79942999	0.01619498	0.19995782
2997992.00000000	0.80307965	0.00607022	0.11321829
2992992.00000000	0.79061786	-0.00589474	0.02018805
2987992.00000000	0.76088431	-0.01807620	-0.07348590
2982992.00000000	0.71498969	-0.02776785	-0.16717746
2977992.00000000	0.65751950	-0.03363116	-0.25607416
2972992.00000000	0.59353622	-0.03544815	-0.33724655
2967992.00000000	0.52603757	-0.03461215	-0.40968243
2962992.00000000	0.45733853	-0.03251352	-0.47159387
2957992.00000000	0.38700162	-0.03000162	-0.52455252
2952992.00000000	0.31563809	-0.02748120	-0.56843039
2947992.00000000	0.24199509	-0.02532260	-0.60420871
2942992.00000000	0.16642880	-0.02351669	-0.63173242
2937992.00000000	0.08837003	-0.02222925	-0.65096652
2932992.00000000	0.00838272	-0.02115216	-0.66112885
2927992.00000000	-0.07404419	-0.02023099	-0.66153961
2922992.00000000	-0.15554550	-0.01958331	-0.65126645
2917992.00000000	-0.23593179	-0.01895581	-0.63012939
2912992.00000000	-0.31237939	-0.01839896	-0.59858688
2907992.00000000	-0.38277899	-0.01794977	-0.55780099
2902992.00000000	-0.44731747	-0.01750793	-0.50845657
2897992.00000000	-0.50435367	-0.01693750	-0.45251080
2892992.00000000	-0.55381729	-0.01636609	-0.39140674
2887992.00000000	-0.59607156	-0.01577405	-0.32578354
2882992.00000000	-0.63111362	-0.01522473	-0.25706635
2877992.00000000	-0.65951816	-0.01462268	-0.18390387
2872992.00000000	-0.68040573	-0.01391870	-0.10738156
2867992.00000000	-0.69334421	-0.01286148	-0.02683633
2862992.00000000	-0.69685172	-0.01124136	0.05669638
2857992.00000000	-0.68996948	-0.00893774	0.14222009
2852992.00000000	-0.67139594	-0.00573535	0.22850775
2847992.00000000	-0.64106097	-0.00193765	0.31230048
2842992.00000000	-0.59895248	0.00219739	0.39217685
2837992.00000000	-0.54629694	0.00623746	0.46595706
2832992.00000000	-0.48604730	0.00998026	0.53072046
2827992.00000000	-0.41879382	0.01373984	0.58719055
2822992.00000000	-0.34710703	0.01736401	0.63449261
2817992.00000000	-0.27104242	0.02089981	0.67335526
2812992.00000000	-0.18985434	0.02425775	0.70376682
2807992.00000000	-0.10539703	0.02706204	0.72471243
2802992.00000000	-0.01636905	0.02944034	0.73536050
2797992.00000000	0.07507584	0.03081656	0.73424072
2792992.00000000	0.16659998	0.03098834	0.72027478
2787992.00000000	0.25740521	0.02986932	0.69301376
2782992.00000000	0.34118280	0.02754410	0.65464407
2777992.00000000	0.41922025	0.02416971	0.60537283
2772992.00000000	0.48803107	0.02012463	0.54835187
2767992.00000000	0.54742786	0.01589536	0.48563446
2762992.00000000	0.59880054	0.01169547	0.41713617
2757992.00000000	0.64090775	0.00765625	0.34583197
2752992.00000000	0.67535965	0.00384152	0.27085477
2747992.00000000	0.70201721	0.00016864	0.19182675
2742992.00000000	0.72007858	-0.00338599	0.11009830
2737992.00000000	0.72895746	-0.00688638	0.02257333
2732992.00000000	0.72707953	-0.01004889	-0.06662125
2727992.00000000	0.71368317	-0.01240686	-0.15844083
2722992.00000000	0.68821646	-0.01380383	-0.25047067
2717992.00000000	0.65202573	-0.01430383	-0.33788544
2712992.00000000	0.60568646	-0.01462967	-0.41954041
2707992.00000000	0.55039362	-0.01472406	-0.49307800
2702992.00000000	0.48876328	-0.01488824	-0.55645322
2697992.00000000	0.42122131	-0.01527811	-0.61054303
2692992.00000000	0.34971716	-0.01572638	-0.65461771
2687992.00000000	0.27377271	-0.01646283	-0.68979895
2682992.00000000	0.19430453	-0.01738202	-0.71562057
2677992.00000000	0.11150043	-0.01872266	-0.73145996
2672992.00000000	0.02319635	-0.02015884	-0.73614801
2667992.00000000	-0.06603870	-0.02168591	-0.72859857
2662992.00000000	-0.15811072	-0.02266528	-0.70785312
2657992.00000000	-0.24911652	-0.02297723	-0.67494290
2652992.00000000	-0.33555258	-0.02197107	-0.63130450
2647992.00000000	-0.41580905	-0.02030777	-0.57888324
2642992.00000000	-0.48731049	-0.01800037	-0.51973975
2637992.00000000	-0.54925626	-0.01559341	-0.45597052
2632992.00000000	-0.60226001	-0.01324393	-0.38794095
2627992.00000000	-0.64594858	-0.01104431	-0.31724640
2622992.00000000	-0.68212711	-0.00906345	-0.24197607
2617992.00000000	-0.70973087	-0.00724951	-0.16407928
2612992.00000000	-0.72870810	-0.00529584	-0.08234122
2607992.00000000	-0.73823206	-0.00298215	0.00378610
2602992.00000000	-0.73674222	-0.00010760	0.09141547
2597992.00000000	-0.72343228	0.00322464	0.18235049
2592992.00000000	-0.69805740	0.00699167	0.27164929
2587992.00000000	-0.66173230	0.01059256	0.35619034
2582992.00000000	-0.61421075	0.01366086	0.43585782
2577992.00000000	-0.55912692	0.01563623	0.50536151
2572992.00000000	-0.49647122	0.01666180	0.56610199
2567992.00000000	-0.42883359	0.01731256	0.61690366
2562992.00000000	-0.35733002	0.01788550	0.65792191
2557992.00000000	-0.28063171	0.01878711	0.69049628
2552992.00000000	-0.20078329	0.01989197	0.71336066
2547992.00000000	-0.11567966	0.02150568	0.72669006
2542992.00000000	-0.02672980	0.02340256	0.72864374
2537992.00000000	0.06484546	0.02516409	0.71836182
2532992.00000000	0.15897922	0.02653857	0.69544284
2527992.00000000	0.25098889	0.02733618	0.66136646
2522992.00000000	0.33898853	0.02721924	0.61728561
2517992.00000000	0.42077966	0.02590076	0.56471530
2512992.00000000	0.49319516	0.02361084	0.50610001
2507992.00000000	0.55669006	0.02067108	0.44162997
2502992.00000000	0.61024200	0.01758490	0.37344247
2497992.00000000	0.65449780	0.01451077	0.30207419
2492992.00000000	0.69076190	0.01139581	0.22633701
2487992.00000000	0.71819266	0.00811737	0.14770560
2482992.00000000	0.73679984	0.00439313	0.06437247
2477992.00000000	0.74484531	-0.00000394	-0.02236047
2472992.00000000	0.74117770	-0.00494293	-0.11091672
2467992.00000000	0.72444174	-0.01024695	-0.20084134
2462992.00000000	0.69503812	-0.01522665	-0.28721490
2457992.00000000	0.65326166	-0.01955069	-0.36916110
2452992.00000000	0.60145139	-0.02297177	-0.44316205
2447992.00000000	0.54170471	-0.02544757	-0.50857764
2442992.00000000	0.47434143	-0.02691110	-0.56633826
2437992.00000000	0.40360461	-0.02777591	-0.61422964
2432992.00000000	0.32875995	-0.02856656	-0.65424677
2427992.00000000	0.24979153	-0.02925601	-0.68620447
2422992.00000000	0.16776581	-0.03039304	-0.70952054
2417992.00000000	0.08079254	-0.03125299	-0.72380679
2412992.00000000	-0.00852716	-0.03177295	-0.72795081
2407992.00000000	-0.10049088	-0.03141586	-0.72107556
2402992.00000000	-0.19318451	-0.02988333	-0.70223654
2397992.00000000	-0.28218488	-0.02750812	-0.67214590
2392992.00000000	-0.36568338	-0.02455371	-0.63139670
2387992.00000000	-0.44136737	-0.02146005	-0.58109729
2382992.00000000	-0.50747888	-0.01863376	-0.52386209
2377992.00000000	-0.56504443	-0.01623987	-0.46002246
2372992.00000000	-0.61355325	-0.01431412	-0.39192032
2367992.00000000	-0.65383417	-0.01265512	-0.31979761
2362992.00000000	-0.68701184	-0.01089883	-0.24193951
2357992.00000000	-0.71169766	-0.00898141	-0.16083716
2352992.00000000	-0.72804517	-0.00645944	-0.07381113
2347992.00000000	-0.73454086	-0.00320242	0.01638937
2342992.00000000	-0.73018967	0.00085263	0.10894138
2337992.00000000	-0.71406866	0.00564691	0.20325632
2332992.00000000	-0.68637457	0.01053030	0.29336798
2327992.00000000	-0.64753146	0.01510620	0.37792609
2322992.00000000	-0.59822415	0.01909183	0.45455038
2317992.00000000	-0.54113721	0.02190768	0.52132092
2312992.00000000	-0.47712128	0.02394528	0.57883743
2307992.00000000	-0.40914078	0.02550677	0.62608298
2302992.00000000	-0.33640314	0.02719205	0.66480548
2297992.00000000	-0.25954886	0.02903461	0.69469128
2292992.00000000	-0.17871176	0.03102386	0.71536469
2287992.00000000	-0.09188416	0.03299606	0.72588486
2282992.00000000	-0.00148779	0.03441788	0.72512701
2277992.00000000	0.09189838	0.03496304	0.71271088
2272992.00000000	0.18662787	0.03422241	0.68874509
2267992.00000000	0.27763742	0.03239377	0.65455545
2262992.00000000	0.36393008	0.02966705	0.61112448
2257992.00000000	0.44246655	0.02626611	0.55964819
2252992.00000000	0.51108109	0.02298724	0.50206613
2247992.00000000	0.57073502	0.02027231	0.43817734
2242992.00000000	0.61999347	0.01744290	0.37136795
2237992.00000000	0.66124194	0.01481995	0.29962543
2232992.00000000	0.69391858	0.01216418	0.22454434
2227992.00000000	0.71838214	0.00914722	0.14483615
2222992.00000000	0.73361072	0.00556277	0.06025223
2217992.00000000	0.73826074	0.00142258	-0.02710764
2212992.00000000	0.73138928	-0.00316812	-0.11811047
2207992.00000000	0.71252103	-0.00782858	-0.20899854
2202992.00000000	0.68173169	-0.01241507	-0.29769226
2197992.00000000	0.63922214	-0.01694315	-0.38263666
2192992.00000000	0.58795245	-0.02110602	-0.45819315
2187992.00000000	0.52891400	-0.02459824	-0.52447543
2182992.00000000	0.46354138	-0.02756516	-0.58138632
2177992.00000000	0.39462509	-0.03006714	-0.62811172
2172992.00000000	0.32028568	-0.03253464	-0.66659906
2167992.00000000	0.24288486	-0.03495639	-0.69589169
2162992.00000000	0.16042621	-0.03745758	-0.71614029
2157992.00000000	0.07369409	-0.03960214	-0.72629752
2152992.00000000	-0.01612082	-0.04093430	-0.72527728
2147992.00000000	-0.11023129	-0.04075275	-0.71233762
2142992.00000000	-0.20285400	-0.03888354	-0.68804175
2137992.00000000	-0.29237070	-0.03548224	-0.65271744
2132992.00000000	-0.37684430	-0.03134674	-0.60724359
2127992.00000000	-0.45154980	-0.02706296	-0.55408807
2122992.00000000	-0.51813519	-0.02298239	-0.49331931
2117992.00000000	-0.57433411	-0.01943561	-0.42783731
2112992.00000000	-0.62129254	-0.01642340	-0.35832990
2107992.00000000	-0.66002167	-0.01367264	-0.28421841
2102992.00000000	-0.69050101	-0.01098788	-0.20663431
2097992.00000000	-0.71302341	-0.00791870	-0.12405936
2092992.00000000	-0.72653302	-0.00424329	-0.03699515
2087992.00000000	-0.72985480	0.00059964	0.05274005
2082992.00000000	-0.72166296	0.00639127	0.14580179
2077992.00000000	-0.70162405	0.01287878	0.23687747
2072992.00000000	-0.66872772	0.01931021	0.32573175
2067992.00000000	-0.62450580	0.02493265	0.40764322
2062992.00000000	-0.57045486	0.02932108	0.48074835
2057992.00000000	-0.50789191	0.03232938	0.54488406
2052992.00000000	-0.44060672	0.03433743	0.59786517
2047992.00000000	-0.36808099	0.03558554	0.64188086
2042992.00000000	-0.29075946	0.03671588	0.67703360
2037992.00000000	-0.20941959	0.03771436	0.70288968
2032992.00000000	-0.12117859	0.03880029	0.71959338
2027992.00000000	-0.02987546	0.03957523	0.72554095
2022992.00000000	0.06635223	0.03972263	0.72020764
2017992.00000000	0.16442938	0.03929446	0.70331772
2012992.00000000	0.26044397	0.03749091	0.67545520
2007992.00000000	0.35258820	0.03476080	0.63709384
2002992.00000000	0.43565289	0.03141037	0.59056491
1997992.00000000	0.50835175	0.02748938	0.53688120
1992992.00000000	0.57127594	0.02364755	0.47640833
1987992.00000000	0.62238419	0.02022522	0.41257455
1982992.00000000	0.66512427	0.01694687	0.34276834
1977992.00000000	0.69829639	0.01367902	0.26960260
1972992.00000000	0.72229263	0.01015628	0.19171027
1967992.00000000	0.73640140	0.00587424	0.10820175
1962992.00000000	0.73904556	0.00079437	0.02101782
1957992.00000000	0.72924060	-0.00509854	-0.07275320
1952992.00000000	0.70658630	-0.01157773	-0.16781503
1947992.00000000	0.67266382	-0.01806723	-0.26043399
1942992.00000000	0.62838965	-0.02401794	-0.34958765
1937992.00000000	0.57638232	-0.02892871	-0.43047189
1932992.00000000	0.51745206	-0.03272772	-0.50254846
1927992.00000000	0.45360696	-0.03548776	-0.56453369
1922992.00000000	0.38631299	-0.03766812	-0.61618353
1917992.00000000	0.31423721	-0.03952408	-0.65941931
1912992.00000000	0.23888443	-0.04171408	-0.69358347
1907992.00000000	0.15949109	-0.04368530	-0.71869522
1902992.00000000	0.07480664	-0.04544781	-0.73429047
1897992.00000000	-0.01138040	-0.04625308	-0.73855133
1892992.00000000	-0.10200076	-0.04553638	-0.73051181
1887992.00000000	-0.19196909	-0.04304025	-0.70985092
1882992.00000000	-0.27889154	-0.03930927	-0.67722443
1877992.00000000	-0.36181094	-0.03484567	-0.63346045
1872992.00000000	-0.43621396	-0.03046582	-0.58189209
1867992.00000000	-0.50302350	-0.02657480	-0.52305328
1862992.00000000	-0.56107288	-0.02330392	-0.45939648
1857992.00000000	-0.61044055	-0.02063809	-0.39229208
1852992.00000000	-0.65305118	-0.01813129	-0.31975113
1847992.00000000	-0.68684894	-0.01573584	-0.24517685
1842992.00000000	-0.71277783	-0.01285016	-0.16579678
1837992.00000000	-0.72941370	-0.00913379	-0.08213782
1832992.00000000	-0.73539859	-0.00440637	0.00499594
1827992.00000000	-0.72932001	0.00140466	0.09532758
1822992.00000000	-0.71048901	0.00785989	0.18511011
1817992.00000000	-0.67908011	0.01452820	0.27336731
1812992.00000000	-0.63594879	0.02110492	0.35747687
1807992.00000000	-0.58403717	0.02674796	0.43304572
1802992.00000000	-0.52355402	0.03175171	0.50128320
1797992.00000000	-0.45815302	0.03596045	0.55923550
1792992.00000000	-0.38838870	0.03965149	0.60843533
1787992.00000000	-0.31303488	0.04303336	0.65027655
1782992.00000000	-0.23532919	0.04619290	0.68344144
1777992.00000000	-0.15157040	0.04936572	0.70925021
1772992.00000000	-0.06459241	0.05179001	0.72585480
1767992.00000000	0.02501437	0.05357758	0.73250165
1762992.00000000	0.11764133	0.05419421	0.72787543
1757992.00000000	0.20709338	0.05342004	0.71154877
1752992.00000000	0.29463611	0.05117722	0.68322598
1747992.00000000	0.37510699	0.04722449	0.64408881
1742992.00000000	0.44790149	0.04198593	0.59516351
1737992.00000000	0.51202066	0.03631534	0.53789270
1732992.00000000	0.56638309	0.03076282	0.47525623
1727992.00000000	0.61314255	0.02525479	0.40651175
1722992.00000000	0.65204913	0.01998163	0.33335156
1717992.00000000	0.68289288	0.01460336	0.25688028
1712992.00000000	0.70668710	0.00846533	0.17244885
1707992.00000000	0.72092291	0.00177573	0.08537088
1702992.00000000	0.72510684	-0.00567529	-0.00698355
1697992.00000000	0.71812332	-0.01346042	-0.10263199
1692992.00000000	0.69987155	-0.02083813	-0.19669894
1687992.00000000	0.66956342	-0.02744565	-0.29009613
1682992.00000000	0.62851315	-0.03286285	-0.37655368
1677992.00000000	0.57843842	-0.03702298	-0.45340598
1672992.00000000	0.51988507	-0.04019318	-0.52087991
1667992.00000000	0.45670563	-0.04250018	-0.57677927
1662992.00000000	0.38674390	-0.04440869	-0.62444037
1657992.00000000	0.31238635	-0.04630582	-0.66298672
1652992.00000000	0.23341058	-0.04824820	-0.69281012
1647992.00000000	0.14807773	-0.05032578	-0.71379382
1642992.00000000	0.05972327	-0.05244745	-0.72417694
1637992.00000000	-0.03495105	-0.05367657	-0.72326376
1632992.00000000	-0.13115228	-0.05340802	-0.71004877
1627992.00000000	-0.22448596	-0.05158725	-0.68508035
1622992.00000000	-0.31587976	-0.04783020	-0.64829321
1617992.00000000	-0.39747549	-0.04274496	-0.60320074
1612992.00000000	-0.47169653	-0.03676181	-0.54923956
1607992.00000000	-0.53650055	-0.03081094	-0.48876935
1602992.00000000	-0.59038275	-0.02531757	-0.42495630
1597992.00000000	-0.63687973	-0.01994553	-0.35535007
1592992.00000000	-0.67443158	-0.01474591	-0.28256720
1587992.00000000	-0.70385446	-0.00920044	-0.20534778
1582992.00000000	-0.72457935	-0.00298065	-0.12299359
1577992.00000000	-0.73520352	0.00371411	-0.03926633
1572992.00000000	-0.73523825	0.01090475	0.05115213
1567992.00000000	-0.72363745	0.01774155	0.14270819
1562992.00000000	-0.70058456	0.02386615	0.23252469
1557992.00000000	-0.66590033	0.02952505	0.31960550
1552992.00000000	-0.62204666	0.03407306	0.39814362
1547992.00000000	-0.56913483	0.03750455	0.46949652
1542992.00000000	-0.50937601	0.03985358	0.53170432
1537992.00000000	-0.44506805	0.04112189	0.58445877
1532992.00000000	-0.37547482	0.04237320	0.62947403
1527992.00000000	-0.30367319	0.04354126	0.66561725
1522992.00000000	-0.22671790	0.04488129	0.69419098
1517992.00000000	-0.14424796	0.04592645	0.71425446
1512992.00000000	-0.05981833	0.04737363	0.72397540
1507992.00000000	0.03038687	0.04778027	0.72272556
1502992.00000000	0.12021179	0.04640460	0.70959943
1497992.00000000	0.20849619	0.04390823	0.68525015
1492992.00000000	0.29486139	0.04021844	0.65029059
1487992.00000000	0.37415964	0.03619635	0.60715662
1482992.00000000	0.44775568	0.03136734	0.55534464
1477992.00000000	0.51288312	0.02670456	0.49725000
1472992.00000000	0.56856711	0.02227765	0.43497461
1467992.00000000	0.61719894	0.01817374	0.36729935
1462992.00000000	0.65727142	0.01425620	0.29688596
1457992.00000000	0.69082010	0.01014322	0.22057181
1452992.00000000	0.71623959	0.00562735	0.13989825
1447992.00000000	0.73272165	0.00050598	0.05630289
1442992.00000000	0.73925681	-0.00561194	-0.03343945
1437992.00000000	0.73383499	-0.01223508	-0.12426270
1432992.00000000	0.71570355	-0.01926651	-0.21577689
1427992.00000000	0.68495956	-0.02606061	-0.30428851
1422992.00000000	0.64301959	-0.03221115	-0.38618961
1417992.00000000	0.58924533	-0.03745020	-0.46248044
1412992.00000000	0.52915320	-0.04134998	-0.52724344
1407992.00000000	0.46231409	-0.04432755	-0.58335059
1402992.00000000	0.39019943	-0.04661118	-0.63038043
1397992.00000000	0.31405838	-0.04881403	-0.66844858
1392992.00000000	0.23159995	-0.05094156	-0.69813620
1387992.00000000	0.14528171	-0.05267856	-0.71820438
1382992.00000000	0.05423453	-0.05390906	-0.72764471
1377992.00000000	-0.04161026	-0.05384009	-0.72521451
1372992.00000000	-0.13692072	-0.05193307	-0.71041370
1367992.00000000	-0.23209518	-0.04803677	-0.68306302
1362992.00000000	-0.32217050	-0.04256232	-0.64435797
1357992.00000000	-0.40416351	-0.03659665	-0.59678430
1352992.00000000	-0.47789053	-0.03071646	-0.54081216
1347992.00000000	-0.54135339	-0.02543329	-0.47953992
1342992.00000000	-0.59555994	-0.02081006	-0.41326450
1337992.00000000	-0.64148999	-0.01682907	-0.34218787
1332992.00000000	-0.67821890	-0.01309399	-0.26879794
1327992.00000000	-0.70730115	-0.00905832	-0.18954404
1322992.00000000	-0.72687683	-0.00445999	-0.10714948
1317992.00000000	-0.73600482	0.00096725	-0.02076218
1312992.00000000	-0.73322034	0.00736191	0.06882712
1307992.00000000	-0.71766006	0.01450006	0.15773172
1302992.00000000	-0.68840869	0.02203491	0.24737399
1297992.00000000	-0.64757483	0.02909116	0.33085114
1292992.00000000	-0.59610727	0.03508722	0.40847525
1287992.00000000	-0.53632275	0.03971353	0.47844772
1282992.00000000	-0.47168518	0.04297104	0.53878668
1277992.00000000	-0.40107513	0.04544833	0.59173154
1272992.00000000	-0.32743707	0.04731250	0.63587772
1267992.00000000	-0.24977335	0.04903326	0.67203159
1262992.00000000	-0.16693997	0.05077835	0.70058484
1257992.00000000	-0.08164801	0.05190738	0.71962650
1252992.00000000	0.00849750	0.05206375	0.72897293
1247992.00000000	0.09991388	0.05082239	0.72670404
1242992.00000000	0.18943909	0.04839075	0.71260318
1237992.00000000	0.27793265	0.04464136	0.68569693
1232992.00000000	0.35834564	0.04034860	0.64841791
1227992.00000000	0.43148395	0.03534641	0.60181244
1222992.00000000	0.49688940	0.03032776	0.54702124
1217992.00000000	0.55279907	0.02536462	0.48745322
1212992.00000000	0.60128748	0.02038351	0.42227222
1207992.00000000	0.64162762	0.01567923	0.35409647
1202992.00000000	0.67526212	0.01096307	0.28044559
1197992.00000000	0.70170187	0.00586490	0.20083267
1192992.00000000	0.71909152	0.00021964	0.11845526
1187992.00000000	0.72715143	-0.00607715	0.03002386
1182992.00000000	0.72431943	-0.01246600	-0.06053864
1177992.00000000	0.70993921	-0.01872559	-0.15287976
1172992.00000000	0.68331989	-0.02470859	-0.24573547
1167992.00000000	0.64616855	-0.02992578	-0.33227850
1162992.00000000	0.59816562	-0.03452231	-0.41338843
1157992.00000000	0.54211227	-0.03832861	-0.48461377
1152992.00000000	0.47984985	-0.04149747	-0.54570947
1147992.00000000	0.41046198	-0.04420450	-0.59884897
1142992.00000000	0.33715445	-0.04662897	-0.64235724
1137992.00000000	0.25704010	-0.04868298	-0.67872003
1132992.00000000	0.17116571	-0.05021585	-0.70668048
1127992.00000000	0.08138416	-0.05098965	-0.72530566
1122992.00000000	-0.01494843	-0.05069870	-0.73399554
1117992.00000000	-0.11151810	-0.04907565	-0.73076752
1112992.00000000	-0.20739719	-0.04613568	-0.71508139
1107992.00000000	-0.29890793	-0.04187305	-0.68692474
1102992.00000000	-0.38199664	-0.03690045	-0.64792801
1097992.00000000	-0.45724866	-0.03189078	-0.59852426
1092992.00000000	-0.52145834	-0.02731113	-0.54252060
1087992.00000000	-0.57747693	-0.02287143	-0.47965976
1082992.00000000	-0.62472293	-0.01842474	-0.41177563
1077992.00000000	-0.66302194	-0.01379636	-0.34045630
1072992.00000000	-0.69364099	-0.00847644	-0.26233188
1067992.00000000	-0.71393271	-0.00274005	-0.18161450
1062992.00000000	-0.72391980	0.00352820	-0.09508713
1057992.00000000	-0.72238638	0.00982330	-0.00353772
1052992.00000000	-0.70907672	0.01574216	0.08787613
1047992.00000000	-0.68417648	0.02159338	0.18067285
1042992.00000000	-0.64893054	0.02662634	0.26921826
1037992.00000000	-0.60397537	0.03076437	0.35257736
1032992.00000000	-0.55018991	0.03405627	0.42902097
1027992.00000000	-0.49181042	0.03630786	0.49442313
1022992.00000000	-0.42702853	0.03796234	0.55263977
1017992.00000000	-0.35881708	0.03904129	0.60190436
1012992.00000000	-0.28667746	0.03982620	0.64361224
1007992.00000000	-0.20882898	0.04034772	0.67887518
1002992.00000000	-0.12955859	0.04052939	0.70537772
997992.00000000	-0.04498404	0.03996457	0.72424646
992992.00000000	0.04101559	0.03851379	0.73296799
987992.00000000	0.12783557	0.03632715	0.73060486
982992.00000000	0.21460632	0.03350592	0.71558725
977992.00000000	0.29563977	0.03029834	0.68855411
972992.00000000	0.37228448	0.02661765	0.64951376
967992.00000000	0.44211819	0.02264523	0.60029657
962992.00000000	0.50359970	0.01862970	0.54370587
957992.00000000	0.55864838	0.01461682	0.47944131
952992.00000000	0.60504947	0.01079379	0.41156299
947992.00000000	0.64450046	0.00699823	0.33885928
942992.00000000	0.67696173	0.00292969	0.26004666
937992.00000000	0.70049426	-0.00154715	0.17873654
932992.00000000	0.71536029	-0.00668219	0.09087805
927992.00000000	0.71961142	-0.01218555	-0.00071738
922992.00000000	0.71274884	-0.01734821	-0.09302228
917992.00000000	0.69331750	-0.02243814	-0.18935132
912992.00000000	0.66300830	-0.02639105	-0.27892590
907992.00000000	0.62207175	-0.02951709	-0.36292374
902992.00000000	0.57112454	-0.03172934	-0.43995596
897992.00000000	0.51423474	-0.03339175	-0.50585477
892992.00000000	0.44926370	-0.03478186	-0.56470700
887992.00000000	0.38111273	-0.03589728	-0.61330310
882992.00000000	0.30769342	-0.03695874	-0.65455917
877992.00000000	0.22735535	-0.03768805	-0.68879218
872992.00000000	0.14416141	-0.03805307	-0.71347690
867992.00000000	0.05470877	-0.03783865	-0.72904977
862992.00000000	-0.03577548	-0.03692203	-0.73344525
857992.00000000	-0.12806192	-0.03474530	-0.72601031
852992.00000000	-0.22015594	-0.03140332	-0.70625635
847992.00000000	-0.30587393	-0.02702045	-0.67545477
842992.00000000	-0.38686237	-0.02176013	-0.63312802
837992.00000000	-0.45847693	-0.01656134	-0.58236319
832992.00000000	-0.52103629	-0.01173557	-0.52460168
827992.00000000	-0.57582993	-0.00748209	-0.46014304
822992.00000000	-0.62127310	-0.00376572	-0.39257339
817992.00000000	-0.65977972	-0.00025092	-0.31901453
812992.00000000	-0.69033646	0.00347717	-0.24035849
807992.00000000	-0.71200244	0.00737552	-0.15771478
802992.00000000	-0.72441281	0.01178458	-0.06843335
797992.00000000	-0.72621844	0.01633069	0.02205927
792992.00000000	-0.71714838	0.02125073	0.11534552
787992.00000000	-0.69666144	0.02631177	0.20770383
782992.00000000	-0.66615591	0.03129306	0.29344235
777992.00000000	-0.62404288	0.03568533	0.37600381
772992.00000000	-0.57389944	0.03858701	0.44869418
767992.00000000	-0.51594223	0.04019766	0.51359933
762992.00000000	-0.45228302	0.04066898	0.56940164
757992.00000000	-0.38364645	0.04030679	0.61691132
752992.00000000	-0.30910239	0.03940390	0.65687247
747992.00000000	-0.23056216	0.03788583	0.68817896
742992.00000000	-0.14601611	0.03546289	0.71132538
737992.00000000	-0.05640121	0.03208978	0.72454236
732992.00000000	0.03539514	0.02761639	0.72670935
727992.00000000	0.13112775	0.02257376	0.71650189
722992.00000000	0.22234009	0.01786078	0.69425284
717992.00000000	0.30984488	0.01321027	0.66000436
712992.00000000	0.39066599	0.00860126	0.61512756
707992.00000000	0.46098157	0.00570721	0.56331903
702992.00000000	0.52480228	0.00268817	0.50314468
697992.00000000	0.57871304	-0.00020526	0.43902954
692992.00000000	0.62474506	-0.00296371	0.37063635
687992.00000000	0.66384283	-0.00502530	0.29647772
682992.00000000	0.69420084	-0.00765036	0.21945901
677992.00000000	0.71603293	-0.01129620	0.13727481
672992.00000000	0.72744879	-0.01386490	0.05104575
667992.00000000	0.72723810	-0.01663834	-0.03790640
662992.00000000	0.71348703	-0.01902145	-0.13360995
657992.00000000	0.68635153	-0.02083600	-0.22607401
652992.00000000	0.64704544	-0.02246393	-0.31364322
647992.00000000	0.59781985	-0.02409506	-0.39359488
642992.00000000	0.54090909	-0.02582217	-0.46488431
637992.00000000	0.47579050	-0.02763751	-0.52924796
632992.00000000	0.40782159	-0.02965872	-0.58303851
627992.00000000	0.33455441	-0.03183682	-0.62933780
622992.00000000	0.25651257	-0.03453415	-0.66783423
617992.00000000	0.17560593	-0.03791956	-0.69741345
612992.00000000	0.08706979	-0.04175540	-0.71867593
607992.00000000	-0.00170581	-0.04583255	-0.72878613
602992.00000000	-0.09321945	-0.04939050	-0.72735910
597992.00000000	-0.18584375	-0.05157465	-0.71324078
592992.00000000	-0.27124625	-0.05147879	-0.68767929
587992.00000000	-0.35373724	-0.04889868	-0.64970560
582992.00000000	-0.42546686	-0.04399011	-0.60389764
577992.00000000	-0.48936154	-0.03753745	-0.55047757
572992.00000000	-0.54914670	-0.03097894	-0.48682697
567992.00000000	-0.59657172	-0.02385501	-0.42335141
562992.00000000	-0.63945779	-0.01641541	-0.35146167
557992.00000000	-0.67633508	-0.00736868	-0.26922403
552992.00000000	-0.70227432	0.00184760	-0.18969803
547992.00000000	-0.71979468	0.01164529	-0.10331476
542992.00000000	-0.72715915	0.02152499	-0.01523920
537992.00000000	-0.72436426	0.03188550	0.07666098
532992.00000000	-0.71098602	0.04232993	0.17010379
527992.00000000	-0.68672360	0.05223694	0.26344009
522992.00000000	-0.65182068	0.05915341	0.35231729
517992.00000000	-0.60807370	0.06411139	0.43221646
512992.00000000	-0.55590833	0.06643381	0.50310535
507992.00000000	-0.48868524	0.06577438	0.57158951
502992.00000000	-0.42459607	0.06756384	0.62127667
497992.00000000	-0.35606528	0.06922336	0.66215677
492992.00000000	-0.28162512	0.07088071	0.69520483
487992.00000000	-0.20210928	0.07232339	0.71970557
482992.00000000	-0.11552194	0.07307687	0.73502444
477992.00000000	-0.02393661	0.07251114	0.73955270
472992.00000000	0.07241330	0.06944925	0.73225778
467992.00000000	0.16915067	0.06362454	0.71353061
462992.00000000	0.26347748	0.05512317	0.68466974
457992.00000000	0.35540399	0.04443231	0.64536716
452992.00000000	0.43661169	0.03307739	0.59942984
447992.00000000	0.50922363	0.02221277	0.54649283
442992.00000000	0.57243970	0.00992474	0.48684027
437992.00000000	0.62488226	0.00084048	0.42452386
432992.00000000	0.66806863	-0.00735175	0.35907590
427992.00000000	0.70127118	-0.01522574	0.29200113
422992.00000000	0.72530670	-0.02356812	0.22080652
417992.00000000	0.73852576	-0.03238202	0.14607993
412992.00000000	0.73964124	-0.04095483	0.06877451
407992.00000000	0.72732367	-0.04904956	-0.01284750
402992.00000000	0.70206213	-0.05516122	-0.09262805
397992.00000000	0.66512769	-0.05866409	-0.16993225
392992.00000000	0.61240128	-0.06114496	-0.25852008
387992.00000000	0.54853867	-0.07072119	-0.34104657
382992.00000000	0.48204480	-0.06369208	-0.39695068
377992.00000000	0.41224661	-0.05614380	-0.44157321
372992.00000000	0.33790799	-0.04844778	-0.47678256
367992.00000000	0.25818930	-0.04076904	-0.50294354
362992.00000000	0.17770523	-0.03376877	-0.51926199
357992.00000000	0.09230295	-0.02694455	-0.52804172
352992.00000000	0.00820111	-0.02060715	-0.52952295
347992.00000000	-0.07605728	-0.01418295	-0.52554004
342992.00000000	-0.15861670	-0.00732703	-0.51581580
337992.00000000	-0.23426608	-0.00003836	-0.50029364
332992.00000000	-0.30437634	0.00778821	-0.47723901
327992.00000000	-0.36483908	0.01544318	-0.44726346
322992.00000000	-0.41513889	0.02227524	-0.41087280
317992.00000000	-0.45518594	0.02755222	-0.36889618
312992.00000000	-0.48276694	0.03099915	-0.32527737
307992.00000000	-0.49856131	0.03312173	-0.28065210
302992.00000000	-0.50182288	0.03414590	-0.23787970
297992.00000000	-0.49356750	0.03473602	-0.19726569
292992.00000000	-0.47497281	0.03532431	-0.15810446
287992.00000000	-0.44890601	0.03577402	-0.12129321
282992.00000000	-0.41676907	0.03629044	-0.08544354
277992.00000000	-0.38024878	0.03651761	-0.05036139
272992.00000000	-0.34005655	0.03602420	-0.01713120
267992.00000000	-0.29492712	0.03421033	0.01460757
262992.00000000	-0.24649356	0.03073367	0.04229578
257992.00000000	-0.19483868	0.02560025	0.06532227
252992.00000000	-0.14237714	0.01937759	0.08332251
247992.00000000	-0.09293906	0.01291122	0.09610330
242992.00000000	-0.04733771	0.00690311	0.10471967
237992.00000000	-0.00815829	0.00224625	0.10983905
232992.00000000	0.02520929	-0.00087289	0.11251736
227992.00000000	0.05327478	-0.00248535	0.11371130
222992.00000000	0.07630798	-0.00302704	0.11397757
217992.00000000	0.09542160	-0.00306458	0.11355392
212992.00000000	0.10973181	-0.00315088	0.11208316
207992.00000000	0.11857266	-0.00361978	0.10939114
202992.00000000	0.12173279	-0.00450128	0.10456506
197992.00000000	0.11895303	-0.00564612	0.09823688
192992.00000000	0.11184915	-0.00653448	0.09008566
187992.00000000	0.10185165	-0.00693280	0.08169501
182992.00000000	0.09075192	-0.00687070	0.07320993
