8046866.00000000	0.00679785	0.00070352	0.02742715
8041866.00000000	0.00710779	0.00071063	0.02996780
8036866.00000000	0.00746127	0.00075821	0.03307794
8031866.00000000	0.00780527	0.00077646	0.03659555
8026866.00000000	0.00817529	0.00079181	0.04058694
8021866.00000000	0.00854276	0.00081738	0.04530179
8016866.00000000	0.00889499	0.00084192	0.05072339
8011866.00000000	0.00921124	0.00084357	0.05704590
8006866.00000000	0.00949496	0.00079657	0.06444894
8001866.00000000	0.00974619	0.00078293	0.07316644
7996866.00000000	0.00992288	0.00072192	0.08339328
7991866.00000000	0.00997415	0.00064932	0.09521829
7986866.00000000	0.00980515	0.00051642	0.10865930
7981866.00000000	0.00975320	0.00031342	0.12274960
7976866.00000000	0.00975693	-0.00000931	0.13757068
7971866.00000000	0.01062354	-0.00044443	0.15121420
7966866.00000000	0.01273578	-0.00080276	0.16127548
7961866.00000000	0.01652884	-0.00090585	0.16608267
7956866.00000000	0.02220682	-0.00073846	0.16440912
7951866.00000000	0.02996170	-0.00030447	0.15632083
7946866.00000000	0.03977066	0.00026981	0.14263159
7941866.00000000	0.05136548	0.00078308	0.12458405
7936866.00000000	0.06513815	0.00098425	0.10188983
7931866.00000000	0.08086453	0.00076993	0.07480502
7926866.00000000	0.09846985	-0.00000989	0.04275662
7921866.00000000	0.11833792	-0.00149918	0.00416400
7916866.00000000	0.13892792	-0.00338742	-0.03924875
7911866.00000000	0.15992532	-0.00535629	-0.08839136
7906866.00000000	0.17868076	-0.00678156	-0.14042139
7901866.00000000	0.19259180	-0.00728421	-0.19139587
7896866.00000000	0.20132581	-0.00693527	-0.24395084
7891866.00000000	0.20361359	-0.00589728	-0.29411240
7886866.00000000	0.20064725	-0.00480347	-0.34265509
7881866.00000000	0.19277109	-0.00415103	-0.38968008
7876866.00000000	0.18099551	-0.00413403	-0.43290817
7871866.00000000	0.16362424	-0.00434784	-0.47317596
7866866.00000000	0.14041132	-0.00473904	-0.50732904
7861866.00000000	0.10903131	-0.00501035	-0.53538071
7856866.00000000	0.06879755	-0.00493274	-0.55539203
7851866.00000000	0.02163602	-0.00460645	-0.56614987
7846866.00000000	-0.03317606	-0.00378375	-0.56741614
7841866.00000000	-0.09183646	-0.00246164	-0.55825079
7836866.00000000	-0.15206042	-0.00050638	-0.53853064
7831866.00000000	-0.21342682	0.00193616	-0.50784305
7826866.00000000	-0.27172250	0.00416214	-0.46869742
7821866.00000000	-0.32954047	0.00666852	-0.42054095
7816866.00000000	-0.38569858	0.00893140	-0.36530905
7811866.00000000	-0.43768552	0.01115747	-0.30598001
7806866.00000000	-0.48477902	0.01313165	-0.24316324
7801866.00000000	-0.52546716	0.01456912	-0.17764722
7796866.00000000	-0.55910361	0.01573383	-0.10804913
7791866.00000000	-0.58376154	0.01650562	-0.03582104
7786866.00000000	-0.59877197	0.01691159	0.03869290
7781866.00000000	-0.60391821	0.01652878	0.11581671
7776866.00000000	-0.59894821	0.01552969	0.19506033
7771866.00000000	-0.58344055	0.01396152	0.27631363
7766866.00000000	-0.55809506	0.01232822	0.35580255
7761866.00000000	-0.52263528	0.01052969	0.43192932
7756866.00000000	-0.47624921	0.00875525	0.50424832
7751866.00000000	-0.42050415	0.00754956	0.56838724
7746866.00000000	-0.35817474	0.00611090	0.62229715
7741866.00000000	-0.28916208	0.00474661	0.66677945
7736866.00000000	-0.21650827	0.00319077	0.70131497
7731866.00000000	-0.13935907	0.00220926	0.72694116
7726866.00000000	-0.06217975	0.00115970	0.74341559
7721866.00000000	0.01872672	0.00009360	0.75146448
7716866.00000000	0.10434534	-0.00075580	0.75032693
7711866.00000000	0.18900681	-0.00167493	0.73885114
7706866.00000000	0.27574713	-0.00316031	0.71569138
7701866.00000000	0.35954489	-0.00450726	0.68088733
7696866.00000000	0.43748801	-0.00608917	0.63523053
7691866.00000000	0.51081552	-0.00787823	0.57716168
7686866.00000000	0.57284268	-0.00984009	0.51244647
7681866.00000000	0.62652756	-0.01155377	0.43928879
7676866.00000000	0.66966440	-0.01313541	0.36163681
7671866.00000000	0.70196942	-0.01436719	0.28414307
7666866.00000000	0.72652609	-0.01481317	0.20166470
7661866.00000000	0.74184305	-0.01595190	0.11989914
7656866.00000000	0.74875076	-0.01789825	0.03412311
7651866.00000000	0.74607489	-0.02016360	-0.05311108
7646866.00000000	0.73309821	-0.02267993	-0.14021631
7641866.00000000	0.70780637	-0.02554047	-0.23082547
7636866.00000000	0.67201093	-0.02842395	-0.31580200
7631866.00000000	0.62331827	-0.03067621	-0.39991446
7626866.00000000	0.56523349	-0.03138196	-0.47634021
7621866.00000000	0.50005508	-0.03024002	-0.54326718
7616866.00000000	0.42666043	-0.02728708	-0.60225635
7611866.00000000	0.35052499	-0.02358417	-0.64957294
7606866.00000000	0.27182547	-0.01936932	-0.68702890
7601866.00000000	0.18866516	-0.01472321	-0.71570883
7596866.00000000	0.10638403	-0.01031967	-0.73482877
7591866.00000000	0.01995972	-0.00537170	-0.74588583
7586866.00000000	-0.06712793	0.00017285	-0.74763892
7581866.00000000	-0.15549792	0.00641199	-0.73915479
7576866.00000000	-0.24740109	0.01335248	-0.71854282
7571866.00000000	-0.33296057	0.01999686	-0.68674149
7566866.00000000	-0.40088864	0.02532932	-0.65170572
7561866.00000000	-0.47612921	0.03010684	-0.59911798
7556866.00000000	-0.54439078	0.03270081	-0.53566315
7551866.00000000	-0.60323096	0.03371075	-0.46333536
7546866.00000000	-0.64961478	0.03353799	-0.38833945
7541866.00000000	-0.68675067	0.03254333	-0.30879044
7536866.00000000	-0.71457977	0.03141544	-0.22590048
7531866.00000000	-0.73279672	0.03064139	-0.14252161
7526866.00000000	-0.74226437	0.03007376	-0.05330774
7521866.00000000	-0.74150421	0.02991708	0.03744586
7516866.00000000	-0.72954660	0.02909427	0.13131323
7511866.00000000	-0.70493137	0.02781177	0.22842184
7506866.00000000	-0.66929675	0.02604715	0.32020877
7501866.00000000	-0.62088394	0.02340189	0.41004971
7496866.00000000	-0.56332797	0.02000650	0.49012296
7491866.00000000	-0.50021500	0.01635452	0.55745978
7486866.00000000	-0.42828488	0.01262656	0.61620670
7481866.00000000	-0.35406348	0.00941528	0.66218875
7476866.00000000	-0.27560281	0.00664816	0.69808228
7471866.00000000	-0.19636087	0.00418924	0.72365195
7466866.00000000	-0.11433392	0.00176096	0.74008945
7461866.00000000	-0.02823447	-0.00080386	0.74716568
7456866.00000000	0.05803412	-0.00370105	0.74388177
7451866.00000000	0.14785706	-0.00744250	0.72926859
7446866.00000000	0.23905914	-0.01204626	0.70225116
7441866.00000000	0.32713776	-0.01664807	0.66369229
7436866.00000000	0.41230191	-0.02123904	0.61337833
7431866.00000000	0.48829907	-0.02501971	0.55511212
7426866.00000000	0.55552472	-0.02773257	0.48916461
7421866.00000000	0.61243884	-0.02938483	0.41763074
7416866.00000000	0.65779855	-0.03014511	0.34378528
7411866.00000000	0.69431738	-0.03059235	0.26492813
7406866.00000000	0.72077042	-0.03068240	0.18515637
7401866.00000000	0.73845496	-0.03070203	0.10078036
7396866.00000000	0.74614029	-0.03114282	0.01412112
7391866.00000000	0.74331744	-0.03201837	-0.07213199
7386866.00000000	0.72853210	-0.03283276	-0.16396637
7381866.00000000	0.70142828	-0.03295609	-0.25498639
7376866.00000000	0.66250992	-0.03245474	-0.34308597
7371866.00000000	0.61106226	-0.03132718	-0.42885583
7366866.00000000	0.55182526	-0.02941254	-0.50443857
7361866.00000000	0.48373715	-0.02640601	-0.57180051
7356866.00000000	0.41273505	-0.02259210	-0.62618301
7351866.00000000	0.33797092	-0.01905258	-0.67002972
7346866.00000000	0.25786423	-0.01535675	-0.70488931
7341866.00000000	0.17874765	-0.01222250	-0.72863507
7336866.00000000	0.09679813	-0.00854788	-0.74345132
7331866.00000000	0.01269977	-0.00460318	-0.74862665
7326866.00000000	-0.07190228	0.00022308	-0.74320566
7321866.00000000	-0.16247125	0.00622852	-0.72524454
7316866.00000000	-0.24770560	0.01205844	-0.69618509
7311866.00000000	-0.33091763	0.01742548	-0.65567770
7306866.00000000	-0.41314835	0.02231583	-0.60284543
7301866.00000000	-0.48594669	0.02641873	-0.54323987
7296866.00000000	-0.55254492	0.02964478	-0.47485312
7291866.00000000	-0.60791132	0.03155109	-0.40326791
7286866.00000000	-0.65434296	0.03256207	-0.32673068
7281866.00000000	-0.69094376	0.03291284	-0.24790805
7276866.00000000	-0.71778839	0.03310480	-0.16858691
7271866.00000000	-0.73639099	0.03334491	-0.08425742
7266866.00000000	-0.74535086	0.03356317	0.00014954
7261866.00000000	-0.74433484	0.03397394	0.08694226
7256866.00000000	-0.73181311	0.03461172	0.17715143
7251866.00000000	-0.70750305	0.03482434	0.26512708
7246866.00000000	-0.66960977	0.03413358	0.35359546
7241866.00000000	-0.61915311	0.03264130	0.43754764
7236866.00000000	-0.56241962	0.03021283	0.50864432
7231866.00000000	-0.49475650	0.02721332	0.57400195
7226866.00000000	-0.42406750	0.02373849	0.62653030
7221866.00000000	-0.34938284	0.01948422	0.66898050
7216866.00000000	-0.27113400	0.01597742	0.70227365
7211866.00000000	-0.18991266	0.01303293	0.72674530
7206866.00000000	-0.10529266	0.01034534	0.74235886
7201866.00000000	-0.01869037	0.00734207	0.74820740
7196866.00000000	0.07051505	0.00385422	0.74363562
7191866.00000000	0.16285208	-0.00036185	0.72684338
7186866.00000000	0.25109964	-0.00467444	0.69846155
7181866.00000000	0.34032544	-0.00960532	0.65668918
7176866.00000000	0.42210892	-0.01451660	0.60488730
7171866.00000000	0.49634302	-0.01850195	0.54409680
7166866.00000000	0.56202319	-0.02179456	0.47546915
7161866.00000000	0.61620856	-0.02406699	0.40319061
7156866.00000000	0.66021194	-0.02528369	0.32747455
7151866.00000000	0.69450140	-0.02668179	0.24936966
7146866.00000000	0.71978754	-0.02781274	0.16891370
7141866.00000000	0.73625827	-0.02967615	0.08467065
7136866.00000000	0.74299384	-0.03162607	0.00122241
7131866.00000000	0.73967038	-0.03375748	-0.08735678
7126866.00000000	0.72474194	-0.03576047	-0.17798288
7121866.00000000	0.69772803	-0.03753793	-0.26784210
7116866.00000000	0.65772202	-0.03804019	-0.35688379
7111866.00000000	0.60744354	-0.03740552	-0.43864520
7106866.00000000	0.54750223	-0.03559167	-0.51286484
7101866.00000000	0.48014069	-0.03292114	-0.57700247
7096866.00000000	0.40964346	-0.02987506	-0.62903708
7091866.00000000	0.33285254	-0.02641434	-0.67219745
7086866.00000000	0.25446600	-0.02301642	-0.70474646
7081866.00000000	0.17472543	-0.01969632	-0.72777802
7076866.00000000	0.09058044	-0.01627408	-0.74202234
7071866.00000000	0.00560013	-0.01210635	-0.74638004
7066866.00000000	-0.08442432	-0.00702704	-0.73976993
7061866.00000000	-0.17585223	-0.00142465	-0.72092612
7056866.00000000	-0.26217972	0.00430661	-0.69160379
7051866.00000000	-0.35047964	0.01001663	-0.64861392
7046866.00000000	-0.43080798	0.01484882	-0.59702316
7041866.00000000	-0.50404312	0.01912152	-0.53652484
7036866.00000000	-0.56851385	0.02272751	-0.46852124
7031866.00000000	-0.62114966	0.02560571	-0.39739911
7026866.00000000	-0.66520139	0.02788266	-0.32023544
7021866.00000000	-0.69833200	0.02970895	-0.24276379
7016866.00000000	-0.72275629	0.03170355	-0.16184479
7011866.00000000	-0.73812622	0.03424509	-0.07717993
7006866.00000000	-0.74331299	0.03687796	0.00827646
7001866.00000000	-0.73763696	0.03936581	0.09834073
6996866.00000000	-0.72041263	0.04142920	0.18745547
6991866.00000000	-0.69069229	0.04261835	0.27758676
6986866.00000000	-0.64748990	0.04222397	0.36706787
6981866.00000000	-0.59545493	0.04004736	0.44650909
6976866.00000000	-0.53398349	0.03683823	0.51857239
6971866.00000000	-0.46474789	0.03297775	0.58096378
6966866.00000000	-0.39137042	0.02933829	0.63217691
6961866.00000000	-0.31387341	0.02631570	0.67355338
6956866.00000000	-0.23448529	0.02363409	0.70506772
6951866.00000000	-0.15116782	0.02109027	0.72805957
6946866.00000000	-0.06496152	0.01876004	0.74196994
6941866.00000000	0.02322467	0.01605634	0.74592282
6936866.00000000	0.11665475	0.01235867	0.73865454
6931866.00000000	0.20872388	0.00813605	0.71917813
6926866.00000000	0.30115616	0.00303589	0.68631741
6921866.00000000	0.38861301	-0.00252283	0.64133942
6916866.00000000	0.46694360	-0.00775092	0.58649500
6911866.00000000	0.53768295	-0.01217618	0.52149222
6906866.00000000	0.59568500	-0.01557465	0.45207465
6901866.00000000	0.64359012	-0.01825266	0.37809366
6896866.00000000	0.68239474	-0.02019308	0.29961172
6891866.00000000	0.71153677	-0.02207565	0.21948227
6886866.00000000	0.73190286	-0.02402274	0.13627530
6881866.00000000	0.74275650	-0.02651929	0.05270132
6876866.00000000	0.74386572	-0.02915320	-0.03539374
6871866.00000000	0.73342371	-0.03188031	-0.12685150
6866866.00000000	0.71123526	-0.03411151	-0.21729422
6861866.00000000	0.67621268	-0.03561713	-0.30818933
6856866.00000000	0.62983627	-0.03624426	-0.39471313
6851866.00000000	0.57360828	-0.03629422	-0.47456290
6846866.00000000	0.51002866	-0.03570792	-0.54425967
6841866.00000000	0.44125278	-0.03467725	-0.60294522
6836866.00000000	0.36690240	-0.03381003	-0.65156680
6831866.00000000	0.28901694	-0.03283911	-0.69015222
6826866.00000000	0.20896118	-0.03198038	-0.71866541
6821866.00000000	0.12353949	-0.03097107	-0.73858023
6816866.00000000	0.03711349	-0.02978674	-0.74828940
6811866.00000000	-0.05517282	-0.02776288	-0.74747437
6806866.00000000	-0.14879861	-0.02430557	-0.73454999
6801866.00000000	-0.23935822	-0.01941476	-0.70995160
6796866.00000000	-0.33004840	-0.01339081	-0.67219775
6791866.00000000	-0.41312741	-0.00671735	-0.62450272
6786866.00000000	-0.48986081	-0.00007895	-0.56632788
6781866.00000000	-0.55595282	0.00549097	-0.50144675
6776866.00000000	-0.61095596	0.00980927	-0.43175970
6771866.00000000	-0.65616013	0.01330161	-0.35761975
6766866.00000000	-0.69107376	0.01600314	-0.28165366
6761866.00000000	-0.71706522	0.01853925	-0.20291458
6756866.00000000	-0.73430713	0.02125351	-0.12020853
6751866.00000000	-0.74186981	0.02433801	-0.03527316
6746866.00000000	-0.73906824	0.02815131	0.05270157
6741866.00000000	-0.72477847	0.03263904	0.14325635
6736866.00000000	-0.69893002	0.03682120	0.23329977
6731866.00000000	-0.65961954	0.04037692	0.32583026
6726866.00000000	-0.61154791	0.04291397	0.40961526
6721866.00000000	-0.55488809	0.04377487	0.48573499
6716866.00000000	-0.49010425	0.04300226	0.55377225
6711866.00000000	-0.42136957	0.04134711	0.61004611
6706866.00000000	-0.34789182	0.03915854	0.65655081
6701866.00000000	-0.27206714	0.03696973	0.69286328
6696866.00000000	-0.19317853	0.03495239	0.72004053
6691866.00000000	-0.10994336	0.03239087	0.73842734
6686866.00000000	-0.02497736	0.02966992	0.74693488
6681866.00000000	0.06405881	0.02637094	0.74497269
6676866.00000000	0.15420117	0.02206403	0.73129178
6671866.00000000	0.24516922	0.01691016	0.70480655
6666866.00000000	0.33409030	0.01175134	0.66591089
6661866.00000000	0.41699469	0.00716797	0.61666577
6656866.00000000	0.49260181	0.00265985	0.55825485
6651866.00000000	0.55876080	-0.00142438	0.49255750
6646866.00000000	0.61465198	-0.00506763	0.42090424
6641866.00000000	0.65885355	-0.00815057	0.34723996
6636866.00000000	0.69358569	-0.01119272	0.26969360
6631866.00000000	0.71863614	-0.01401105	0.19096396
6626866.00000000	0.73500195	-0.01706137	0.10733450
6621866.00000000	0.74138589	-0.02023477	0.02217249
6616866.00000000	0.73713120	-0.02403668	-0.06747144
6611866.00000000	0.72149805	-0.02787006	-0.15705661
6606866.00000000	0.69373105	-0.03152954	-0.24781619
6601866.00000000	0.65431577	-0.03396103	-0.33632220
6596866.00000000	0.60552383	-0.03537372	-0.41796774
6591866.00000000	0.54689645	-0.03583704	-0.49337704
6586866.00000000	0.48334644	-0.03557416	-0.55717682
6581866.00000000	0.41393842	-0.03509848	-0.61166608
6576866.00000000	0.34077676	-0.03384979	-0.65623038
6571866.00000000	0.26533826	-0.03268130	-0.69120224
6566866.00000000	0.18441571	-0.03119067	-0.71817368
6561866.00000000	0.10503351	-0.03006680	-0.73511771
6556866.00000000	0.01844492	-0.02825653	-0.74331577
6551866.00000000	-0.06848615	-0.02603055	-0.74103329
6546866.00000000	-0.15831464	-0.02272690	-0.72764688
6541866.00000000	-0.24933337	-0.01873532	-0.70244305
6536866.00000000	-0.33827179	-0.01404410	-0.66561911
6531866.00000000	-0.42105661	-0.00874985	-0.61901202
6526866.00000000	-0.49702365	-0.00347903	-0.56248160
6521866.00000000	-0.56133521	0.00117999	-0.50016876
6516866.00000000	-0.61601987	0.00549121	-0.43130255
6511866.00000000	-0.65986499	0.00900925	-0.35887927
6506866.00000000	-0.69425259	0.01217282	-0.28303372
6501866.00000000	-0.72005835	0.01497391	-0.20273398
6496866.00000000	-0.73626950	0.01796921	-0.12130215
6491866.00000000	-0.74318503	0.02141385	-0.03620511
6486866.00000000	-0.73924988	0.02528406	0.05420163
6481866.00000000	-0.72409833	0.02925607	0.14303235
6476866.00000000	-0.69551132	0.03312619	0.23717191
6471866.00000000	-0.65643726	0.03632980	0.32553156
6466866.00000000	-0.60697263	0.03837061	0.40940402
6461866.00000000	-0.54776407	0.03906229	0.48705524
6456866.00000000	-0.48291971	0.03867255	0.55371683
6451866.00000000	-0.41172659	0.03785724	0.61085010
6446866.00000000	-0.33791531	0.03694266	0.65657962
6441866.00000000	-0.26029779	0.03571432	0.69300320
6436866.00000000	-0.17865109	0.03486545	0.72022070
6431866.00000000	-0.09574036	0.03375446	0.73744229
6426866.00000000	-0.00734018	0.03196329	0.74508765
6421866.00000000	0.08395529	0.02938788	0.74126077
6416866.00000000	0.17571173	0.02568243	0.72548672
6411866.00000000	0.26881335	0.02130490	0.69658313
6406866.00000000	0.35690820	0.01639273	0.65655600
6401866.00000000	0.43937436	0.01089523	0.60604871
6396866.00000000	0.51475903	0.00560471	0.54546527
6391866.00000000	0.57615997	0.00132178	0.48134521
6386866.00000000	0.62743130	-0.00225607	0.41214502
6381866.00000000	0.66865533	-0.00530173	0.33908743
6376866.00000000	0.70034378	-0.00812201	0.26298254
6371866.00000000	0.72316498	-0.01091351	0.18342365
6366866.00000000	0.73661853	-0.01416299	0.10191357
6361866.00000000	0.74047879	-0.01818341	0.01471109
6356866.00000000	0.73352341	-0.02276843	-0.07261823
6351866.00000000	0.71535648	-0.02764694	-0.16232346
6346866.00000000	0.68492896	-0.03257764	-0.25451068
6341866.00000000	0.64431186	-0.03679919	-0.34239111
6336866.00000000	0.59307806	-0.03999234	-0.42651553
6331866.00000000	0.53418481	-0.04132877	-0.50156400
6326866.00000000	0.46921161	-0.04181622	-0.56636041
6321866.00000000	0.39798364	-0.04154626	-0.62160455
6316866.00000000	0.32585684	-0.04108606	-0.66449405
6311866.00000000	0.24753250	-0.04007745	-0.69922690
6306866.00000000	0.16879065	-0.03928497	-0.72362976
6301866.00000000	0.08545874	-0.03857635	-0.73905334
6296866.00000000	-0.00169025	-0.03763660	-0.74425659
6291866.00000000	-0.08956537	-0.03609256	-0.73815729
6286866.00000000	-0.18118381	-0.03294720	-0.71977606
6281866.00000000	-0.27239316	-0.02906720	-0.68842728
6276866.00000000	-0.35887375	-0.02436356	-0.64583362
6271866.00000000	-0.44130292	-0.01841574	-0.59147531
6266866.00000000	-0.51370557	-0.01237552	-0.52949918
6261866.00000000	-0.57553372	-0.00643787	-0.46151837
6256866.00000000	-0.62741608	-0.00142450	-0.38831195
6251866.00000000	-0.66835760	0.00283063	-0.31326566
6246866.00000000	-0.70115848	0.00697806	-0.23301581
6241866.00000000	-0.72425067	0.01076276	-0.15196976
6236866.00000000	-0.73855475	0.01501379	-0.06692136
6231866.00000000	-0.74294608	0.02015399	0.02429416
6226866.00000000	-0.73628632	0.02494800	0.11160815
6221866.00000000	-0.71705447	0.03018158	0.20439291
6216866.00000000	-0.68602472	0.03447604	0.29296057
6211866.00000000	-0.64370322	0.03753491	0.37677051
6206866.00000000	-0.58906564	0.03958267	0.45697269
6201866.00000000	-0.52796976	0.03987631	0.52550894
6196866.00000000	-0.46004556	0.03927219	0.58457352
6191866.00000000	-0.38565744	0.03858890	0.63455481
6186866.00000000	-0.31039572	0.03805576	0.67342444
6181866.00000000	-0.23017975	0.03747189	0.70434402
6176866.00000000	-0.14870178	0.03704178	0.72590527
6171866.00000000	-0.06278964	0.03643945	0.73864618
6166866.00000000	0.02686169	0.03523901	0.74119839
6161866.00000000	0.11683664	0.03332553	0.73274225
6156866.00000000	0.21119815	0.02957132	0.71209482
6151866.00000000	0.30165613	0.02478424	0.68014911
6146866.00000000	0.38758270	0.01920801	0.63752594
6141866.00000000	0.46800577	0.01367154	0.58421399
6136866.00000000	0.53629028	0.00894769	0.52510416
6131866.00000000	0.59479480	0.00523230	0.46001385
6126866.00000000	0.64321030	0.00222925	0.39038257
6121866.00000000	0.68161002	-0.00022165	0.31781210
6116866.00000000	0.71165881	-0.00268521	0.24047250
6111866.00000000	0.73232788	-0.00502936	0.16096356
6106866.00000000	0.74369711	-0.00814487	0.07671451
6101866.00000000	0.74436508	-0.01212256	-0.01089633
6096866.00000000	0.73332993	-0.01691110	-0.09968042
6091866.00000000	0.70937943	-0.02228354	-0.19213538
6086866.00000000	0.67366559	-0.02758438	-0.28172009
6081866.00000000	0.62631488	-0.03226740	-0.36885355
6076866.00000000	0.57003702	-0.03643716	-0.44903351
6071866.00000000	0.50727667	-0.03920090	-0.51954321
6066866.00000000	0.43839215	-0.04033603	-0.58078186
6061866.00000000	0.36557324	-0.04086453	-0.63166312
6056866.00000000	0.29051636	-0.04076761	-0.67194034
6051866.00000000	0.21271121	-0.04076535	-0.70275967
6046866.00000000	0.13158258	-0.04011411	-0.72457556
6041866.00000000	0.04823843	-0.03895538	-0.73629242
6036866.00000000	-0.03809421	-0.03668655	-0.73730069
6031866.00000000	-0.12541467	-0.03348724	-0.72636795
6026866.00000000	-0.21461868	-0.02935773	-0.70249921
6021866.00000000	-0.29976099	-0.02466528	-0.66742996
6016866.00000000	-0.38265540	-0.01981058	-0.62116852
6011866.00000000	-0.45838165	-0.01467798	-0.56694077
6006866.00000000	-0.52586658	-0.00939313	-0.50604303
6001866.00000000	-0.58513867	-0.00417297	-0.43848190
5996866.00000000	-0.63352756	0.00003787	-0.36842905
5991866.00000000	-0.67378180	0.00380481	-0.29321005
5986866.00000000	-0.70522406	0.00695261	-0.21452963
5981866.00000000	-0.72781778	0.00970438	-0.13421466
5976866.00000000	-0.74240591	0.01304175	-0.04599600
5971866.00000000	-0.74696637	0.01675000	0.04053760
5966866.00000000	-0.74088858	0.02100180	0.13450812
5961866.00000000	-0.72322067	0.02547330	0.22716394
5956866.00000000	-0.69424734	0.02979514	0.31594766
5951866.00000000	-0.65199753	0.03374670	0.40259418
5946866.00000000	-0.59905295	0.03645663	0.48033609
5941866.00000000	-0.53720761	0.03815585	0.54766516
5936866.00000000	-0.46789645	0.03882199	0.60447342
5931866.00000000	-0.39445938	0.03861975	0.65006189
5926866.00000000	-0.31646103	0.03838757	0.68609253
5921866.00000000	-0.23501315	0.03806805	0.71239301
5916866.00000000	-0.15156958	0.03784348	0.72871454
5911866.00000000	-0.06273312	0.03751196	0.73494424
5906866.00000000	0.02786121	0.03682968	0.72996194
5901866.00000000	0.12340634	0.03513602	0.71272467
5896866.00000000	0.21858569	0.03244189	0.68352438
5891866.00000000	0.30999759	0.02840884	0.64443494
5886866.00000000	0.39994562	0.02317084	0.59407367
5881866.00000000	0.47766397	0.01778848	0.53827844
5876866.00000000	0.54473425	0.01255377	0.47698602
5871866.00000000	0.60260049	0.00715842	0.40940741
5866866.00000000	0.64790198	0.00259586	0.34101807
5861866.00000000	0.68543860	-0.00134799	0.26645044
5856866.00000000	0.71330756	-0.00473422	0.19015948
5851866.00000000	0.73242691	-0.00835571	0.11079001
5846866.00000000	0.74235602	-0.01268015	0.02764459
5841866.00000000	0.74181546	-0.01698691	-0.05787991
5836866.00000000	0.72953363	-0.02272214	-0.14794019
5831866.00000000	0.70520538	-0.02804456	-0.23621893
5826866.00000000	0.66894052	-0.03328690	-0.32226334
5821866.00000000	0.62108743	-0.03801520	-0.40441714
5816866.00000000	0.56496820	-0.04123969	-0.47767474
5811866.00000000	0.50105588	-0.04295459	-0.54232715
5806866.00000000	0.43070035	-0.04319861	-0.59821973
5801866.00000000	0.35696927	-0.04254672	-0.64382339
5796866.00000000	0.27992386	-0.04143542	-0.68040359
5791866.00000000	0.20115533	-0.04019162	-0.70792465
5786866.00000000	0.11719296	-0.03886121	-0.72731470
5781866.00000000	0.03053366	-0.03688223	-0.73702682
5776866.00000000	-0.05755377	-0.03433643	-0.73642010
5771866.00000000	-0.14981174	-0.03109003	-0.72460376
5766866.00000000	-0.23977274	-0.02748581	-0.70164310
5761866.00000000	-0.32896692	-0.02399210	-0.66720328
5756866.00000000	-0.41287683	-0.01979529	-0.62228351
5751866.00000000	-0.48680487	-0.01604480	-0.57000134
5746866.00000000	-0.55186346	-0.01215250	-0.51018460
5741866.00000000	-0.60584140	-0.00856317	-0.44581317
5736866.00000000	-0.65061014	-0.00515536	-0.37655658
5731866.00000000	-0.68645746	-0.00197379	-0.30301038
5726866.00000000	-0.71371017	0.00144522	-0.22616891
5721866.00000000	-0.73244925	0.00526700	-0.14580383
5716866.00000000	-0.74209955	0.00964429	-0.06296198
5711866.00000000	-0.74195816	0.01530466	0.02496713
5706866.00000000	-0.73075262	0.02192151	0.11558228
5701866.00000000	-0.70872827	0.02812274	0.20463855
5696866.00000000	-0.67390869	0.03339935	0.29679739
5691866.00000000	-0.62848325	0.03681741	0.38380762
5686866.00000000	-0.57423328	0.03914273	0.46318195
5681866.00000000	-0.51239334	0.03993106	0.53342490
5676866.00000000	-0.44524713	0.03962222	0.59275818
5671866.00000000	-0.37319116	0.03892682	0.64217032
5666866.00000000	-0.29668570	0.03825180	0.68199887
5661866.00000000	-0.21807721	0.03739896	0.71201062
5656866.00000000	-0.13344016	0.03645392	0.73332166
5651866.00000000	-0.04579214	0.03508820	0.74411121
5646866.00000000	0.04598035	0.03315936	0.74364536
5641866.00000000	0.14183463	0.03085706	0.73051950
5636866.00000000	0.23418588	0.02772028	0.70516605
5631866.00000000	0.32792163	0.02420682	0.66620721
5626866.00000000	0.41295337	0.02050729	0.61731073
5621866.00000000	0.48750110	0.01674896	0.56108774
5616866.00000000	0.55359439	0.01268323	0.49666708
5611866.00000000	0.60790128	0.00896460	0.42856265
5606866.00000000	0.65315610	0.00559653	0.35540219
5601866.00000000	0.68796417	0.00251019	0.28144580
5596866.00000000	0.71460791	-0.00071756	0.20359976
5591866.00000000	0.73267062	-0.00445541	0.12128006
5586866.00000000	0.74102957	-0.00876944	0.03613220
5581866.00000000	0.73869644	-0.01370490	-0.05338135
5576866.00000000	0.72463052	-0.01930991	-0.14479510
5571866.00000000	0.69895065	-0.02473489	-0.23543765
5566866.00000000	0.66097729	-0.03017633	-0.32516052
5561866.00000000	0.61317981	-0.03422983	-0.40758051
5556866.00000000	0.55659976	-0.03692435	-0.48178354
5551866.00000000	0.49138870	-0.03858090	-0.54795554
5546866.00000000	0.42150574	-0.03900366	-0.60304056
5541866.00000000	0.34798892	-0.03862317	-0.64826245
5536866.00000000	0.26925693	-0.03826358	-0.68503970
5531866.00000000	0.18748981	-0.03805289	-0.71259525
5526866.00000000	0.10161853	-0.03782233	-0.73153241
5521866.00000000	0.01231482	-0.03746469	-0.74096436
5516866.00000000	-0.08287430	-0.03648849	-0.73992255
5511866.00000000	-0.17861563	-0.03453311	-0.72729483
5506866.00000000	-0.27459097	-0.03115857	-0.70250946
5501866.00000000	-0.36931445	-0.02656631	-0.66483807
5496866.00000000	-0.45301541	-0.02171567	-0.61796405
5491866.00000000	-0.52759821	-0.01660284	-0.56133707
5486866.00000000	-0.59139761	-0.01199432	-0.49660132
5481866.00000000	-0.64159174	-0.00798901	-0.42931488
5476866.00000000	-0.68337958	-0.00447305	-0.35453821
5471866.00000000	-0.71351233	-0.00098550	-0.27971130
5466866.00000000	-0.73452942	0.00277362	-0.20024683
5461866.00000000	-0.74546991	0.00697455	-0.11637979
5456866.00000000	-0.74497360	0.01190558	-0.02874240
5451866.00000000	-0.73137091	0.01752231	0.06395917
5446866.00000000	-0.70589243	0.02285587	0.15423380
5441866.00000000	-0.66757852	0.02754196	0.24726895
5436866.00000000	-0.61788821	0.03102872	0.33890881
5431866.00000000	-0.56155637	0.03345926	0.42161414
5426866.00000000	-0.49621970	0.03466992	0.49882788
5421866.00000000	-0.42875684	0.03529868	0.56256638
5416866.00000000	-0.35735236	0.03552887	0.61628687
5411866.00000000	-0.28147952	0.03569449	0.66067416
5406866.00000000	-0.20495773	0.03576163	0.69455756
5401866.00000000	-0.12304883	0.03590546	0.72032452
5396866.00000000	-0.03867548	0.03581662	0.73612314
5391866.00000000	0.04735706	0.03508148	0.74176434
5386866.00000000	0.13835519	0.03362805	0.73556357
5381866.00000000	0.22556656	0.03139377	0.71738220
5376866.00000000	0.31242908	0.02827866	0.68613019
5371866.00000000	0.39218738	0.02466541	0.64421655
5366866.00000000	0.46202960	0.02097366	0.59484006
5361866.00000000	0.52755377	0.01706021	0.53460397
5356866.00000000	0.58138889	0.01354935	0.47070401
5351866.00000000	0.62796014	0.01026880	0.40007095
5346866.00000000	0.66550885	0.00717474	0.32635870
5341866.00000000	0.69430850	0.00402063	0.25100406
5336866.00000000	0.71582474	0.00046317	0.16945251
5331866.00000000	0.72826440	-0.00367996	0.08629239
5326866.00000000	0.73129367	-0.00872067	-0.00031274
5321866.00000000	0.72365140	-0.01449213	-0.09223450
5316866.00000000	0.70508203	-0.02049484	-0.18335434
5311866.00000000	0.67482767	-0.02656656	-0.27576712
5306866.00000000	0.63429364	-0.03161816	-0.36332477
5301866.00000000	0.58446573	-0.03554736	-0.44380536
5296866.00000000	0.52480347	-0.03789935	-0.51738486
5291866.00000000	0.46040359	-0.03912750	-0.57820975
5286866.00000000	0.39102765	-0.03943066	-0.62890436
5281866.00000000	0.31610059	-0.03967599	-0.67025003
5276866.00000000	0.24378781	-0.03966809	-0.69979901
5271866.00000000	0.16084601	-0.03937424	-0.72296185
5266866.00000000	0.07622040	-0.03893192	-0.73615247
5261866.00000000	-0.01481256	-0.03819940	-0.73949475
5256866.00000000	-0.10937939	-0.03699048	-0.73128461
5251866.00000000	-0.20346844	-0.03508469	-0.71189734
5246866.00000000	-0.29800034	-0.03229352	-0.68085178
5241866.00000000	-0.38710721	-0.02854916	-0.63929239
5236866.00000000	-0.46652240	-0.02381052	-0.58981882
5231866.00000000	-0.53675949	-0.01880576	-0.53204495
5226866.00000000	-0.59470172	-0.01404453	-0.46928891
5221866.00000000	-0.64366913	-0.00972491	-0.39948480
5216866.00000000	-0.68182581	-0.00611520	-0.32698425
5211866.00000000	-0.71057037	-0.00291052	-0.25121005
5206866.00000000	-0.73022473	0.00012204	-0.17159857
5201866.00000000	-0.73997620	0.00350110	-0.08906018
5196866.00000000	-0.73908499	0.00729343	-0.00062061
5191866.00000000	-0.72663403	0.01138019	0.08957343
5186866.00000000	-0.70271298	0.01520615	0.17961194
5181866.00000000	-0.66637772	0.01849741	0.27229163
5176866.00000000	-0.62131387	0.02188535	0.35824347
5171866.00000000	-0.56617084	0.02444366	0.44008890
5166866.00000000	-0.50484998	0.02690616	0.51150925
5161866.00000000	-0.43986905	0.02885446	0.57122897
5156866.00000000	-0.36766473	0.03022760	0.62345367
5151866.00000000	-0.29510220	0.03115094	0.66404846
5146866.00000000	-0.21760898	0.03192715	0.69657324
5141866.00000000	-0.13553296	0.03268158	0.72091705
5136866.00000000	-0.05360034	0.03341470	0.73541986
5131866.00000000	0.03525000	0.03347897	0.74037161
5126866.00000000	0.12336972	0.03330124	0.73422336
5121866.00000000	0.21403534	0.03238007	0.71593744
5116866.00000000	0.30298755	0.02998367	0.68504630
5111866.00000000	0.38269247	0.02699048	0.64506577
5106866.00000000	0.46121686	0.02319156	0.59144986
5101866.00000000	0.52687433	0.01898373	0.53234329
5096866.00000000	0.58294138	0.01528357	0.46740262
5091866.00000000	0.63147708	0.01230844	0.39512558
5086866.00000000	0.66999432	0.00988766	0.32049625
5081866.00000000	0.70026538	0.00727850	0.24112161
5076866.00000000	0.72186240	0.00481387	0.15839847
5071866.00000000	0.73438959	0.00193829	0.07070984
5066866.00000000	0.73668765	-0.00185120	-0.02190796
5061866.00000000	0.72795303	-0.00628915	-0.11567859
5056866.00000000	0.70741843	-0.01098923	-0.21206485
5051866.00000000	0.67553763	-0.01546063	-0.30687650
5046866.00000000	0.63348761	-0.01945709	-0.39495746
5041866.00000000	0.58127692	-0.02244382	-0.47581635
5036866.00000000	0.52124893	-0.02449686	-0.54553381
5031866.00000000	0.45629352	-0.02533093	-0.60294632
5026866.00000000	0.38352960	-0.02570755	-0.65151999
5021866.00000000	0.30988620	-0.02626895	-0.68781525
5016866.00000000	0.22882339	-0.02663470	-0.71592407
5011866.00000000	0.14594370	-0.02734906	-0.73321851
5006866.00000000	0.05696259	-0.02778305	-0.74031979
5001866.00000000	-0.03792139	-0.02842258	-0.73543555
4996866.00000000	-0.13349271	-0.02851465	-0.71829797
4991866.00000000	-0.23226236	-0.02757294	-0.68817328
4986866.00000000	-0.32695905	-0.02578842	-0.64738895
4981866.00000000	-0.41482349	-0.02301379	-0.59772589
4976866.00000000	-0.49536395	-0.01953540	-0.53913165
4971866.00000000	-0.56260172	-0.01583850	-0.47600153
4966866.00000000	-0.61954724	-0.01214142	-0.40730228
4961866.00000000	-0.66506116	-0.00895264	-0.33576160
4956866.00000000	-0.70108820	-0.00577444	-0.26030484
4951866.00000000	-0.72725089	-0.00305753	-0.18305212
4946866.00000000	-0.74471335	0.00000824	-0.09963892
4941866.00000000	-0.75144690	0.00293558	-0.01389606
4936866.00000000	-0.74697858	0.00654388	0.07220883
4931866.00000000	-0.73034308	0.01035800	0.16120139
4926866.00000000	-0.70051648	0.01394513	0.25236429
4921866.00000000	-0.65900174	0.01686383	0.33976080
4916866.00000000	-0.60788876	0.01914932	0.42048340
4911866.00000000	-0.54784427	0.02070038	0.49404773
4906866.00000000	-0.48385562	0.02178622	0.55590054
4901866.00000000	-0.41268631	0.02194916	0.61045496
4896866.00000000	-0.33916287	0.02198108	0.65450113
4891866.00000000	-0.26284415	0.02191382	0.68930338
4886866.00000000	-0.17957071	0.02180478	0.71641022
4881866.00000000	-0.09455673	0.02233609	0.73316638
4876866.00000000	-0.00608264	0.02280206	0.73956732
4871866.00000000	0.08403305	0.02322885	0.73467496
4866866.00000000	0.17621277	0.02323624	0.71765775
4861866.00000000	0.26807510	0.02237219	0.68830518
4856866.00000000	0.35235703	0.02074072	0.64923526
4851866.00000000	0.43320715	0.01863257	0.59887827
4846866.00000000	0.50408600	0.01632187	0.54125589
4841866.00000000	0.56444638	0.01356210	0.47774716
4836866.00000000	0.61534067	0.01110779	0.40886252
4831866.00000000	0.65551981	0.00884891	0.33816800
4826866.00000000	0.68767188	0.00697217	0.26283780
4821866.00000000	0.71131503	0.00453033	0.18357806
4816866.00000000	0.72559796	0.00245950	0.10186700
4811866.00000000	0.73038895	-0.00007529	0.01463327
4806866.00000000	0.72430182	-0.00293115	-0.07404712
4801866.00000000	0.70681741	-0.00622861	-0.16606451
4796866.00000000	0.67704529	-0.00934912	-0.26001041
4791866.00000000	0.63759595	-0.01222098	-0.34794193
4786866.00000000	0.58652985	-0.01476666	-0.43342459
4781866.00000000	0.52995273	-0.01655219	-0.50614679
4776866.00000000	0.46791928	-0.01791278	-0.56816998
4771866.00000000	0.39941449	-0.01906796	-0.62144223
4766866.00000000	0.32952426	-0.02020633	-0.66315894
4761866.00000000	0.25363733	-0.02140771	-0.69702161
4756866.00000000	0.17500131	-0.02294412	-0.72118481
4751866.00000000	0.09259271	-0.02483701	-0.73562216
4746866.00000000	0.00461948	-0.02650861	-0.73951062
4741866.00000000	-0.08259827	-0.02785080	-0.73208759
4736866.00000000	-0.17520886	-0.02822391	-0.71241733
4731866.00000000	-0.26604541	-0.02753781	-0.68145792
4726866.00000000	-0.35296088	-0.02573975	-0.64064853
4721866.00000000	-0.43723892	-0.02327664	-0.58875409
4716866.00000000	-0.50923044	-0.02024783	-0.53175711
4711866.00000000	-0.57279028	-0.01738635	-0.46728613
4706866.00000000	-0.62640082	-0.01475574	-0.39703906
4701866.00000000	-0.66879907	-0.01270251	-0.32444760
4696866.00000000	-0.70228122	-0.01070355	-0.24769418
4691866.00000000	-0.72704947	-0.00915247	-0.16626855
4686866.00000000	-0.74235046	-0.00627820	-0.07906097
4681866.00000000	-0.74669049	-0.00366412	0.01237717
4676866.00000000	-0.73917383	-0.00082571	0.10355734
4671866.00000000	-0.71852841	0.00246060	0.19888934
4666866.00000000	-0.68559778	0.00552057	0.29081805
4661866.00000000	-0.64090475	0.00903146	0.37834451
4656866.00000000	-0.58500064	0.01194241	0.45981503
4651866.00000000	-0.52313361	0.01452203	0.52866064
4646866.00000000	-0.45312808	0.01627707	0.58888913
4641866.00000000	-0.37925696	0.01769434	0.63799951
4636866.00000000	-0.30231189	0.01884369	0.67714471
4631866.00000000	-0.22008423	0.02036740	0.70774973
4626866.00000000	-0.13731433	0.02208368	0.72809915
4621866.00000000	-0.04579077	0.02393985	0.73949631
4616866.00000000	0.04489542	0.02570221	0.73967932
4611866.00000000	0.13982339	0.02703943	0.72822760
4606866.00000000	0.23613135	0.02730859	0.70405606
4601866.00000000	0.32550790	0.02667422	0.66996283
4596866.00000000	0.41135324	0.02468744	0.62452264
4591866.00000000	0.48768143	0.02189392	0.57061188
4586866.00000000	0.55199234	0.01867429	0.51103464
4581866.00000000	0.60704660	0.01559787	0.44432700
4576866.00000000	0.65080194	0.01310562	0.37484485
4571866.00000000	0.68577008	0.01077774	0.30085913
4566866.00000000	0.71233707	0.00882251	0.22203568
4561866.00000000	0.72959518	0.00712152	0.14123724
4556866.00000000	0.73791193	0.00524622	0.05452942
4551866.00000000	0.73580588	0.00306754	-0.03470102
4546866.00000000	0.72257767	0.00061737	-0.12734354
4541866.00000000	0.69766245	-0.00193338	-0.22170514
4536866.00000000	0.66236554	-0.00442230	-0.31291428
4531866.00000000	0.61599854	-0.00692230	-0.40139221
4526866.00000000	0.56276392	-0.00909045	-0.47878885
4521866.00000000	0.50407693	-0.01127414	-0.54492401
4516866.00000000	0.43758047	-0.01302457	-0.60270602
4511866.00000000	0.36858203	-0.01406601	-0.64892047
4506866.00000000	0.29490598	-0.01517300	-0.68629874
4501866.00000000	0.21668793	-0.01659879	-0.71476712
4496866.00000000	0.13683377	-0.01804068	-0.73329428
4491866.00000000	0.05047144	-0.01973068	-0.74233044
4486866.00000000	-0.03829416	-0.02130829	-0.73998608
4481866.00000000	-0.13115906	-0.02256009	-0.72532343
4476866.00000000	-0.22570825	-0.02296246	-0.69771136
4471866.00000000	-0.31552740	-0.02221783	-0.65945480
4466866.00000000	-0.40214252	-0.02067261	-0.60994083
4461866.00000000	-0.47859378	-0.01846606	-0.55338901
4456866.00000000	-0.54515024	-0.01610583	-0.49062189
4451866.00000000	-0.60297830	-0.01394772	-0.42078494
4446866.00000000	-0.64781567	-0.01232523	-0.35102676
4441866.00000000	-0.68423593	-0.01062140	-0.27679514
4436866.00000000	-0.71192725	-0.00899658	-0.19830164
4431866.00000000	-0.72988611	-0.00730951	-0.11719974
4426866.00000000	-0.73810663	-0.00513217	-0.03056918
4421866.00000000	-0.73519180	-0.00269412	0.05730298
4416866.00000000	-0.72046460	0.00019583	0.14906216
4411866.00000000	-0.69371539	0.00326123	0.24108551
4406866.00000000	-0.65648666	0.00659979	0.32921652
4401866.00000000	-0.60779388	0.00969485	0.41442145
4396866.00000000	-0.55198233	0.01235205	0.48894455
4391866.00000000	-0.48920392	0.01455457	0.55366287
4386866.00000000	-0.42042722	0.01648236	0.60829657
4381866.00000000	-0.35047318	0.01819684	0.65103793
4376866.00000000	-0.27342917	0.01907773	0.68650278
4371866.00000000	-0.19392441	0.02032169	0.71232159
4366866.00000000	-0.11256525	0.02121512	0.72857941
4361866.00000000	-0.02665234	0.02165231	0.73539856
4356866.00000000	0.06035983	0.02176749	0.73148526
4351866.00000000	0.14980981	0.02115439	0.71582452
4346866.00000000	0.23948788	0.01955228	0.68808673
4341866.00000000	0.32499991	0.01757184	0.65001556
4336866.00000000	0.40747739	0.01513287	0.60101367
4331866.00000000	0.47944193	0.01317715	0.54616113
4326866.00000000	0.54280270	0.01157288	0.48484674
4321866.00000000	0.59762640	0.01036328	0.41752411
4316866.00000000	0.64152884	0.00963235	0.34875583
4311866.00000000	0.67762967	0.00914377	0.27516278
4306866.00000000	0.70477496	0.00884225	0.19929575
4301866.00000000	0.72366483	0.00840079	0.11834494
4296866.00000000	0.73289221	0.00761969	0.03366141
4291866.00000000	0.73134814	0.00644757	-0.05233444
4286866.00000000	0.71733954	0.00465683	-0.14586957
4281866.00000000	0.69208179	0.00218814	-0.23435724
4276866.00000000	0.65429300	-0.00106293	-0.32325992
4271866.00000000	0.60584808	-0.00397708	-0.40695071
4266866.00000000	0.54978427	-0.00690317	-0.48109201
4261866.00000000	0.48513992	-0.00926636	-0.54762711
4256866.00000000	0.41616742	-0.01101801	-0.60309833
4251866.00000000	0.34339288	-0.01227887	-0.64862180
4246866.00000000	0.26565665	-0.01306833	-0.68572076
4241866.00000000	0.18693665	-0.01423682	-0.71283838
4236866.00000000	0.10223834	-0.01495407	-0.73139447
4231866.00000000	0.01531223	-0.01575443	-0.73940213
4226866.00000000	-0.07318002	-0.01646411	-0.73621689
4221866.00000000	-0.16551685	-0.01663458	-0.72070911
4216866.00000000	-0.25491891	-0.01645419	-0.69314090
4211866.00000000	-0.34044357	-0.01590549	-0.65449817
4206866.00000000	-0.42117712	-0.01509579	-0.60534229
4201866.00000000	-0.49126465	-0.01418628	-0.54997983
4196866.00000000	-0.55464178	-0.01322913	-0.48604245
4191866.00000000	-0.60656778	-0.01242551	-0.41917737
4186866.00000000	-0.64932523	-0.01186496	-0.34901462
4181866.00000000	-0.68462698	-0.01155530	-0.27325537
4176866.00000000	-0.70992819	-0.01113165	-0.19810355
4171866.00000000	-0.72770538	-0.01053830	-0.11644153
4166866.00000000	-0.73583481	-0.00938501	-0.03187131
4161866.00000000	-0.73336395	-0.00705038	0.05411700
4156866.00000000	-0.71931610	-0.00360843	0.14378143
4151866.00000000	-0.69385178	0.00057895	0.23166592
4146866.00000000	-0.65663504	0.00543759	0.31807239
4141866.00000000	-0.60945547	0.00967575	0.39849338
4136866.00000000	-0.55421036	0.01287079	0.47086792
4131866.00000000	-0.49005905	0.01522711	0.53653036
4126866.00000000	-0.42240170	0.01643481	0.59095911
4121866.00000000	-0.34904861	0.01698950	0.63753964
4116866.00000000	-0.26958377	0.01718591	0.67610617
4111866.00000000	-0.18963818	0.01747412	0.70480698
4106866.00000000	-0.10648691	0.01793326	0.72472714
4101866.00000000	-0.01816895	0.01847556	0.73533148
4096866.00000000	0.07384024	0.01868161	0.73517224
4091866.00000000	0.16843979	0.01880231	0.72297238
4086866.00000000	0.26053412	0.01853394	0.69881503
4081866.00000000	0.35139465	0.01740182	0.66148831
4076866.00000000	0.43299628	0.01567581	0.61424423
4071866.00000000	0.50501785	0.01342578	0.55793048
4066866.00000000	0.56735510	0.01097714	0.49383618
4061866.00000000	0.61844379	0.00866855	0.42546191
4056866.00000000	0.66102118	0.00655875	0.35090475
4051866.00000000	0.69394781	0.00476672	0.27356250
4046866.00000000	0.71845050	0.00296967	0.19106653
4041866.00000000	0.73384869	0.00105823	0.10277185
4036866.00000000	0.73897916	-0.00103888	0.01199207
4031866.00000000	0.73305847	-0.00335617	-0.08657349
4026866.00000000	0.71597345	-0.00588403	-0.18452307
4021866.00000000	0.68693747	-0.00812079	-0.28392703
4016866.00000000	0.64758582	-0.00993582	-0.37719775
4011866.00000000	0.59931873	-0.01123462	-0.46063071
4006866.00000000	0.54300510	-0.01227536	-0.53351324
4001866.00000000	0.47927908	-0.01277850	-0.59570703
3996866.00000000	0.41206427	-0.01327328	-0.64562729
3991866.00000000	0.33868796	-0.01373895	-0.68676358
3986866.00000000	0.26243793	-0.01444080	-0.71770255
3981866.00000000	0.18013043	-0.01524655	-0.73948660
3976866.00000000	0.09436743	-0.01664395	-0.75042935
3971866.00000000	0.00489197	-0.01820285	-0.74992679
3966866.00000000	-0.08983582	-0.01964090	-0.73641748
3961866.00000000	-0.18466428	-0.02038785	-0.71058838
3956866.00000000	-0.27809918	-0.02017880	-0.67269226
3951866.00000000	-0.36849286	-0.01899500	-0.62314795
3946866.00000000	-0.44678790	-0.01717676	-0.56794336
3941866.00000000	-0.51954752	-0.01479059	-0.50278455
3936866.00000000	-0.58018631	-0.01249948	-0.43420374
3931866.00000000	-0.63052374	-0.01046231	-0.36274347
3926866.00000000	-0.67312625	-0.00854144	-0.28545645
3921866.00000000	-0.70615808	-0.00682831	-0.20635144
3916866.00000000	-0.73097781	-0.00502719	-0.12178864
3911866.00000000	-0.74568259	-0.00308157	-0.03501514
3906866.00000000	-0.74957944	-0.00094562	0.05451852
3901866.00000000	-0.74100412	0.00136115	0.14720322
3896866.00000000	-0.71955167	0.00338931	0.23701263
3891866.00000000	-0.68487289	0.00512906	0.32447165
3886866.00000000	-0.63913748	0.00663312	0.40437448
3881866.00000000	-0.58485211	0.00798505	0.47457462
3876866.00000000	-0.52223041	0.00922363	0.53633899
3871866.00000000	-0.45580478	0.01048843	0.58716705
3866866.00000000	-0.38463254	0.01154980	0.62932776
3861866.00000000	-0.30832303	0.01273941	0.66356995
3856866.00000000	-0.23091333	0.01359717	0.68855139
3851866.00000000	-0.15033179	0.01436017	0.70520370
3846866.00000000	-0.06415387	0.01548090	0.71299814
3841866.00000000	0.02296289	0.01562393	0.71095450
3836866.00000000	0.11318320	0.01606799	0.69852719
3831866.00000000	0.20211737	0.01612228	0.67622195
3826866.00000000	0.29243863	0.01548593	0.64322421
3821866.00000000	0.37618781	0.01462164	0.60229218
3816866.00000000	0.45338742	0.01377368	0.55342148
3811866.00000000	0.52280606	0.01290134	0.49704678
3806866.00000000	0.58158740	0.01205655	0.43581195
3801866.00000000	0.63166678	0.01137064	0.36864117
3796866.00000000	0.67219980	0.01080588	0.29777512
3791866.00000000	0.70368839	0.01012747	0.22352762
3786866.00000000	0.72701147	0.00910815	0.14323297
3781866.00000000	0.74058411	0.00747009	0.05969888
3776866.00000000	0.74386292	0.00499524	-0.03034863
3771866.00000000	0.73563086	0.00159927	-0.12198813
3766866.00000000	0.71471512	-0.00219537	-0.21757224
3761866.00000000	0.68138977	-0.00614661	-0.31172812
3756866.00000000	0.63650827	-0.00931705	-0.40101578
3751866.00000000	0.58190979	-0.01125275	-0.48113177
3746866.00000000	0.51935495	-0.01235678	-0.55069485
3741866.00000000	0.45146295	-0.01206314	-0.60864661
3736866.00000000	0.37790747	-0.01120334	-0.65681622
3731866.00000000	0.30124854	-0.01017020	-0.69461862
3726866.00000000	0.22170593	-0.00940970	-0.72280423
3721866.00000000	0.13669833	-0.00866565	-0.74173587
3716866.00000000	0.04964709	-0.00811987	-0.74960776
3711866.00000000	-0.04310757	-0.00773734	-0.74546225
3706866.00000000	-0.13694305	-0.00784674	-0.72802017
3701866.00000000	-0.22965433	-0.00847974	-0.69754846
3696866.00000000	-0.32171756	-0.00936951	-0.65325375
3691866.00000000	-0.40215948	-0.01004910	-0.60193640
3686866.00000000	-0.47833252	-0.01048572	-0.53994193
3681866.00000000	-0.54112216	-0.01049530	-0.47559460
3676866.00000000	-0.59535718	-0.00992859	-0.40638614
3671866.00000000	-0.64020752	-0.00950632	-0.33455200
3666866.00000000	-0.67660052	-0.00904697	-0.26011951
3661866.00000000	-0.70479907	-0.00838464	-0.18323245
3656866.00000000	-0.72471637	-0.00722086	-0.10311871
3651866.00000000	-0.73544547	-0.00550290	-0.02108072
3646866.00000000	-0.73608780	-0.00312085	0.06297525
3641866.00000000	-0.72571304	0.00000217	0.14825201
3636866.00000000	-0.70342126	0.00334283	0.23313202
3631866.00000000	-0.66911078	0.00690518	0.31557812
3626866.00000000	-0.62492514	0.00962393	0.39105368
3621866.00000000	-0.56977020	0.01120596	0.46190906
3616866.00000000	-0.50655728	0.01173184	0.52462885
3611866.00000000	-0.43836414	0.01117599	0.57785638
3606866.00000000	-0.36254007	0.01036032	0.62436075
3601866.00000000	-0.28587015	0.00921231	0.66083038
3596866.00000000	-0.20311905	0.00825507	0.69026541
3591866.00000000	-0.11650394	0.00742709	0.71128635
3586866.00000000	-0.02563516	0.00716180	0.72327280
3581866.00000000	0.06924701	0.00729276	0.72507581
3576866.00000000	0.16228430	0.00782483	0.71555624
3571866.00000000	0.25493100	0.00840674	0.69398184
3566866.00000000	0.34331216	0.00900153	0.66031485
3561866.00000000	0.42298904	0.00955569	0.61644110
3556866.00000000	0.49445184	0.01011447	0.56260864
3551866.00000000	0.55537415	0.01037180	0.50175555
3546866.00000000	0.60642181	0.01059204	0.43539847
3541866.00000000	0.64873373	0.01050461	0.36356860
3536866.00000000	0.68191257	0.01038528	0.28834109
3531866.00000000	0.70674319	0.01023932	0.20881708
3526866.00000000	0.72257932	0.00959570	0.12429553
3521866.00000000	0.72844708	0.00854715	0.03672290
3516866.00000000	0.72396317	0.00678021	-0.05351022
3511866.00000000	0.70850742	0.00470532	-0.14771063
3506866.00000000	0.68210471	0.00236157	-0.24252567
3501866.00000000	0.64577975	-0.00032416	-0.33324094
3496866.00000000	0.60078644	-0.00309988	-0.41636713
3491866.00000000	0.54667114	-0.00575137	-0.49189267
3486866.00000000	0.48679791	-0.00798022	-0.55554025
3481866.00000000	0.42084540	-0.00973367	-0.60939886
3476866.00000000	0.34990021	-0.01050327	-0.65385318
3471866.00000000	0.27534894	-0.01101495	-0.68891187
3466866.00000000	0.19552325	-0.01124762	-0.71538516
3461866.00000000	0.11256915	-0.01151639	-0.73206055
3456866.00000000	0.02451236	-0.01160986	-0.73863763
3451866.00000000	-0.06781393	-0.01150351	-0.73377383
3446866.00000000	-0.16119504	-0.01115546	-0.71710654
3441866.00000000	-0.25505844	-0.01051422	-0.68824728
3436866.00000000	-0.34270786	-0.00965485	-0.64948822
3431866.00000000	-0.42494238	-0.00849167	-0.60034091
3426866.00000000	-0.49651999	-0.00751050	-0.54422800
3421866.00000000	-0.55786874	-0.00660107	-0.48201578
3416866.00000000	-0.61032819	-0.00577313	-0.41326761
3411866.00000000	-0.65237106	-0.00507892	-0.34189893
3406866.00000000	-0.68633255	-0.00437231	-0.26565222
3401866.00000000	-0.71173199	-0.00370358	-0.18526538
3396866.00000000	-0.72818359	-0.00297098	-0.10152853
3391866.00000000	-0.73521097	-0.00180765	-0.01222253
3386866.00000000	-0.73145938	-0.00039032	0.07972467
3381866.00000000	-0.71619867	0.00144583	0.17348331
3376866.00000000	-0.68863943	0.00338644	0.26742398
3371866.00000000	-0.65010648	0.00563303	0.35542715
3366866.00000000	-0.60113803	0.00732913	0.43629990
3361866.00000000	-0.54230661	0.00868747	0.50901581
3356866.00000000	-0.47954913	0.00966501	0.56816452
3351866.00000000	-0.40839590	0.01040576	0.61992566
3346866.00000000	-0.33495923	0.01098203	0.66069275
3341866.00000000	-0.25744296	0.01163339	0.69238715
3336866.00000000	-0.17435541	0.01227856	0.71541403
3331866.00000000	-0.08878992	0.01300754	0.72818817
3326866.00000000	0.00276868	0.01380685	0.73043817
3321866.00000000	0.09655240	0.01430286	0.72113437
3316866.00000000	0.19157596	0.01460495	0.69996973
3311866.00000000	0.28441397	0.01399777	0.66753528
3306866.00000000	0.36973596	0.01273932	0.62612387
3301866.00000000	0.44908685	0.01099518	0.57510016
3296866.00000000	0.51734323	0.00891534	0.51798865
3291866.00000000	0.57526147	0.00699326	0.45546976
3286866.00000000	0.62373831	0.00536111	0.38798239
3281866.00000000	0.66297803	0.00404279	0.31686749
3276866.00000000	0.69385587	0.00290900	0.24121707
3271866.00000000	0.71631537	0.00171906	0.16089813
3266866.00000000	0.72940018	0.00048322	0.07685172
3261866.00000000	0.73233368	-0.00102267	-0.01070731
3256866.00000000	0.72408905	-0.00278415	-0.10256998
3251866.00000000	0.70406213	-0.00475186	-0.19605707
3246866.00000000	0.67267813	-0.00694464	-0.28758447
3241866.00000000	0.63107968	-0.00897781	-0.37383661
3236866.00000000	0.57974786	-0.01086685	-0.45339401
3231866.00000000	0.52135458	-0.01237061	-0.52259018
3226866.00000000	0.45678873	-0.01350845	-0.58199863
3221866.00000000	0.38727951	-0.01423434	-0.63131580
3216866.00000000	0.31428223	-0.01518228	-0.67087848
3211866.00000000	0.23809943	-0.01639258	-0.70103625
3206866.00000000	0.15679196	-0.01800473	-0.72219852
3201866.00000000	0.07275122	-0.01988739	-0.73251874
3196866.00000000	-0.01488062	-0.02181888	-0.73127859
3191866.00000000	-0.10214221	-0.02326135	-0.71772040
3186866.00000000	-0.19052380	-0.02356525	-0.69147238
3181866.00000000	-0.27194873	-0.02240289	-0.65572964
3176866.00000000	-0.34891327	-0.01977805	-0.61044113
3171866.00000000	-0.41729962	-0.01619870	-0.55898965
3166866.00000000	-0.47775211	-0.01202515	-0.50194543
3161866.00000000	-0.53009366	-0.00786716	-0.44021304
3156866.00000000	-0.57481119	-0.00395313	-0.37403967
3151866.00000000	-0.61093607	-0.00031677	-0.30604861
3146866.00000000	-0.64043884	0.00340610	-0.23262222
3141866.00000000	-0.66168982	0.00707782	-0.15652017
3136866.00000000	-0.67443704	0.01062372	-0.07725742
3131866.00000000	-0.67788071	0.01393985	0.00584122
3126866.00000000	-0.67101755	0.01671338	0.08944955
3121866.00000000	-0.65326791	0.01876611	0.17421124
3116866.00000000	-0.62471698	0.01998700	0.25657626
3111866.00000000	-0.58649832	0.02018497	0.33367062
3106866.00000000	-0.53781293	0.01980539	0.40654733
3101866.00000000	-0.48393085	0.01897278	0.46896469
3096866.00000000	-0.42216272	0.01798090	0.52516492
3091866.00000000	-0.35692523	0.01741455	0.57231653
3086866.00000000	-0.28725037	0.01736353	0.61194525
3081866.00000000	-0.21217438	0.01835959	0.64478299
3076866.00000000	-0.13307590	0.02049878	0.67015744
3071866.00000000	-0.04753900	0.02423019	0.68836206
3066866.00000000	0.04319205	0.02973062	0.69861780
3061866.00000000	0.13973727	0.03667419	0.70021954
3056866.00000000	0.24208691	0.04395099	0.69255807
3051866.00000000	0.34516635	0.04918372	0.67435385
3046866.00000000	0.44461292	0.05091394	0.64441696
3041866.00000000	0.53428992	0.04880850	0.60225333
