8040929.00000000	0.01039911	0.00035477	0.02562228
8035929.00000000	0.01108228	0.00032928	0.02821802
8030929.00000000	0.01181140	0.00030948	0.03115112
8025929.00000000	0.01264804	0.00026031	0.03457346
8020929.00000000	0.01355353	0.00022546	0.03845004
8015929.00000000	0.01451083	0.00017303	0.04297696
8010929.00000000	0.01555981	0.00013242	0.04822617
8005929.00000000	0.01675616	0.00001965	0.05428568
8000929.00000000	0.01806247	-0.00012582	0.06147226
7995929.00000000	0.01947165	-0.00032706	0.06987637
7990929.00000000	0.02099588	-0.00061755	0.07968219
7985929.00000000	0.02264365	-0.00097186	0.09114395
7980929.00000000	0.02446527	-0.00141888	0.10395126
7975929.00000000	0.02650058	-0.00195230	0.11838055
7970929.00000000	0.02885092	-0.00241486	0.13307120
7965929.00000000	0.03164267	-0.00270642	0.14647418
7960929.00000000	0.03502527	-0.00268207	0.15701138
7955929.00000000	0.03912881	-0.00230811	0.16211157
7950929.00000000	0.04391116	-0.00159879	0.16072852
7945929.00000000	0.04981558	-0.00062704	0.15253854
7940929.00000000	0.05745651	0.00043234	0.13849478
7935929.00000000	0.06666739	0.00127292	0.11908072
7930929.00000000	0.07719345	0.00193640	0.09542712
7925929.00000000	0.08909421	0.00225458	0.06705139
7920929.00000000	0.10250937	0.00209827	0.03290787
7915929.00000000	0.11699472	0.00143066	-0.00702780
7910929.00000000	0.13224960	0.00033444	-0.05349222
7905929.00000000	0.14678293	-0.00089966	-0.10420050
7900929.00000000	0.15885443	-0.00170648	-0.15738229
7895929.00000000	0.16686319	-0.00163754	-0.21144836
7890929.00000000	0.16922696	-0.00060623	-0.26417139
7885929.00000000	0.16547379	0.00106351	-0.31545358
7880929.00000000	0.15639764	0.00261301	-0.36359372
7875929.00000000	0.14302133	0.00351978	-0.40865750
7870929.00000000	0.12521069	0.00375934	-0.45119168
7865929.00000000	0.10339841	0.00334067	-0.48858240
7860929.00000000	0.07576431	0.00269559	-0.51990820
7855929.00000000	0.04117322	0.00194153	-0.54375861
7850929.00000000	0.00000665	0.00145300	-0.55804346
7845929.00000000	-0.04919247	0.00110294	-0.56282056
7840929.00000000	-0.10302249	0.00091788	-0.55706738
7835929.00000000	-0.16043750	0.00089072	-0.54015512
7830929.00000000	-0.21793747	0.00093616	-0.51236722
7825929.00000000	-0.27312497	0.00123615	-0.47476315
7820929.00000000	-0.32694769	0.00169165	-0.42682184
7815929.00000000	-0.37683932	0.00239655	-0.37198056
7810929.00000000	-0.42398990	0.00315018	-0.31056750
7805929.00000000	-0.46720004	0.00390723	-0.24423416
7800929.00000000	-0.50461227	0.00453537	-0.17581583
7795929.00000000	-0.53579608	0.00490079	-0.10328751
7790929.00000000	-0.55757489	0.00482697	-0.03111978
7785929.00000000	-0.56989847	0.00433493	0.04230850
7780929.00000000	-0.57184845	0.00350616	0.11747781
7775929.00000000	-0.56311145	0.00248926	0.19240134
7770929.00000000	-0.54287531	0.00111124	0.26898462
7765929.00000000	-0.51225754	-0.00051657	0.34279236
7760929.00000000	-0.47232925	-0.00216754	0.41243381
7755929.00000000	-0.42266522	-0.00351633	0.47809433
7750929.00000000	-0.36663950	-0.00440085	0.53515009
7745929.00000000	-0.30401230	-0.00483487	0.58410107
7740929.00000000	-0.23783417	-0.00485562	0.62291855
7735929.00000000	-0.16878699	-0.00461197	0.65252481
7730929.00000000	-0.09607281	-0.00412149	0.67357846
7725929.00000000	-0.02346854	-0.00346509	0.68567123
7720929.00000000	0.05089746	-0.00283359	0.68989984
7715929.00000000	0.12612970	-0.00212073	0.68587766
7710929.00000000	0.20010956	-0.00125745	0.67360965
7705929.00000000	0.27686539	-0.00025629	0.65137253
7700929.00000000	0.34976172	0.00065601	0.61997180
7695929.00000000	0.41976053	0.00164517	0.57811368
7690929.00000000	0.48492490	0.00257693	0.52586249
7685929.00000000	0.54102567	0.00347128	0.46660553
7680929.00000000	0.58979669	0.00430435	0.39832999
7675929.00000000	0.62820978	0.00493140	0.32609479
7670929.00000000	0.65691290	0.00534531	0.25098401
7665929.00000000	0.67680405	0.00562640	0.17265256
7660929.00000000	0.68746646	0.00559537	0.09567456
7655929.00000000	0.68991626	0.00538614	0.01525259
7650929.00000000	0.68355362	0.00513660	-0.06477762
7645929.00000000	0.66821402	0.00461526	-0.14354938
7640929.00000000	0.64235190	0.00355420	-0.22395264
7635929.00000000	0.60708887	0.00179117	-0.29974380
7630929.00000000	0.56050690	-0.00036035	-0.37368292
7625929.00000000	0.50469104	-0.00257645	-0.44095724
7620929.00000000	0.44213489	-0.00481216	-0.49948480
7615929.00000000	0.37159875	-0.00669043	-0.55060919
7610929.00000000	0.29853134	-0.00800516	-0.59114725
7605929.00000000	0.22221817	-0.00878900	-0.62268225
7600929.00000000	0.14354611	-0.00918500	-0.64549866
7595929.00000000	0.06540915	-0.00925937	-0.65937354
7590929.00000000	-0.01556125	-0.00905103	-0.66516589
7585929.00000000	-0.09566278	-0.00879425	-0.66240616
7580929.00000000	-0.17561606	-0.00825388	-0.65089059
7575929.00000000	-0.25603104	-0.00729031	-0.62958398
7570929.00000000	-0.33147379	-0.00595471	-0.59916330
7565929.00000000	-0.40521841	-0.00418201	-0.55728824
7560929.00000000	-0.47102759	-0.00211267	-0.50668027
7555929.00000000	-0.52846579	0.00017020	-0.44779318
7550929.00000000	-0.57831384	0.00226474	-0.37970737
7545929.00000000	-0.61672665	0.00386722	-0.30876666
7540929.00000000	-0.64606625	0.00483548	-0.23303223
7535929.00000000	-0.66604578	0.00560092	-0.15511273
7530929.00000000	-0.67681534	0.00615262	-0.07747717
7525929.00000000	-0.67915552	0.00678003	0.00328311
7520929.00000000	-0.67245691	0.00742300	0.08300775
7515929.00000000	-0.65619049	0.00785736	0.16423676
7510929.00000000	-0.62934900	0.00810815	0.24547961
7505929.00000000	-0.59312299	0.00843246	0.32172632
7500929.00000000	-0.54516425	0.00854626	0.39639136
7495929.00000000	-0.48917432	0.00810510	0.46240503
7490929.00000000	-0.42521484	0.00742023	0.52048184
7485929.00000000	-0.35412518	0.00674231	0.56969864
7480929.00000000	-0.28161862	0.00591541	0.60745486
7475929.00000000	-0.20397717	0.00556891	0.63642407
7470929.00000000	-0.12653445	0.00533798	0.65541656
7465929.00000000	-0.04870889	0.00551929	0.66544037
7460929.00000000	0.03195963	0.00568796	0.66685138
7455929.00000000	0.11017892	0.00623010	0.65949146
7450929.00000000	0.19106979	0.00670837	0.64222540
7445929.00000000	0.27015344	0.00709393	0.61508582
7440929.00000000	0.34552878	0.00700986	0.57821808
7435929.00000000	0.41877789	0.00662283	0.53012564
7430929.00000000	0.48320374	0.00570493	0.47469315
7425929.00000000	0.54105289	0.00467413	0.41048254
7420929.00000000	0.58918030	0.00334561	0.34069400
7415929.00000000	0.62679877	0.00198605	0.26818045
7410929.00000000	0.65548334	0.00085431	0.19112491
7405929.00000000	0.67432492	-0.00028461	0.11403256
7400929.00000000	0.68420715	-0.00130624	0.03539465
7395929.00000000	0.68502747	-0.00217102	-0.04468387
7390929.00000000	0.67667944	-0.00321454	-0.12353055
7385929.00000000	0.65773315	-0.00417188	-0.20454730
7380929.00000000	0.62831146	-0.00476752	-0.28291205
7375929.00000000	0.58759018	-0.00515759	-0.35883887
7370929.00000000	0.53531818	-0.00533957	-0.43090094
7365929.00000000	0.47559149	-0.00523422	-0.49364453
7360929.00000000	0.40658286	-0.00454016	-0.54955536
7355929.00000000	0.33450024	-0.00382977	-0.59408636
7350929.00000000	0.25910010	-0.00317194	-0.62900494
7345929.00000000	0.18097546	-0.00286377	-0.65446698
7340929.00000000	0.10416916	-0.00300485	-0.67023157
7335929.00000000	0.02451288	-0.00319308	-0.67740332
7330929.00000000	-0.05479068	-0.00364865	-0.67575110
7325929.00000000	-0.13292969	-0.00418561	-0.66499994
7320929.00000000	-0.21234189	-0.00487512	-0.64408850
7315929.00000000	-0.28774072	-0.00552228	-0.61375137
7310929.00000000	-0.36247589	-0.00601294	-0.57219516
7305929.00000000	-0.43196249	-0.00609140	-0.52134091
7300929.00000000	-0.49413095	-0.00602591	-0.46311234
7295929.00000000	-0.55038278	-0.00584442	-0.39627548
7290929.00000000	-0.59632620	-0.00540030	-0.32649637
7285929.00000000	-0.63333325	-0.00450986	-0.25249728
7280929.00000000	-0.66108154	-0.00379361	-0.17593472
7275929.00000000	-0.67921957	-0.00317416	-0.10027032
7270929.00000000	-0.68903409	-0.00291507	-0.02124030
7265929.00000000	-0.68994925	-0.00230460	0.05701456
7260929.00000000	-0.68162646	-0.00141425	0.13645953
7255929.00000000	-0.66325198	-0.00008044	0.21588022
7250929.00000000	-0.63498135	0.00136392	0.29202634
7245929.00000000	-0.59466595	0.00294357	0.36752448
7240929.00000000	-0.54454245	0.00461215	0.43667184
7235929.00000000	-0.48629529	0.00628488	0.49801602
7230929.00000000	-0.41876547	0.00760373	0.55241766
7225929.00000000	-0.34832828	0.00843707	0.59585565
7220929.00000000	-0.27323169	0.00900714	0.63037085
7215929.00000000	-0.19596622	0.00943802	0.65533762
7210929.00000000	-0.11920673	0.01006467	0.67090729
7205929.00000000	-0.03945953	0.01055212	0.67808087
7200929.00000000	0.03920966	0.01118713	0.67655527
7195929.00000000	0.11964444	0.01189334	0.66575775
7190929.00000000	0.20037766	0.01192993	0.64505585
7185929.00000000	0.27748734	0.01177304	0.61485608
7180929.00000000	0.35479837	0.01125244	0.57265955
7175929.00000000	0.42500067	0.01006107	0.52201813
7170929.00000000	0.48914145	0.00784985	0.46268985
7165929.00000000	0.54597891	0.00540106	0.39553363
7160929.00000000	0.59154831	0.00291479	0.32635464
7155929.00000000	0.62915796	0.00067944	0.25109988
7150929.00000000	0.65617590	-0.00133594	0.17612350
7145929.00000000	0.67410892	-0.00335947	0.10010358
7140929.00000000	0.68327777	-0.00510556	0.02141138
7135929.00000000	0.68330847	-0.00682593	-0.05554816
7130929.00000000	0.67373465	-0.00834991	-0.13517868
7125929.00000000	0.65388715	-0.01022156	-0.21322046
7120929.00000000	0.62362329	-0.01154593	-0.28873526
7115929.00000000	0.58139801	-0.01226636	-0.36280338
7110929.00000000	0.53008759	-0.01221149	-0.42968799
7105929.00000000	0.46941519	-0.01153217	-0.49038101
7100929.00000000	0.40194586	-0.01062827	-0.54256451
7095929.00000000	0.33086731	-0.00935294	-0.58490259
7090929.00000000	0.25462573	-0.00834631	-0.61882162
7085929.00000000	0.17796585	-0.00763904	-0.64273819
7080929.00000000	0.10099304	-0.00697357	-0.65789319
7075929.00000000	0.02113599	-0.00667685	-0.66468414
7070929.00000000	-0.05686746	-0.00657138	-0.66289212
7065929.00000000	-0.13773157	-0.00681003	-0.65180490
7060929.00000000	-0.21615207	-0.00696768	-0.63152869
7055929.00000000	-0.29307742	-0.00729660	-0.60114584
7050929.00000000	-0.36798770	-0.00755426	-0.55973203
7045929.00000000	-0.43497150	-0.00805405	-0.51064221
7040929.00000000	-0.49709958	-0.00860504	-0.45159573
7035929.00000000	-0.55001801	-0.00876349	-0.38624362
7030929.00000000	-0.59318420	-0.00835199	-0.31682620
7025929.00000000	-0.62777371	-0.00841559	-0.24199396
7020929.00000000	-0.65197647	-0.00808835	-0.16733829
7015929.00000000	-0.66760040	-0.00752942	-0.08961307
7010929.00000000	-0.67425150	-0.00648370	-0.01156769
7005929.00000000	-0.67210718	-0.00578519	0.06532797
7000929.00000000	-0.66047928	-0.00468094	0.14443964
6995929.00000000	-0.63887399	-0.00296527	0.22249982
6990929.00000000	-0.60676196	-0.00104666	0.29885291
6985929.00000000	-0.56382800	0.00093530	0.37229901
6980929.00000000	-0.51224609	0.00305826	0.43865958
6975929.00000000	-0.45062576	0.00527771	0.49960822
6970929.00000000	-0.38317386	0.00734100	0.55078030
6965929.00000000	-0.31121619	0.00914667	0.59235181
6960929.00000000	-0.23428314	0.01093945	0.62512909
6955929.00000000	-0.15764188	0.01268573	0.64794208
6950929.00000000	-0.07764935	0.01447903	0.66240198
6945929.00000000	0.00210770	0.01622928	0.66815570
6940929.00000000	0.08202060	0.01789972	0.66529605
6935929.00000000	0.16427377	0.01933212	0.65306052
6930929.00000000	0.24368906	0.02008875	0.63125659
6925929.00000000	0.32276730	0.02007449	0.59846750
6920929.00000000	0.39657568	0.01927921	0.55568695
6915929.00000000	0.46311386	0.01800980	0.50395963
6910929.00000000	0.52328705	0.01614749	0.44213983
6905929.00000000	0.57200827	0.01438510	0.37603702
6900929.00000000	0.61229022	0.01258521	0.30344885
6895929.00000000	0.64239261	0.01130811	0.22850879
6890929.00000000	0.66312775	0.01009924	0.15268530
6885929.00000000	0.67530771	0.00928128	0.07450873
6880929.00000000	0.67877466	0.00801920	-0.00347281
6875929.00000000	0.67330612	0.00665967	-0.08241394
6870929.00000000	0.65793793	0.00518585	-0.16269733
6865929.00000000	0.63291513	0.00323325	-0.23976215
6860929.00000000	0.59626227	0.00088000	-0.31723639
6855929.00000000	0.55002121	-0.00194748	-0.38881366
6850929.00000000	0.49442487	-0.00488425	-0.45459180
6845929.00000000	0.42995700	-0.00810748	-0.51348105
6840929.00000000	0.36197147	-0.01121411	-0.56167307
6835929.00000000	0.28792804	-0.01411172	-0.60150656
6830929.00000000	0.21163531	-0.01648132	-0.63159882
6825929.00000000	0.13473544	-0.01875015	-0.65212994
6820929.00000000	0.05555344	-0.02102179	-0.66424197
6815929.00000000	-0.02358374	-0.02272104	-0.66775351
6810929.00000000	-0.10515829	-0.02437424	-0.66229010
6805929.00000000	-0.18586148	-0.02539096	-0.64736676
6800929.00000000	-0.26617328	-0.02563995	-0.62205804
6795929.00000000	-0.34552246	-0.02442694	-0.58510126
6790929.00000000	-0.41693311	-0.02273676	-0.53953741
6785929.00000000	-0.48216302	-0.02058826	-0.48442673
6780929.00000000	-0.53828110	-0.01804123	-0.42232819
6775929.00000000	-0.58446924	-0.01551190	-0.35531973
6770929.00000000	-0.62141046	-0.01350122	-0.28373370
6765929.00000000	-0.64859628	-0.01161920	-0.21040424
6760929.00000000	-0.66676880	-0.00992865	-0.13566876
6755929.00000000	-0.67650562	-0.00816562	-0.05849527
6750929.00000000	-0.67722699	-0.00654544	0.01804382
6745929.00000000	-0.66876669	-0.00414426	0.09674722
6740929.00000000	-0.65055243	-0.00157922	0.17447250
6735929.00000000	-0.62213492	0.00192444	0.25126257
6730929.00000000	-0.58215134	0.00529767	0.32744775
6725929.00000000	-0.53338913	0.00855923	0.39726471
6720929.00000000	-0.47464819	0.01164136	0.46228128
6715929.00000000	-0.41005423	0.01392715	0.51829407
6710929.00000000	-0.34065054	0.01549866	0.56550366
6705929.00000000	-0.26657336	0.01625821	0.60393655
6700929.00000000	-0.19239404	0.01702972	0.63230957
6695929.00000000	-0.11566238	0.01775427	0.65229871
6690929.00000000	-0.03807840	0.01887814	0.66362314
6685929.00000000	0.03997076	0.02019952	0.66662381
6680929.00000000	0.11962448	0.02154596	0.66037900
6675929.00000000	0.19699106	0.02321463	0.64486963
6670929.00000000	0.27426071	0.02516287	0.61866772
6665929.00000000	0.34804611	0.02733038	0.58202216
6660929.00000000	0.41632904	0.02949460	0.53553235
6655929.00000000	0.47899142	0.03124579	0.47911963
6650929.00000000	0.53287750	0.03218619	0.41612854
6645929.00000000	0.57786005	0.03208066	0.34748819
6640929.00000000	0.61368646	0.03103461	0.27490332
6635929.00000000	0.63979044	0.02894098	0.20108936
6630929.00000000	0.65764218	0.02656747	0.12338892
6625929.00000000	0.66646341	0.02412057	0.04676974
6620929.00000000	0.66680771	0.02077200	-0.03065411
6615929.00000000	0.65812460	0.01704977	-0.10948102
6610929.00000000	0.64010974	0.01247580	-0.18681912
6605929.00000000	0.61154147	0.00730695	-0.26455414
6600929.00000000	0.57323755	0.00196490	-0.33815588
6595929.00000000	0.52527765	-0.00291766	-0.40721329
6590929.00000000	0.46783701	-0.00728043	-0.47074509
6585929.00000000	0.40438596	-0.01098001	-0.52528265
6580929.00000000	0.33474451	-0.01391000	-0.57174353
6575929.00000000	0.26206372	-0.01622693	-0.60862445
6570929.00000000	0.18773407	-0.01783444	-0.63628397
6565929.00000000	0.11079324	-0.01934595	-0.65573941
6560929.00000000	0.03384540	-0.02097687	-0.66665878
6555929.00000000	-0.04492688	-0.02249280	-0.66932428
6550929.00000000	-0.12506885	-0.02410773	-0.66323737
6545929.00000000	-0.20396454	-0.02571768	-0.64794678
6540929.00000000	-0.28354370	-0.02749115	-0.62226611
6535929.00000000	-0.35884753	-0.02836243	-0.58655014
6530929.00000000	-0.42946933	-0.02876654	-0.54107114
6525929.00000000	-0.49362283	-0.02857401	-0.48593362
6520929.00000000	-0.54776904	-0.02783752	-0.42467517
6515929.00000000	-0.59322345	-0.02636020	-0.35660986
6510929.00000000	-0.62833063	-0.02458755	-0.28546994
6505929.00000000	-0.65354391	-0.02294550	-0.21387952
6500929.00000000	-0.67067801	-0.02151367	-0.13830948
6495929.00000000	-0.67917645	-0.01972037	-0.06254260
6490929.00000000	-0.67912836	-0.01713144	0.01600427
6485929.00000000	-0.66987854	-0.01437308	0.09535330
6480929.00000000	-0.65094388	-0.01098907	0.17394891
6475929.00000000	-0.62082193	-0.00669583	0.25357626
6470929.00000000	-0.58138910	-0.00171829	0.32792725
6465929.00000000	-0.53087866	0.00370499	0.39980453
6460929.00000000	-0.47169366	0.00913763	0.46472971
6455929.00000000	-0.40674353	0.01403082	0.52055811
6450929.00000000	-0.33566968	0.01861108	0.56799615
6445929.00000000	-0.26295883	0.02230786	0.60516208
6440929.00000000	-0.18684064	0.02568317	0.63381155
6435929.00000000	-0.10926828	0.02860999	0.65347827
6430929.00000000	-0.03091727	0.03145859	0.66445834
6425929.00000000	0.04955032	0.03410709	0.66678381
6420929.00000000	0.12900928	0.03659659	0.65982144
6415929.00000000	0.20890506	0.03872443	0.64308530
6410929.00000000	0.28805322	0.04014081	0.61557614
6405929.00000000	0.36213385	0.04051898	0.57813992
6400929.00000000	0.43196271	0.04006073	0.52992621
6395929.00000000	0.49320929	0.03784872	0.47382953
6390929.00000000	0.54576117	0.03462680	0.41082129
6385929.00000000	0.58962878	0.03091757	0.34129498
6380929.00000000	0.62273779	0.02682617	0.27061652
6375929.00000000	0.64743848	0.02254950	0.19592319
6370929.00000000	0.66337683	0.01810031	0.11903946
6365929.00000000	0.67051129	0.01379922	0.04319342
6360929.00000000	0.66900580	0.00887057	-0.03603442
6355929.00000000	0.65875977	0.00313138	-0.11306528
6350929.00000000	0.63858905	-0.00308261	-0.19182050
6345929.00000000	0.60797888	-0.00961087	-0.26967300
6340929.00000000	0.56867187	-0.01577896	-0.34196768
6335929.00000000	0.51892542	-0.02130893	-0.41136243
6330929.00000000	0.46280804	-0.02502383	-0.47229608
6325929.00000000	0.40014465	-0.02766006	-0.52558621
6320929.00000000	0.33126004	-0.02901932	-0.57122424
6315929.00000000	0.26056638	-0.02980048	-0.60672687
6310929.00000000	0.18559805	-0.02991232	-0.63428021
6305929.00000000	0.11070728	-0.02958820	-0.65273227
6300929.00000000	0.03392737	-0.02962250	-0.66295532
6295929.00000000	-0.04209409	-0.02952502	-0.66495926
6290929.00000000	-0.11329761	-0.02888440	-0.65920572
6285929.00000000	-0.19299829	-0.02915448	-0.64333859
6280929.00000000	-0.27109940	-0.02950204	-0.61707062
6275929.00000000	-0.34599524	-0.02943555	-0.57996097
6270929.00000000	-0.41706076	-0.02924530	-0.53181613
6265929.00000000	-0.47953854	-0.02844034	-0.47546994
6260929.00000000	-0.53436340	-0.02710562	-0.41073883
6255929.00000000	-0.57932434	-0.02573477	-0.34103870
6250929.00000000	-0.61407190	-0.02367874	-0.26932150
6245929.00000000	-0.64047717	-0.02170724	-0.19339886
6240929.00000000	-0.65754703	-0.01953867	-0.11907803
6235929.00000000	-0.66675842	-0.01674680	-0.04371317
6230929.00000000	-0.66799515	-0.01436069	0.03488507
6225929.00000000	-0.66026114	-0.01125256	0.11478683
6220929.00000000	-0.64263046	-0.00714328	0.19630569
6215929.00000000	-0.61475153	-0.00253510	0.27581158
6210929.00000000	-0.57724576	0.00277328	0.35049249
6205929.00000000	-0.52914337	0.00732928	0.42114581
6200929.00000000	-0.47409698	0.01166367	0.48281662
6195929.00000000	-0.41061572	0.01562088	0.53743567
6190929.00000000	-0.34267703	0.01953333	0.58209167
6185929.00000000	-0.27202979	0.02248447	0.61734583
6180929.00000000	-0.19695248	0.02503818	0.64453232
6175929.00000000	-0.12136014	0.02764090	0.66285812
6170929.00000000	-0.04280325	0.03045367	0.67298941
6165929.00000000	0.03745590	0.03338608	0.67422635
6160929.00000000	0.11744101	0.03590936	0.66614627
6155929.00000000	0.19953146	0.03756961	0.64751956
6150929.00000000	0.27802771	0.03830951	0.61925012
6145929.00000000	0.35398523	0.03751318	0.58008606
6140929.00000000	0.42391803	0.03512552	0.53172583
6135929.00000000	0.48580875	0.03212808	0.47598120
6130929.00000000	0.54065125	0.02904395	0.41232108
6125929.00000000	0.58457791	0.02629785	0.34583224
6120929.00000000	0.61969766	0.02338382	0.27550125
6115929.00000000	0.64634235	0.02044547	0.20133557
6110929.00000000	0.66367334	0.01756876	0.12688382
6105929.00000000	0.67249472	0.01479996	0.04958948
6100929.00000000	0.67208163	0.01170541	-0.02758997
6095929.00000000	0.66195480	0.00786377	-0.10582184
6090929.00000000	0.64078210	0.00351053	-0.18596558
6085929.00000000	0.60952710	-0.00076862	-0.26153027
6080929.00000000	0.56714227	-0.00500613	-0.33551263
6075929.00000000	0.51510068	-0.00901056	-0.40451218
6070929.00000000	0.45561893	-0.01222174	-0.46628305
6065929.00000000	0.38928665	-0.01506573	-0.52078180
6060929.00000000	0.32080466	-0.01730884	-0.56516452
6055929.00000000	0.24822849	-0.01934402	-0.60160483
6050929.00000000	0.17379532	-0.02133505	-0.62934622
6045929.00000000	0.09893939	-0.02352963	-0.64835941
6040929.00000000	0.02106982	-0.02601340	-0.65917682
6035929.00000000	-0.05524594	-0.02884622	-0.66104099
6030929.00000000	-0.13350711	-0.03230286	-0.65345544
6025929.00000000	-0.21189389	-0.03621793	-0.63539529
6020929.00000000	-0.28609201	-0.04038123	-0.60735870
6015929.00000000	-0.35867010	-0.04464890	-0.56818292
6010929.00000000	-0.42503430	-0.04810229	-0.52017938
6005929.00000000	-0.48505655	-0.05053802	-0.46401596
6000929.00000000	-0.53782797	-0.05142618	-0.40070023
5995929.00000000	-0.58077054	-0.05091779	-0.33443011
5990929.00000000	-0.61633530	-0.04961264	-0.26250916
5985929.00000000	-0.64300037	-0.04804880	-0.18841263
5980929.00000000	-0.66116129	-0.04587006	-0.11237363
5975929.00000000	-0.67122186	-0.04316846	-0.03155075
5970929.00000000	-0.67222519	-0.03949738	0.04765244
5965929.00000000	-0.66391412	-0.03468826	0.12858804
5960929.00000000	-0.64569614	-0.02807278	0.20872507
5955929.00000000	-0.61726022	-0.01971414	0.28624857
5950929.00000000	-0.57712103	-0.01033621	0.36121924
5945929.00000000	-0.52760019	-0.00074515	0.42842630
5940929.00000000	-0.46915161	0.00828137	0.48774915
5935929.00000000	-0.40358453	0.01602432	0.53798639
5930929.00000000	-0.33380063	0.02247623	0.57826236
5925929.00000000	-0.25874612	0.02778796	0.61027997
5920929.00000000	-0.18338861	0.03221185	0.63246060
5915929.00000000	-0.10549597	0.03647333	0.64640845
5910929.00000000	-0.02359430	0.04098770	0.65172589
5905929.00000000	0.05664246	0.04544424	0.64766721
5900929.00000000	0.13883044	0.04992755	0.63382587
5895929.00000000	0.21926422	0.05378159	0.61016998
5890929.00000000	0.29800662	0.05658945	0.57654922
5885929.00000000	0.37363232	0.05832346	0.53289114
5880929.00000000	0.44137607	0.05891586	0.48176547
5875929.00000000	0.50198972	0.05812256	0.42301382
5870929.00000000	0.55358014	0.05634406	0.35831039
5865929.00000000	0.59470163	0.05401556	0.29072427
5860929.00000000	0.62713208	0.05153354	0.21863016
5855929.00000000	0.64979160	0.04915488	0.14656140
5850929.00000000	0.66415823	0.04629163	0.07267398
5845929.00000000	0.67018463	0.04324255	-0.00353079
5840929.00000000	0.66740717	0.03972266	-0.07994641
5835929.00000000	0.65478064	0.03510699	-0.15904016
5830929.00000000	0.63228717	0.02950577	-0.23587561
5825929.00000000	0.59945215	0.02274991	-0.31063663
5820929.00000000	0.55634460	0.01522037	-0.38149915
5815929.00000000	0.50564874	0.00772568	-0.44478879
5810929.00000000	0.44597678	0.00029623	-0.50220630
5805929.00000000	0.38152362	-0.00643796	-0.55027243
5800929.00000000	0.31199173	-0.01236301	-0.59026187
5795929.00000000	0.23837891	-0.01772290	-0.62202939
5790929.00000000	0.16493619	-0.02237994	-0.64466574
5785929.00000000	0.08764313	-0.02700842	-0.65970477
5780929.00000000	0.01045038	-0.03168060	-0.66616217
5775929.00000000	-0.06868524	-0.03663229	-0.66410144
5770929.00000000	-0.14929459	-0.04154141	-0.65258817
5765929.00000000	-0.22750632	-0.04608737	-0.63153937
5760929.00000000	-0.30527859	-0.04985916	-0.59998135
5755929.00000000	-0.37908908	-0.05255157	-0.55858755
5750929.00000000	-0.44621182	-0.05395706	-0.50877802
5745929.00000000	-0.50738116	-0.05399991	-0.44999393
5740929.00000000	-0.55771494	-0.05259610	-0.38778625
5735929.00000000	-0.59993881	-0.05048453	-0.31968445
5730929.00000000	-0.63308627	-0.04811218	-0.24850555
5725929.00000000	-0.65669101	-0.04565118	-0.17703491
5720929.00000000	-0.67244220	-0.04292184	-0.10227637
5715929.00000000	-0.67968225	-0.04015411	-0.02668076
5710929.00000000	-0.67813785	-0.03696875	0.05056326
5705929.00000000	-0.66694653	-0.03282700	0.12891760
5700929.00000000	-0.64576285	-0.02793164	0.20487854
5695929.00000000	-0.61332526	-0.02219418	0.28056497
5690929.00000000	-0.57050626	-0.01613263	0.35204269
5685929.00000000	-0.51816827	-0.00995392	0.41805728
5680929.00000000	-0.45701321	-0.00383652	0.47793115
5675929.00000000	-0.39157629	0.00206583	0.52819376
5670929.00000000	-0.32030692	0.00790417	0.57092194
5665929.00000000	-0.24682309	0.01357446	0.60468149
5660929.00000000	-0.17159518	0.01938736	0.62982504
5655929.00000000	-0.09300909	0.02552335	0.64712711
5650929.00000000	-0.01455981	0.03186713	0.65590469
5645929.00000000	0.06659152	0.03870642	0.65609180
5640929.00000000	0.14784283	0.04577786	0.64675818
5635929.00000000	0.22727808	0.05250256	0.62758438
5630929.00000000	0.30681165	0.05852368	0.59680161
5625929.00000000	0.37983008	0.06288623	0.55634567
5620929.00000000	0.44709341	0.06525821	0.50573325
5615929.00000000	0.50596133	0.06555811	0.44693665
5610929.00000000	0.55491223	0.06402158	0.38295404
5605929.00000000	0.59577090	0.06117834	0.31258875
5600929.00000000	0.62639639	0.05789523	0.24166104
5595929.00000000	0.64893369	0.05421982	0.16724948
5590929.00000000	0.66323135	0.05019446	0.09019080
5585929.00000000	0.66886163	0.04605524	0.01309625
5580929.00000000	0.66556604	0.04111920	-0.06742520
5575929.00000000	0.65281876	0.03539896	-0.14734842
5570929.00000000	0.63017734	0.02879861	-0.22663422
5565929.00000000	0.59671411	0.02134314	-0.30514255
5560929.00000000	0.55441223	0.01361435	-0.37758762
5555929.00000000	0.50258752	0.00577185	-0.44493790
5550929.00000000	0.44281674	-0.00183365	-0.50470670
5545929.00000000	0.37775891	-0.00866809	-0.55498068
5540929.00000000	0.30712973	-0.01488385	-0.59670596
5535929.00000000	0.23513693	-0.02048254	-0.62874368
5530929.00000000	0.16041544	-0.02591168	-0.65215509
5525929.00000000	0.08267889	-0.03156543	-0.66756970
5520929.00000000	0.00467249	-0.03739905	-0.67408057
5515929.00000000	-0.07719360	-0.04372284	-0.67127432
5510929.00000000	-0.15750671	-0.04970728	-0.65832599
5505929.00000000	-0.23862820	-0.05533862	-0.63390262
5500929.00000000	-0.31582468	-0.05947809	-0.59844165
5495929.00000000	-0.38633279	-0.06192935	-0.55343051
5490929.00000000	-0.45141699	-0.06252246	-0.49788531
5485929.00000000	-0.50647470	-0.06162903	-0.43655484
5480929.00000000	-0.55221884	-0.05964624	-0.37027344
5475929.00000000	-0.58963730	-0.05709949	-0.29855173
5470929.00000000	-0.61704300	-0.05446753	-0.22673315
5465929.00000000	-0.63644077	-0.05163095	-0.15081213
5460929.00000000	-0.64684644	-0.04874075	-0.07459616
5455929.00000000	-0.64843484	-0.04566129	0.00261008
5450929.00000000	-0.64029712	-0.04187851	0.08366217
5445929.00000000	-0.62229507	-0.03750409	0.16249442
5440929.00000000	-0.59314029	-0.03207883	0.24232507
5435929.00000000	-0.55387360	-0.02605191	0.31841824
5430929.00000000	-0.50576920	-0.01963974	0.38904666
5425929.00000000	-0.44823895	-0.01281989	0.45503366
5420929.00000000	-0.38638235	-0.00615591	0.51094202
5415929.00000000	-0.31922632	0.00030664	0.55879147
5410929.00000000	-0.24753622	0.00640213	0.59808066
5405929.00000000	-0.17543365	0.01196338	0.62763229
5400929.00000000	-0.09985611	0.01759393	0.64909286
5395929.00000000	-0.02431497	0.02315060	0.66197614
5390929.00000000	0.05335172	0.02902774	0.66655420
5385929.00000000	0.13273608	0.03524823	0.66215500
5380929.00000000	0.20935199	0.04123822	0.64796658
5375929.00000000	0.28609335	0.04714993	0.62307050
5370929.00000000	0.35786176	0.05233844	0.58837708
5365929.00000000	0.42315683	0.05647067	0.54473569
5360929.00000000	0.48338000	0.05951352	0.49096161
5355929.00000000	0.53386179	0.06134052	0.43189374
5350929.00000000	0.57681964	0.06213666	0.36621564
5345929.00000000	0.61107938	0.06216183	0.29642456
5340929.00000000	0.63663095	0.06179214	0.22428891
5335929.00000000	0.65442474	0.06090439	0.14794205
5330929.00000000	0.66340445	0.05970145	0.07221750
5325929.00000000	0.66398230	0.05790005	-0.00653738
5320929.00000000	0.65517303	0.05526587	-0.08723605
5315929.00000000	0.63693777	0.05144727	-0.16639944
5310929.00000000	0.60781570	0.04596722	-0.24681674
5305929.00000000	0.56899921	0.03926190	-0.32315625
5300929.00000000	0.52074625	0.03140338	-0.39459872
5295929.00000000	0.46399573	0.02281805	-0.45935321
5290929.00000000	0.40235553	0.01450183	-0.51407883
5285929.00000000	0.33419684	0.00612888	-0.56103912
5280929.00000000	0.26422635	-0.00147940	-0.59775931
5275929.00000000	0.19186563	-0.00866757	-0.62589865
5270929.00000000	0.11576828	-0.01593582	-0.64626837
5265929.00000000	0.04068219	-0.02308875	-0.65779233
5260929.00000000	-0.03804459	-0.03090292	-0.66097455
5255929.00000000	-0.11815179	-0.03926575	-0.65515405
5250929.00000000	-0.19678229	-0.04752850	-0.63944092
5245929.00000000	-0.27548544	-0.05556519	-0.61279877
5240929.00000000	-0.34815759	-0.06209537	-0.57680215
5235929.00000000	-0.41679675	-0.06720950	-0.53033417
5230929.00000000	-0.47796802	-0.07053619	-0.47539322
5225929.00000000	-0.52971170	-0.07196301	-0.41484344
5220929.00000000	-0.57379044	-0.07197220	-0.34735114
5215929.00000000	-0.60816464	-0.07110712	-0.27758136
5210929.00000000	-0.63432593	-0.06981448	-0.20413007
5205929.00000000	-0.65203925	-0.06816446	-0.12843878
5200929.00000000	-0.66129300	-0.06629807	-0.05239233
5195929.00000000	-0.66187476	-0.06391342	0.02783832
5190929.00000000	-0.65326389	-0.06081235	0.10755206
5185929.00000000	-0.63486209	-0.05645251	0.18794492
5180929.00000000	-0.60571368	-0.05047769	0.26882062
5175929.00000000	-0.56781659	-0.04295691	0.34349875
5170929.00000000	-0.51949817	-0.03388464	0.41470654
5165929.00000000	-0.46410623	-0.02412787	0.47727933
5160929.00000000	-0.40272803	-0.01459509	0.53089044
5155929.00000000	-0.33511438	-0.00569760	0.57636130
5150929.00000000	-0.26610300	0.00267538	0.61145840
5145929.00000000	-0.19270596	0.00996515	0.63909305
5140929.00000000	-0.11761340	0.01765625	0.65822308
5135929.00000000	-0.04208072	0.02451437	0.66923441
5130929.00000000	0.03582285	0.03227557	0.67216608
5125929.00000000	0.11384879	0.03997375	0.66605878
5120929.00000000	0.19393906	0.04788071	0.64952164
5115929.00000000	0.27181622	0.05568921	0.62222986
5110929.00000000	0.34498117	0.06236835	0.58453302
5105929.00000000	0.41560889	0.06749136	0.53472000
5100929.00000000	0.47549326	0.07059216	0.47895712
5095929.00000000	0.52869626	0.07189053	0.41471011
5090929.00000000	0.57308795	0.07172372	0.34518396
5085929.00000000	0.60754440	0.07070126	0.27422562
5080929.00000000	0.63420245	0.06939764	0.19836826
5075929.00000000	0.65229553	0.06806708	0.11993573
5070929.00000000	0.66137088	0.06588470	0.04147833
5065929.00000000	0.66153372	0.06245459	-0.03974512
5060929.00000000	0.65228503	0.05770358	-0.11938675
5055929.00000000	0.63255396	0.05131436	-0.20060245
5050929.00000000	0.60239130	0.04319354	-0.27874838
5045929.00000000	0.56198480	0.03404709	-0.35260266
5040929.00000000	0.51154428	0.02401157	-0.42068329
5035929.00000000	0.45482431	0.01462079	-0.47893243
5030929.00000000	0.39052136	0.00552200	-0.52934952
5025929.00000000	0.32191278	-0.00255008	-0.57041507
5020929.00000000	0.25129672	-0.00982190	-0.60188617
5015929.00000000	0.17629483	-0.01679849	-0.62551239
5010929.00000000	0.10093170	-0.02359409	-0.64027859
5005929.00000000	0.02205103	-0.03072797	-0.64675565
5000929.00000000	-0.05875958	-0.03827805	-0.64379584
4995929.00000000	-0.13864243	-0.04564926	-0.63104794
4990929.00000000	-0.22068530	-0.05278406	-0.60704150
4985929.00000000	-0.29861429	-0.05882898	-0.57275775
4980929.00000000	-0.37236279	-0.06347403	-0.52814249
4975929.00000000	-0.43965930	-0.06610956	-0.47453369
4970929.00000000	-0.49703268	-0.06682425	-0.41548309
4965929.00000000	-0.54724802	-0.06592023	-0.34902533
4960929.00000000	-0.58694720	-0.06415369	-0.28052457
4955929.00000000	-0.61797116	-0.06201318	-0.20888931
4950929.00000000	-0.64063699	-0.05970331	-0.13424231
4945929.00000000	-0.65439688	-0.05749655	-0.06006451
4940929.00000000	-0.65992584	-0.05489688	0.01803036
4935929.00000000	-0.65648590	-0.05166223	0.09535825
4930929.00000000	-0.64337537	-0.04770844	0.17343967
4925929.00000000	-0.61960468	-0.04240842	0.25169711
4920929.00000000	-0.58665619	-0.03641406	0.32422849
4915929.00000000	-0.54272156	-0.02952484	0.39456470
4910929.00000000	-0.49020261	-0.02245834	0.45810818
4905929.00000000	-0.43069629	-0.01543097	0.51388062
4900929.00000000	-0.36258505	-0.00829370	0.56346744
4895929.00000000	-0.29319565	-0.00160974	0.60212924
4890929.00000000	-0.21893881	0.00507568	0.63326257
4885929.00000000	-0.14171246	0.01193463	0.65587253
4880929.00000000	-0.06645792	0.01842169	0.66942075
4875929.00000000	0.01241687	0.02540002	0.67484109
4870929.00000000	0.09026147	0.03270862	0.67109665
4865929.00000000	0.16986038	0.04023224	0.65723557
4860929.00000000	0.24912677	0.04762827	0.63246490
4855929.00000000	0.32328665	0.05374106	0.59771405
4850929.00000000	0.39523801	0.05833749	0.55096448
4845929.00000000	0.45863068	0.06100015	0.49632068
4840929.00000000	0.51401031	0.06178958	0.43458905
4835929.00000000	0.56087939	0.06135211	0.36711316
4830929.00000000	0.59879672	0.05995935	0.29606305
4825929.00000000	0.62829163	0.05813681	0.22096869
4820929.00000000	0.64852789	0.05644754	0.14562122
4815929.00000000	0.66057669	0.05486008	0.06965063
4810929.00000000	0.66435416	0.05334515	-0.00988663
4805929.00000000	0.65906918	0.05123157	-0.08930826
4800929.00000000	0.64357727	0.04795602	-0.17156351
4795929.00000000	0.61793423	0.04334360	-0.25141055
4790929.00000000	0.58210416	0.03730615	-0.32766809
4785929.00000000	0.53548367	0.02988531	-0.40038535
4780929.00000000	0.48174591	0.02187552	-0.46375500
4775929.00000000	0.42006607	0.01341754	-0.51976404
4770929.00000000	0.35360147	0.00520837	-0.56610016
4765929.00000000	0.28509064	-0.00233792	-0.60271295
4760929.00000000	0.21140225	-0.00988284	-0.63187283
4755929.00000000	0.13763803	-0.01708188	-0.65196170
4750929.00000000	0.06197278	-0.02456805	-0.66398538
4745929.00000000	-0.01641129	-0.03235507	-0.66733078
4740929.00000000	-0.09386652	-0.04009613	-0.66130035
4735929.00000000	-0.17407303	-0.04784796	-0.64464108
4730929.00000000	-0.25091119	-0.05452841	-0.61769290
4725929.00000000	-0.32506064	-0.05986661	-0.58040866
4720929.00000000	-0.39533307	-0.06371063	-0.53266016
4715929.00000000	-0.45708411	-0.06580179	-0.47811969
4710929.00000000	-0.51268378	-0.06650739	-0.41514304
4705929.00000000	-0.55886954	-0.06616110	-0.34785898
4700929.00000000	-0.59580731	-0.06539569	-0.27777621
4695929.00000000	-0.62464575	-0.06455969	-0.20335440
4690929.00000000	-0.64442072	-0.06389236	-0.12855948
4685929.00000000	-0.65617230	-0.06324948	-0.04998880
4680929.00000000	-0.65909259	-0.06214780	0.03014307
4675929.00000000	-0.65273743	-0.06032214	0.11024603
4670929.00000000	-0.63596011	-0.05700565	0.19273553
4665929.00000000	-0.60896942	-0.05204892	0.27202365
4660929.00000000	-0.57080707	-0.04515521	0.34897922
4655929.00000000	-0.52235626	-0.03661423	0.42018686
4650929.00000000	-0.46673828	-0.02744559	0.48213303
4645929.00000000	-0.40169583	-0.01745206	0.53719421
4640929.00000000	-0.33398462	-0.00814093	0.58068988
4635929.00000000	-0.26171582	0.00076093	0.61550198
4630929.00000000	-0.18607025	0.00918518	0.64178824
4625929.00000000	-0.11076648	0.01737228	0.65895114
4620929.00000000	-0.03062311	0.02604538	0.66805167
4615929.00000000	0.04976910	0.03498026	0.66774304
4610929.00000000	0.13059058	0.04412250	0.65764178
4605929.00000000	0.21255020	0.05306894	0.63656439
4600929.00000000	0.29040573	0.06014157	0.60523672
4595929.00000000	0.36598257	0.06569473	0.56273557
4590929.00000000	0.43426331	0.06924664	0.51184012
4585929.00000000	0.49469281	0.07076318	0.45354678
4580929.00000000	0.54653699	0.07053873	0.38904056
4575929.00000000	0.58800021	0.06936087	0.32219626
4570929.00000000	0.62148474	0.06770563	0.25040720
4565929.00000000	0.64597852	0.06602673	0.17693375
4560929.00000000	0.66193625	0.06436859	0.10270779
4555929.00000000	0.66984088	0.06236557	0.02491156
4550929.00000000	0.66898553	0.05986032	-0.05366046
4545929.00000000	0.65881369	0.05625439	-0.13289044
4540929.00000000	0.63850595	0.05134747	-0.21209570
4535929.00000000	0.60869562	0.04529971	-0.28759744
4530929.00000000	0.56805075	0.03796085	-0.36069870
4525929.00000000	0.51912979	0.03033420	-0.42656104
4520929.00000000	0.46235641	0.02258780	-0.48497217
4515929.00000000	0.39895303	0.01523047	-0.53555545
4510929.00000000	0.33218729	0.00869196	-0.57675125
4505929.00000000	0.26060107	0.00268982	-0.61033774
4500929.00000000	0.18701532	-0.00284744	-0.63546259
4495929.00000000	0.11232169	-0.00825610	-0.65255066
4490929.00000000	0.03392886	-0.01396979	-0.66190094
4485929.00000000	-0.04425003	-0.02000412	-0.66242972
4480929.00000000	-0.12550644	-0.02648386	-0.65323349
4475929.00000000	-0.20606400	-0.03295059	-0.63357996
4470929.00000000	-0.28337720	-0.03906454	-0.60342874
4465929.00000000	-0.35847375	-0.04450781	-0.56167953
4460929.00000000	-0.42591089	-0.04853818	-0.51121686
4455929.00000000	-0.48651196	-0.05122806	-0.45204865
4450929.00000000	-0.53825836	-0.05269031	-0.38694778
4445929.00000000	-0.57969406	-0.05329831	-0.31942279
4440929.00000000	-0.61327982	-0.05352591	-0.24693060
4435929.00000000	-0.63765347	-0.05358292	-0.17334171
4430929.00000000	-0.65371643	-0.05359467	-0.09742099
4425929.00000000	-0.66123654	-0.05336148	-0.01864664
4420929.00000000	-0.65953726	-0.05264767	0.06027811
4415929.00000000	-0.64810397	-0.05112064	0.14188132
4410929.00000000	-0.62646033	-0.04848676	0.22262799
4405929.00000000	-0.59485172	-0.04472583	0.30069272
4400929.00000000	-0.55275095	-0.03979211	0.37576102
4395929.00000000	-0.50353241	-0.03427209	0.44223010
4390929.00000000	-0.44572662	-0.02820081	0.50256970
4385929.00000000	-0.38236975	-0.02211380	0.55347778
4380929.00000000	-0.31557837	-0.01638101	0.59445041
4375929.00000000	-0.24365607	-0.01077328	0.62755762
4370929.00000000	-0.17163382	-0.00547971	0.65133789
4365929.00000000	-0.09591565	0.00011255	0.66741769
4360929.00000000	-0.01841583	0.00621741	0.67502594
4355929.00000000	0.05820120	0.01288663	0.67389514
4350929.00000000	0.13764624	0.02060751	0.66304059
4345929.00000000	0.21523212	0.02879919	0.64209097
4340929.00000000	0.29068298	0.03719293	0.61072372
4335929.00000000	0.36411060	0.04564401	0.56841556
4330929.00000000	0.42928644	0.05291287	0.51884729
4325929.00000000	0.48956409	0.05912534	0.45991516
4320929.00000000	0.54063568	0.06378607	0.39642334
4315929.00000000	0.58286417	0.06712262	0.32902762
4310929.00000000	0.61728430	0.06956192	0.25721240
4305929.00000000	0.64234763	0.07126285	0.18544229
4300929.00000000	0.65974402	0.07249200	0.10971136
4295929.00000000	0.66856519	0.07316284	0.03302414
4290929.00000000	0.66859253	0.07298953	-0.04440836
4285929.00000000	0.65876132	0.07144064	-0.12573468
4280929.00000000	0.63891077	0.06812012	-0.20454889
4275929.00000000	0.60790558	0.06274332	-0.28289600
4270929.00000000	0.56616931	0.05543420	-0.35719785
4265929.00000000	0.51550323	0.04688004	-0.42464310
4260929.00000000	0.45561115	0.03712222	-0.48544284
4255929.00000000	0.39104727	0.02801910	-0.53621622
4250929.00000000	0.32141177	0.01934366	-0.57849615
4245929.00000000	0.24868051	0.01111716	-0.61201373
4240929.00000000	0.17484827	0.00329733	-0.63669318
4235929.00000000	0.09685324	-0.00502417	-0.65402420
4230929.00000000	0.01816006	-0.01386118	-0.66257492
4225929.00000000	-0.06162436	-0.02358139	-0.66191669
4220929.00000000	-0.14302377	-0.03440640	-0.65123694
4215929.00000000	-0.22208630	-0.04545627	-0.63017346
4210929.00000000	-0.30033582	-0.05633295	-0.59756427
4205929.00000000	-0.37374536	-0.06582416	-0.55464734
4200929.00000000	-0.44007538	-0.07316776	-0.50320877
4195929.00000000	-0.49953937	-0.07795715	-0.44367096
4190929.00000000	-0.54927060	-0.08037265	-0.38003152
4185929.00000000	-0.59057419	-0.08100757	-0.31200238
4180929.00000000	-0.62328726	-0.08060205	-0.24077911
4175929.00000000	-0.64726276	-0.07950937	-0.16849570
4170929.00000000	-0.66378479	-0.07784329	-0.09221945
4165929.00000000	-0.67170541	-0.07545615	-0.01586511
4160929.00000000	-0.67098437	-0.07171765	0.06325192
4155929.00000000	-0.66067322	-0.06605127	0.14387979
4150929.00000000	-0.64045618	-0.05844754	0.22215372
4145929.00000000	-0.60938690	-0.04872809	0.30024359
4140929.00000000	-0.56857004	-0.03768457	0.37358542
4135929.00000000	-0.51870020	-0.02552127	0.44163113
4130929.00000000	-0.46063989	-0.01285754	0.50368768
4125929.00000000	-0.39811087	-0.00087744	0.55712344
4120929.00000000	-0.32926608	0.01077267	0.60461658
4115929.00000000	-0.25863678	0.02170120	0.64390656
4110929.00000000	-0.18520193	0.03254672	0.67701910
4105929.00000000	-0.10839639	0.04344193	0.70455869
4100929.00000000	-0.02917615	0.05438684	0.72641745
4095929.00000000	0.05569269	0.06550555	0.74281326
4090929.00000000	0.14493536	0.07502151	0.75229822
4085929.00000000	0.23770749	0.08089529	0.75290546
4080929.00000000	0.33510516	0.08068857	0.74152097
4075929.00000000	0.43200467	0.07260062	0.71360129
4070929.00000000	0.52456302	0.05862195	0.66601227
4065929.00000000	0.60623349	0.04292194	0.59991873
4060929.00000000	0.67288492	0.02959192	0.52184479
4055929.00000000	0.72625647	0.01958420	0.43447034
4050929.00000000	0.76637622	0.01266376	0.34314655
4045929.00000000	0.79497812	0.00807251	0.24776913
4040929.00000000	0.81233279	0.00521194	0.14885590
4035929.00000000	0.81753799	0.00391174	0.04690338
4030929.00000000	0.80873767	0.00454861	-0.06042490
4025929.00000000	0.78348636	0.00783246	-0.16880646
4020929.00000000	0.74132809	0.01445740	-0.27292615
4015929.00000000	0.68270163	0.02377609	-0.36953497
4010929.00000000	0.61564432	0.03227487	-0.44889542
4005929.00000000	0.54124182	0.03745566	-0.51502884
4000929.00000000	0.46525610	0.03800616	-0.56666681
3995929.00000000	0.38953186	0.03489130	-0.60632571
3990929.00000000	0.31170212	0.02901413	-0.63735342
3985929.00000000	0.23536230	0.02169431	-0.65954456
3980929.00000000	0.15635995	0.01299582	-0.67457977
3975929.00000000	0.07717886	0.00340500	-0.68190796
3970929.00000000	-0.00273740	-0.00714975	-0.68113174
3965929.00000000	-0.08459598	-0.01864270	-0.67132654
3960929.00000000	-0.16555347	-0.03028381	-0.65163031
3955929.00000000	-0.24557773	-0.04125504	-0.62128922
3950929.00000000	-0.32268567	-0.05076950	-0.58042169
3945929.00000000	-0.39364651	-0.05814899	-0.53066989
3940929.00000000	-0.45864621	-0.06348950	-0.47231699
3935929.00000000	-0.51449609	-0.06674533	-0.40877036
3930929.00000000	-0.56225818	-0.06861264	-0.33993396
3925929.00000000	-0.60107346	-0.06973120	-0.26802441
3920929.00000000	-0.63086218	-0.07040491	-0.19510880
3915929.00000000	-0.65319537	-0.07092816	-0.11783826
3910929.00000000	-0.66681543	-0.07123944	-0.03965067
3905929.00000000	-0.67180862	-0.07095432	0.04030664
3900929.00000000	-0.66726340	-0.06954398	0.12228384
3895929.00000000	-0.65279364	-0.06657385	0.20198569
3890929.00000000	-0.62698508	-0.06169049	0.28158377
3885929.00000000	-0.59047830	-0.05494815	0.35595294
3880929.00000000	-0.54433456	-0.04686008	0.42328616
3875929.00000000	-0.48912115	-0.03770911	0.48311285
3870929.00000000	-0.42846289	-0.02837338	0.53296921
3865929.00000000	-0.36201013	-0.01923257	0.57443106
3860929.00000000	-0.29268665	-0.01066858	0.60696985
3855929.00000000	-0.22114551	-0.00254263	0.63123050
3850929.00000000	-0.14655948	0.00525299	0.64801181
3845929.00000000	-0.07108960	0.01308417	0.65683978
3840929.00000000	0.00725253	0.02112311	0.65758401
3835929.00000000	0.08612677	0.02932730	0.64935904
3830929.00000000	0.16376154	0.03750729	0.63213599
3825929.00000000	0.24191495	0.04581522	0.60498465
3820929.00000000	0.31579495	0.05374167	0.56906165
3815929.00000000	0.38564331	0.06126456	0.52427484
3810929.00000000	0.44897098	0.06793158	0.47194995
3805929.00000000	0.50448798	0.07351041	0.41350720
3800929.00000000	0.55229697	0.07805869	0.34914957
3795929.00000000	0.59095355	0.08163327	0.28205032
3790929.00000000	0.62138397	0.08478134	0.21152380
3785929.00000000	0.64367102	0.08746521	0.13768427
3780929.00000000	0.65742596	0.08974850	0.06258313
3775929.00000000	0.66264340	0.09134671	-0.01638327
3770929.00000000	0.65841229	0.09167639	-0.09658578
3765929.00000000	0.64395551	0.08976407	-0.17741852
3760929.00000000	0.61830698	0.08514923	-0.25849298
3755929.00000000	0.58240128	0.07780057	-0.33445117
3750929.00000000	0.53540530	0.06787915	-0.40602960
3745929.00000000	0.48003622	0.05664478	-0.46890686
3740929.00000000	0.41802112	0.04509323	-0.52238367
3735929.00000000	0.34941098	0.03373297	-0.56741748
3730929.00000000	0.27877560	0.02349887	-0.60247195
3725929.00000000	0.20415631	0.01366147	-0.62983661
3720929.00000000	0.12730344	0.00431979	-0.64889011
3715929.00000000	0.04865247	-0.00582663	-0.65971704
3710929.00000000	-0.03238333	-0.01713309	-0.66159909
3705929.00000000	-0.11381625	-0.02977170	-0.65381226
3700929.00000000	-0.19527451	-0.04292471	-0.63508698
3695929.00000000	-0.27575867	-0.05614383	-0.60439923
3690929.00000000	-0.35064597	-0.06754568	-0.56313135
3685929.00000000	-0.41990359	-0.07672079	-0.51160178
3680929.00000000	-0.48063214	-0.08299533	-0.45257318
3675929.00000000	-0.53264008	-0.08663690	-0.38766913
3670929.00000000	-0.57571213	-0.08850995	-0.31824158
3665929.00000000	-0.60929102	-0.08926886	-0.24703131
3660929.00000000	-0.63482281	-0.08967377	-0.17236090
3655929.00000000	-0.65176437	-0.09011154	-0.09660934
3650929.00000000	-0.66016641	-0.09048425	-0.01934875
3645929.00000000	-0.65963434	-0.09025107	0.06030945
3640929.00000000	-0.64971301	-0.08879861	0.13928094
3635929.00000000	-0.62954919	-0.08582574	0.21863931
3630929.00000000	-0.59928732	-0.08095181	0.29504935
3625929.00000000	-0.55957355	-0.07460107	0.36704626
3620929.00000000	-0.51012811	-0.06646860	0.43455463
3615929.00000000	-0.45481543	-0.05744308	0.49312329
3610929.00000000	-0.39234842	-0.04749167	0.54456470
3605929.00000000	-0.32560205	-0.03751346	0.58707346
3600929.00000000	-0.25642892	-0.02760419	0.62060034
3595929.00000000	-0.18308054	-0.01766364	0.64657147
3590929.00000000	-0.10847971	-0.00788831	0.66432117
3585929.00000000	-0.03186398	0.00256458	0.67417990
3580929.00000000	0.04744577	0.01413623	0.67532864
3575929.00000000	0.12562466	0.02649792	0.66709760
3570929.00000000	0.20477856	0.03990079	0.64810724
3565929.00000000	0.28031348	0.05291302	0.61844995
3560929.00000000	0.35191260	0.06468555	0.57770770
3555929.00000000	0.41819720	0.07437180	0.52660098
3550929.00000000	0.47564420	0.08124173	0.46847156
3545929.00000000	0.52555133	0.08554044	0.40332233
3540929.00000000	0.56650171	0.08791052	0.33445956
3535929.00000000	0.59896964	0.08906662	0.26269690
3530929.00000000	0.62357727	0.08956696	0.18719229
3525929.00000000	0.63960635	0.08972980	0.11129190
3520929.00000000	0.64759961	0.08938882	0.03131927
3515929.00000000	0.64666214	0.08820511	-0.04988702
3510929.00000000	0.63645062	0.08539105	-0.13136667
3505929.00000000	0.61634866	0.08088083	-0.21355820
3500929.00000000	0.58666748	0.07434924	-0.29232050
3495929.00000000	0.54747546	0.06588416	-0.36683670
3490929.00000000	0.49960574	0.05592133	-0.43423465
3485929.00000000	0.44469351	0.04549991	-0.49277106
3480929.00000000	0.38247937	0.03494519	-0.54312735
3475929.00000000	0.31664240	0.02529861	-0.58357471
3470929.00000000	0.24662396	0.01620731	-0.61558664
3465929.00000000	0.17302826	0.00756796	-0.63969147
3460929.00000000	0.09800348	-0.00104950	-0.65549829
3455929.00000000	0.01986221	-0.01005362	-0.66309616
3450929.00000000	-0.06020712	-0.01958112	-0.66197528
3445929.00000000	-0.14079974	-0.02953113	-0.65109695
3440929.00000000	-0.22277994	-0.03976416	-0.62940414
3435929.00000000	-0.30053964	-0.04924631	-0.59764288
3430929.00000000	-0.37505887	-0.05787405	-0.55519604
3425929.00000000	-0.44210684	-0.06477802	-0.50437286
3420929.00000000	-0.50086090	-0.06963599	-0.44642856
3415929.00000000	-0.55157523	-0.07284500	-0.38151367
3410929.00000000	-0.59191074	-0.07473260	-0.31397858
3405929.00000000	-0.62396387	-0.07588950	-0.24257571
3400929.00000000	-0.64749960	-0.07677286	-0.16837048
3395929.00000000	-0.66250778	-0.07741962	-0.09274362
3390929.00000000	-0.66940527	-0.07784598	-0.01320532
3385929.00000000	-0.66728406	-0.07751178	0.06720490
3380929.00000000	-0.65556531	-0.07588028	0.14964758
3375929.00000000	-0.63335312	-0.07234097	0.23248050
3370929.00000000	-0.60132150	-0.06672720	0.31101138
3365929.00000000	-0.55877426	-0.05891266	0.38564413
3360929.00000000	-0.50745816	-0.04953802	0.45243582
3355929.00000000	-0.44855612	-0.03945734	0.51031720
3350929.00000000	-0.38329150	-0.02946259	0.55896753
3345929.00000000	-0.31475330	-0.02002399	0.59763794
3340929.00000000	-0.24221307	-0.01076389	0.62783795
3335929.00000000	-0.16751578	-0.00162720	0.64953879
3330929.00000000	-0.09044806	0.00761966	0.66300204
3325929.00000000	-0.00991269	0.01748544	0.66759872
3320929.00000000	0.07165271	0.02784311	0.66243958
3315929.00000000	0.15391953	0.03845386	0.64654700
3310929.00000000	0.23626239	0.04917096	0.61943311
3305929.00000000	0.31445004	0.05880295	0.58201996
3300929.00000000	0.38889783	0.06706293	0.53383716
3295929.00000000	0.45488614	0.07331094	0.47835907
3290929.00000000	0.51254633	0.07763232	0.41638828
3285929.00000000	0.56133328	0.08066190	0.34904129
3280929.00000000	0.59991916	0.08279382	0.28002158
3275929.00000000	0.63021762	0.08454855	0.20710294
3270929.00000000	0.65182693	0.08600430	0.13265042
3265929.00000000	0.66510367	0.08717480	0.05580133
3260929.00000000	0.66957309	0.08748740	-0.02408868
3255929.00000000	0.66454337	0.08630301	-0.10401035
3250929.00000000	0.64917606	0.08287350	-0.18501025
3245929.00000000	0.62324750	0.07690469	-0.26354306
3240929.00000000	0.58686694	0.06836774	-0.33819824
3235929.00000000	0.54009619	0.05759232	-0.40810840
3230929.00000000	0.48557135	0.04605240	-0.46983966
3225929.00000000	0.42393555	0.03430179	-0.52390146
3220929.00000000	0.35792993	0.02319659	-0.56908636
3215929.00000000	0.28830075	0.01272198	-0.60589676
3210929.00000000	0.21546561	0.00266318	-0.63522910
3205929.00000000	0.14103403	-0.00758145	-0.65656509
3200929.00000000	0.06477097	-0.01798389	-0.67007703
3195929.00000000	-0.01421494	-0.02890921	-0.67542838
3190929.00000000	-0.09284756	-0.04014673	-0.67119223
3185929.00000000	-0.17256036	-0.05162631	-0.65670026
3180929.00000000	-0.24982339	-0.06207483	-0.63177200
3175929.00000000	-0.32367892	-0.07089764	-0.59653256
3170929.00000000	-0.39338367	-0.07730331	-0.55085828
3165929.00000000	-0.45515045	-0.08118069	-0.49774588
3160929.00000000	-0.50980096	-0.08283438	-0.43739200
3155929.00000000	-0.55571786	-0.08280161	-0.37256082
3150929.00000000	-0.59299100	-0.08173077	-0.30446371
3145929.00000000	-0.62281314	-0.08029092	-0.23197598
3140929.00000000	-0.64430862	-0.07861740	-0.15773291
3135929.00000000	-0.65799860	-0.07667322	-0.08007382
3130929.00000000	-0.66326825	-0.07421472	0.00006631
3125929.00000000	-0.65940881	-0.07090359	0.08305817
3120929.00000000	-0.64538751	-0.06613785	0.16822275
3115929.00000000	-0.62124701	-0.05971622	0.25106586
3110929.00000000	-0.58608398	-0.05157541	0.33155933
3105929.00000000	-0.54131161	-0.04220767	0.40542923
3100929.00000000	-0.48813171	-0.03224203	0.47112524
3095929.00000000	-0.42774887	-0.02241028	0.52765958
3090929.00000000	-0.36249008	-0.01306769	0.57454718
3085929.00000000	-0.29330597	-0.00445508	0.61239566
3080929.00000000	-0.22077335	0.00395786	0.64175943
3075929.00000000	-0.14652264	0.01220917	0.66277527
3070929.00000000	-0.06937357	0.02107059	0.67556577
3065929.00000000	0.00883551	0.03028937	0.67910419
3060929.00000000	0.08854962	0.04020337	0.67271515
3055929.00000000	0.16881860	0.05040671	0.65537994
3050929.00000000	0.24687512	0.06005316	0.62702603
3045929.00000000	0.32194354	0.06867972	0.58790854
3040929.00000000	0.39131079	0.07544922	0.53961407
3035929.00000000	0.45342651	0.08011511	0.48371713
3030929.00000000	0.50780127	0.08280725	0.42169580
3025929.00000000	0.55293204	0.08413989	0.35608371
3020929.00000000	0.58974628	0.08461792	0.28642139
3015929.00000000	0.61804453	0.08468887	0.21409949
3010929.00000000	0.63786832	0.08440121	0.13937973
3005929.00000000	0.64918750	0.08352585	0.06162097
3000929.00000000	0.65142825	0.08170822	-0.01812997
2995929.00000000	0.64374814	0.07843323	-0.09916061
2990929.00000000	0.62515366	0.07321198	-0.18132455
2985929.00000000	0.59594409	0.06635980	-0.26065717
2980929.00000000	0.55566721	0.05779568	-0.33720673
2975929.00000000	0.50638928	0.04811838	-0.40708047
2970929.00000000	0.44920700	0.03788208	-0.46944073
2965929.00000000	0.38513791	0.02770972	-0.52389838
2960929.00000000	0.31750650	0.01812509	-0.56854147
2955929.00000000	0.24621466	0.00896411	-0.60472723
2950929.00000000	0.17244223	0.00001407	-0.63249988
2945929.00000000	0.09713388	-0.00917029	-0.65172104
2940929.00000000	0.01923059	-0.01906586	-0.66253204
2935929.00000000	-0.05933084	-0.02976691	-0.66385916
2930929.00000000	-0.13916296	-0.04105624	-0.65479099
2925929.00000000	-0.21767181	-0.05230560	-0.63456799
2920929.00000000	-0.29342813	-0.06291574	-0.60320645
2915929.00000000	-0.36521851	-0.07208002	-0.56100031
2910929.00000000	-0.42987732	-0.07955563	-0.50998389
2905929.00000000	-0.48715543	-0.08517731	-0.45117740
2900929.00000000	-0.53619839	-0.08884439	-0.38660294
2895929.00000000	-0.57647491	-0.09108389	-0.31869916
2890929.00000000	-0.60927081	-0.09243542	-0.24634821
2885929.00000000	-0.63367993	-0.09339734	-0.17271640
2880929.00000000	-0.65035330	-0.09417380	-0.09642694
2875929.00000000	-0.65891968	-0.09448645	-0.01694666
2870929.00000000	-0.65872565	-0.09381598	0.06368182
2865929.00000000	-0.64899255	-0.09135895	0.14682349
2860929.00000000	-0.62924991	-0.08641611	0.22924237
2855929.00000000	-0.59921915	-0.07874512	0.30934369
2850929.00000000	-0.55928012	-0.06851300	0.38533282
2845929.00000000	-0.51111685	-0.05627594	0.45343506
2840929.00000000	-0.45503873	-0.04281497	0.51386407
2835929.00000000	-0.39326764	-0.02933551	0.56455884
2830929.00000000	-0.32726559	-0.01650641	0.60605981
2825929.00000000	-0.25740134	-0.00425430	0.63910132
2820929.00000000	-0.18614362	0.00731308	0.66338928
2815929.00000000	-0.11104761	0.01903085	0.67987173
2810929.00000000	-0.03354202	0.03108905	0.68765204
2805929.00000000	0.04562817	0.04360831	0.68583112
2800929.00000000	0.12645819	0.05627405	0.67352670
2795929.00000000	0.20605560	0.06792593	0.64996494
2790929.00000000	0.28448767	0.07788174	0.61516861
2785929.00000000	0.35928220	0.08556573	0.56961057
2780929.00000000	0.42639490	0.09057626	0.51680075
2775929.00000000	0.48727734	0.09330737	0.45614236
2770929.00000000	0.53860800	0.09419113	0.39176904
2765929.00000000	0.58148224	0.09399905	0.32358954
2760929.00000000	0.61627252	0.09333228	0.25172110
2755929.00000000	0.64196902	0.09247464	0.17917453
2750929.00000000	0.65998038	0.09138019	0.10275577
2745929.00000000	0.66916147	0.08968793	0.02516846
2740929.00000000	0.66918390	0.08684375	-0.05477707
2735929.00000000	0.65889139	0.08223291	-0.13654648
2730929.00000000	0.63811902	0.07583185	-0.21583923
2725929.00000000	0.60598010	0.06734396	-0.29392441
2720929.00000000	0.56377893	0.05740125	-0.36664270
2715929.00000000	0.51275204	0.04625378	-0.43280484
2710929.00000000	0.45355798	0.03445584	-0.49190634
2705929.00000000	0.38994672	0.02296863	-0.54144821
2700929.00000000	0.32153894	0.01191980	-0.58291245
2695929.00000000	0.25016101	0.00128693	-0.61604343
2690929.00000000	0.17655563	-0.00926160	-0.64106598
2685929.00000000	0.09965622	-0.02004364	-0.65831805
2680929.00000000	0.02164865	-0.03165317	-0.66678979
2675929.00000000	-0.05873013	-0.04389624	-0.66587854
2670929.00000000	-0.13982584	-0.05696884	-0.65440979
2665929.00000000	-0.21996570	-0.06966922	-0.63175806
2660929.00000000	-0.29897452	-0.08138187	-0.59711612
2655929.00000000	-0.37241037	-0.09064462	-0.55237994
2650929.00000000	-0.43946667	-0.09713953	-0.49872543
2645929.00000000	-0.49912811	-0.10078180	-0.43781113
2640929.00000000	-0.54900601	-0.10222903	-0.37324939
2635929.00000000	-0.59083304	-0.10235403	-0.30396301
2630929.00000000	-0.62395001	-0.10206213	-0.23201205
2625929.00000000	-0.64851465	-0.10121619	-0.15788245
2620929.00000000	-0.66494839	-0.09993698	-0.08032428
2615929.00000000	-0.67244470	-0.09767053	-0.00113867
2610929.00000000	-0.67038812	-0.09369354	0.07901376
2605929.00000000	-0.65805310	-0.08718323	0.16020850
2600929.00000000	-0.63500482	-0.07797668	0.23982428
2595929.00000000	-0.60052484	-0.06613989	0.31744989
2590929.00000000	-0.55648541	-0.05264462	0.38836942
2585929.00000000	-0.50341165	-0.03843399	0.45246896
2580929.00000000	-0.44351627	-0.02456827	0.50816962
2575929.00000000	-0.37976361	-0.01178812	0.55450946
2570929.00000000	-0.31038318	0.00027176	0.59353802
2565929.00000000	-0.23961740	0.01132202	0.62365430
2560929.00000000	-0.16581622	0.02224658	0.64620920
2555929.00000000	-0.08961896	0.03346756	0.66049045
2550929.00000000	-0.01224069	0.04509360	0.66565512
2545929.00000000	0.06803244	0.05748056	0.66089398
2540929.00000000	0.14759509	0.06952008	0.64523541
2535929.00000000	0.22651920	0.08051456	0.61832892
2530929.00000000	0.30361740	0.08948801	0.57991949
2525929.00000000	0.37437839	0.09552982	0.53312662
2520929.00000000	0.44018686	0.09881906	0.47744083
2515929.00000000	0.49789810	0.09956277	0.41639435
2510929.00000000	0.54716776	0.09858023	0.35092786
2505929.00000000	0.58850577	0.09652930	0.28115109
2500929.00000000	0.62111923	0.09419424	0.20944934
2495929.00000000	0.64567453	0.09171310	0.13543527
2490929.00000000	0.66240439	0.08889218	0.05810397
2485929.00000000	0.67041190	0.08528732	-0.02091330
2480929.00000000	0.66925513	0.07988968	-0.10324036
2475929.00000000	0.65799146	0.07230383	-0.18443591
2470929.00000000	0.63575754	0.06191360	-0.26488071
2465929.00000000	0.60222516	0.04913116	-0.34213501
2460929.00000000	0.55907639	0.03520944	-0.41159128
2455929.00000000	0.50610272	0.02081143	-0.47447708
2450929.00000000	0.44658551	0.00737958	-0.52778876
2445929.00000000	0.38129507	-0.00497595	-0.57272186
2440929.00000000	0.31120752	-0.01635635	-0.60973660
2435929.00000000	0.23980197	-0.02668942	-0.63812082
2430929.00000000	0.16453183	-0.03700845	-0.65931174
2425929.00000000	0.08695990	-0.04760004	-0.67241296
2420929.00000000	0.00749829	-0.05854929	-0.67718079
2415929.00000000	-0.07411356	-0.06974310	-0.67242731
2410929.00000000	-0.15543695	-0.08027884	-0.65752679
2405929.00000000	-0.23717563	-0.08965363	-0.63166104
2400929.00000000	-0.31527881	-0.09679575	-0.59500790
2395929.00000000	-0.38703271	-0.10133548	-0.54936569
2390929.00000000	-0.45231052	-0.10320529	-0.49460904
2385929.00000000	-0.50829767	-0.10293564	-0.43431369
2380929.00000000	-0.55582309	-0.10141949	-0.36857883
2375929.00000000	-0.59468906	-0.09923688	-0.29921475
2370929.00000000	-0.62491641	-0.09688861	-0.22738589
2365929.00000000	-0.64743677	-0.09445810	-0.15195120
2360929.00000000	-0.66186716	-0.09160776	-0.07333148
2355929.00000000	-0.66760483	-0.08773624	0.00706766
2350929.00000000	-0.66393103	-0.08198758	0.09107379
2345929.00000000	-0.65024414	-0.07408612	0.17375150
2340929.00000000	-0.62572711	-0.06370212	0.25588858
2335929.00000000	-0.59082971	-0.05139264	0.33338101
2330929.00000000	-0.54650415	-0.03802338	0.40392450
2325929.00000000	-0.49327094	-0.02411819	0.46719983
2320929.00000000	-0.43428146	-0.01099597	0.52088644
2315929.00000000	-0.36974991	0.00149213	0.56635599
2310929.00000000	-0.30129178	0.01326343	0.60351004
2305929.00000000	-0.23087192	0.02458942	0.63216864
2300929.00000000	-0.15693069	0.03663446	0.65338589
2295929.00000000	-0.08161264	0.04912012	0.66599323
2290929.00000000	-0.00356116	0.06266415	0.66949625
2285929.00000000	0.07620120	0.07619482	0.66261386
2280929.00000000	0.15678308	0.08899838	0.64464697
2275929.00000000	0.23669794	0.09948773	0.61527011
2270929.00000000	0.31230756	0.10666483	0.57609409
2265929.00000000	0.38345645	0.11024539	0.52736526
2260929.00000000	0.44735315	0.11056146	0.47161185
2255929.00000000	0.50212549	0.10851410	0.41128152
2250929.00000000	0.54895865	0.10523071	0.34628049
2245929.00000000	0.58717871	0.10155978	0.27835855
2240929.00000000	0.61755045	0.09786145	0.20702414
2235929.00000000	0.63998282	0.09418350	0.13284518
2230929.00000000	0.65405661	0.09023016	0.05691672
2225929.00000000	0.65951685	0.08544504	-0.02173605
2220929.00000000	0.65545465	0.07936185	-0.10169962
2215929.00000000	0.64085406	0.07215656	-0.18230606
2210929.00000000	0.61513773	0.06359280	-0.26175192
2205929.00000000	0.57975140	0.05398437	-0.33582437
2200929.00000000	0.53482004	0.04324323	-0.40465540
2195929.00000000	0.48154596	0.03176074	-0.46645123
2190929.00000000	0.42230954	0.02043515	-0.51941229
2185929.00000000	0.35709335	0.00913370	-0.56428964
2180929.00000000	0.28897464	-0.00141858	-0.60009201
2175929.00000000	0.21727518	-0.01187402	-0.62812878
2170929.00000000	0.14321982	-0.02247211	-0.64786246
2165929.00000000	0.06743646	-0.03367468	-0.65943869
2160929.00000000	-0.01197684	-0.04574384	-0.66214917
2155929.00000000	-0.09152567	-0.05798788	-0.65489059
2150929.00000000	-0.17197128	-0.07020578	-0.63737604
2145929.00000000	-0.25162848	-0.08113416	-0.60885522
2140929.00000000	-0.32682077	-0.09007635	-0.57056003
2135929.00000000	-0.39753287	-0.09673605	-0.52245383
2130929.00000000	-0.46002612	-0.10098096	-0.46721338
2125929.00000000	-0.51427390	-0.10297998	-0.40586270
2120929.00000000	-0.56008008	-0.10343805	-0.33937439
2115929.00000000	-0.59648627	-0.10311249	-0.27016565
2110929.00000000	-0.62454648	-0.10254584	-0.19796820
2105929.00000000	-0.64437955	-0.10185669	-0.12298154
2100929.00000000	-0.65581604	-0.10075345	-0.04630765
2095929.00000000	-0.65854440	-0.09849081	0.03423196
2090929.00000000	-0.65179642	-0.09428253	0.11517145
2085929.00000000	-0.63470654	-0.08732016	0.19688110
2080929.00000000	-0.60696918	-0.07758521	0.27685156
2075929.00000000	-0.56909085	-0.06526074	0.35163147
2070929.00000000	-0.52068765	-0.05092871	0.42117838
2065929.00000000	-0.46550198	-0.03615884	0.48088916
2060929.00000000	-0.40297510	-0.02153629	0.53247278
2055929.00000000	-0.33591849	-0.00780109	0.57473279
2050929.00000000	-0.26646051	0.00485052	0.60789127
2045929.00000000	-0.19325137	0.01736087	0.63320697
2040929.00000000	-0.11789700	0.03000705	0.65032956
2035929.00000000	-0.03991962	0.04326782	0.65894012
2030929.00000000	0.03992584	0.05715417	0.65794955
2025929.00000000	0.11981177	0.07080005	0.64664130
2020929.00000000	0.20058627	0.08366394	0.62401056
2015929.00000000	0.27792941	0.09415460	0.59097739
2010929.00000000	0.35100961	0.10187067	0.54801593
2005929.00000000	0.41819846	0.10644382	0.49615588
2000929.00000000	0.47663678	0.10812677	0.43853931
1995929.00000000	0.52740240	0.10746658	0.37477325
1990929.00000000	0.56906671	0.10553571	0.30774435
1985929.00000000	0.60163266	0.10303812	0.23890851
1980929.00000000	0.62675858	0.10014359	0.16515405
1975929.00000000	0.64288071	0.09696823	0.09031137
1970929.00000000	0.65032758	0.09298648	0.01188205
1965929.00000000	0.64814081	0.08742783	-0.06891931
1960929.00000000	0.63584695	0.07984598	-0.15028296
1955929.00000000	0.61215088	0.06962350	-0.23323096
1950929.00000000	0.57846341	0.05721643	-0.31164108
1945929.00000000	0.53448965	0.04305893	-0.38577704
1940929.00000000	0.48177774	0.02813934	-0.45294177
1935929.00000000	0.42342947	0.01392004	-0.51042502
1930929.00000000	0.35874182	0.00025946	-0.56020081
1925929.00000000	0.29176218	-0.01198965	-0.60029776
1920929.00000000	0.22116180	-0.02367065	-0.63281091
1915929.00000000	0.14781406	-0.03534479	-0.65728555
1910929.00000000	0.07292758	-0.04707516	-0.67341602
1905929.00000000	-0.00495361	-0.05941113	-0.68073746
1900929.00000000	-0.08404330	-0.07153448	-0.67782187
1895929.00000000	-0.16304181	-0.08270023	-0.66373737
1890929.00000000	-0.24238818	-0.09187134	-0.63743558
1885929.00000000	-0.31651761	-0.09776047	-0.60046783
1880929.00000000	-0.38686227	-0.10055475	-0.55275214
1875929.00000000	-0.45037921	-0.10024222	-0.49642133
1870929.00000000	-0.50509494	-0.09781540	-0.43506464
1865929.00000000	-0.55273621	-0.09379507	-0.36747589
1860929.00000000	-0.59118741	-0.08934167	-0.29819720
1855929.00000000	-0.62205826	-0.08472638	-0.22515231
1850929.00000000	-0.64500940	-0.08011066	-0.14917999
1845929.00000000	-0.65927701	-0.07515540	-0.07197324
1840929.00000000	-0.66482056	-0.06928177	0.00998215
1835929.00000000	-0.66020297	-0.06239752	0.09131757
1830929.00000000	-0.64469745	-0.05409265	0.17431235
1825929.00000000	-0.61742499	-0.04453848	0.25605136
1820929.00000000	-0.57979092	-0.03474390	0.33240720
1815929.00000000	-0.53149902	-0.02469772	0.40417374
1810929.00000000	-0.47592285	-0.01521646	0.46716281
1805929.00000000	-0.41344360	-0.00625705	0.52244052
1800929.00000000	-0.34582175	0.00202225	0.56899838
1795929.00000000	-0.27608395	0.00940860	0.60644510
1790929.00000000	-0.20186948	0.01668015	0.63663632
1785929.00000000	-0.12650146	0.02387167	0.65862924
1780929.00000000	-0.04878748	0.03155609	0.67275803
1775929.00000000	0.03078833	0.03990750	0.67836307
1770929.00000000	0.10988715	0.04888730	0.67462759
1765929.00000000	0.18977838	0.05852469	0.66045425
1760929.00000000	0.26735138	0.06828165	0.63486432
1755929.00000000	0.33949722	0.07730502	0.59872964
1750929.00000000	0.40734061	0.08507840	0.55125912
1745929.00000000	0.46658014	0.09056238	0.49603171
1740929.00000000	0.51845093	0.09395889	0.43335861
1735929.00000000	0.56190021	0.09552338	0.36593997
1730929.00000000	0.59676141	0.09603699	0.29600894
1725929.00000000	0.62455411	0.09594824	0.22123666
1720929.00000000	0.64409698	0.09548288	0.14553610
1715929.00000000	0.65583582	0.09444348	0.06629465
1710929.00000000	0.65906973	0.09215768	-0.01548972
1705929.00000000	0.65328036	0.08796887	-0.09775281
1700929.00000000	0.63720996	0.08094696	-0.18287552
1695929.00000000	0.61136176	0.07120096	-0.26414890
1690929.00000000	0.57524930	0.05875763	-0.34163663
1685929.00000000	0.52935699	0.04438049	-0.41277594
1680929.00000000	0.47611383	0.02958923	-0.47446667
1675929.00000000	0.41586694	0.01519058	-0.52738852
1670929.00000000	0.35060104	0.00193860	-0.57122458
1665929.00000000	0.28202374	-0.01025705	-0.60640115
1660929.00000000	0.20850284	-0.02198447	-0.63418423
1655929.00000000	0.13381345	-0.03332932	-0.65383414
1650929.00000000	0.05581818	-0.04505328	-0.66540543
1645929.00000000	-0.02465643	-0.05721017	-0.66786658
1640929.00000000	-0.10523837	-0.06923862	-0.66038226
1635929.00000000	-0.18846042	-0.08053802	-0.64103574
1630929.00000000	-0.26742212	-0.08969131	-0.61089282
1625929.00000000	-0.34261188	-0.09609927	-0.56981662
1620929.00000000	-0.41228989	-0.09959274	-0.51890298
1615929.00000000	-0.47240698	-0.10052197	-0.46256311
1610929.00000000	-0.52615857	-0.09961066	-0.39859192
1605929.00000000	-0.57015637	-0.09765088	-0.33202206
1600929.00000000	-0.60625717	-0.09528369	-0.26142902
1595929.00000000	-0.63424292	-0.09271841	-0.18786365
1590929.00000000	-0.65384326	-0.08996393	-0.11280460
1585929.00000000	-0.66544528	-0.08640601	-0.03321539
1580929.00000000	-0.66807373	-0.08142825	0.04821295
1575929.00000000	-0.66122763	-0.07440155	0.13032983
1570929.00000000	-0.64395587	-0.06464948	0.21366513
1565929.00000000	-0.61676889	-0.05288077	0.29248502
1560929.00000000	-0.57863855	-0.03922183	0.36755875
1555929.00000000	-0.53101483	-0.02506885	0.43530313
1550929.00000000	-0.47656006	-0.01188809	0.49327957
1545929.00000000	-0.41412729	0.00045514	0.54414551
1540929.00000000	-0.34874780	0.01090173	0.58526035
1535929.00000000	-0.27983694	0.02049796	0.61865814
1530929.00000000	-0.20659415	0.02968100	0.64516681
1525929.00000000	-0.13221799	0.03861072	0.66356451
1520929.00000000	-0.05349307	0.04809729	0.67433350
1515929.00000000	0.02587988	0.05774957	0.67555411
1510929.00000000	0.10659351	0.06773367	0.66672369
1505929.00000000	0.18924585	0.07715717	0.64674295
1500929.00000000	0.26770395	0.08530789	0.61670279
1495929.00000000	0.34442938	0.09187009	0.57572214
1490929.00000000	0.41434183	0.09648880	0.52665195
1485929.00000000	0.47742059	0.09895129	0.47027582
1480929.00000000	0.53300812	0.09944861	0.40739438
1475929.00000000	0.57900989	0.09897549	0.34153961
1470929.00000000	0.61728659	0.09788266	0.27125687
1465929.00000000	0.64703998	0.09629620	0.19859268
1460929.00000000	0.66866641	0.09403262	0.12323941
1455929.00000000	0.68225000	0.09058853	0.04353479
1450929.00000000	0.68641248	0.08564102	-0.03732880
1445929.00000000	0.68053583	0.07773651	-0.12032788
1440929.00000000	0.66340918	0.06720233	-0.20317532
1435929.00000000	0.63549271	0.05462894	-0.28186646
1430929.00000000	0.59551797	0.03997156	-0.35801462
1425929.00000000	0.54686749	0.02511954	-0.42549814
1420929.00000000	0.49009610	0.01039832	-0.48484674
1415929.00000000	0.42769589	-0.00337207	-0.53505002
1410929.00000000	0.36020624	-0.01499323	-0.57764362
1405929.00000000	0.28775668	-0.02566376	-0.61290521
1400929.00000000	0.21295547	-0.03607928	-0.63971323
1395929.00000000	0.13605750	-0.04658911	-0.65838263
1390929.00000000	0.05509418	-0.05792374	-0.66871878
1385929.00000000	-0.02665506	-0.06931091	-0.66945050
1380929.00000000	-0.11180661	-0.08048511	-0.65943784
1375929.00000000	-0.19583362	-0.09021890	-0.63815775
1370929.00000000	-0.27719156	-0.09730359	-0.60571945
1365929.00000000	-0.35587784	-0.10158334	-0.56176822
1360929.00000000	-0.42603781	-0.10235596	-0.50993188
1355929.00000000	-0.48886621	-0.10036633	-0.45037906
1350929.00000000	-0.54287531	-0.09648279	-0.38527695
1345929.00000000	-0.58704901	-0.09182541	-0.31741541
1340929.00000000	-0.62337729	-0.08675623	-0.24483020
1335929.00000000	-0.65082831	-0.08152463	-0.17028778
1330929.00000000	-0.67005316	-0.07595197	-0.09242157
1325929.00000000	-0.68053207	-0.06924078	-0.01111807
1320929.00000000	-0.68101886	-0.06199820	0.07108224
1315929.00000000	-0.67069705	-0.05302499	0.15629443
1310929.00000000	-0.64950940	-0.04277075	0.23830759
1305929.00000000	-0.61688565	-0.03187134	0.31771249
1300929.00000000	-0.57354987	-0.02092627	0.39180527
1295929.00000000	-0.52246970	-0.01108069	0.45716058
1290929.00000000	-0.46245605	-0.00200781	0.51591086
1285929.00000000	-0.39775449	0.00557108	0.56539417
1280929.00000000	-0.32896335	0.01250378	0.60630576
1275929.00000000	-0.25574863	0.01924051	0.63984528
1270929.00000000	-0.18095157	0.02587390	0.66494168
1265929.00000000	-0.10149847	0.03303644	0.68234778
1260929.00000000	-0.01974988	0.04087860	0.69063489
1255929.00000000	0.06288049	0.04892731	0.68914908
1250929.00000000	0.14859302	0.05704785	0.67661221
1245929.00000000	0.23207693	0.06401996	0.65280997
1240929.00000000	0.31239880	0.06954886	0.61838156
1235929.00000000	0.38787445	0.07291940	0.57364658
1230929.00000000	0.45449792	0.07430545	0.52168527
1225929.00000000	0.51384543	0.07406921	0.46205017
1220929.00000000	0.56282739	0.07268237	0.39900629
1215929.00000000	0.60323364	0.07048538	0.33209796
1210929.00000000	0.63567984	0.06847055	0.26083325
1205929.00000000	0.65936520	0.06662033	0.18764694
1200929.00000000	0.67494629	0.06441031	0.11068259
1195929.00000000	0.68140363	0.06174588	0.03153992
1190929.00000000	0.67836255	0.05830582	-0.04952789
1185929.00000000	0.66478632	0.05413580	-0.13316541
1180929.00000000	0.64121289	0.04859732	-0.21332077
1175929.00000000	0.60685852	0.04183167	-0.29237341
1170929.00000000	0.56301846	0.03424750	-0.36628036
1165929.00000000	0.51146518	0.02593597	-0.43268649
1160929.00000000	0.45159869	0.01701355	-0.49229590
1155929.00000000	0.38852692	0.00850833	-0.54110590
1150929.00000000	0.31938229	0.00012796	-0.58253955
1145929.00000000	0.24714325	-0.00774033	-0.61553522
1140929.00000000	0.17275967	-0.01546368	-0.64052438
1135929.00000000	0.09281750	-0.02339102	-0.65828854
1130929.00000000	0.01305103	-0.03112552	-0.66718112
1125929.00000000	-0.06934772	-0.03888089	-0.66672025
1120929.00000000	-0.15234314	-0.04619479	-0.65585559
1115929.00000000	-0.23076538	-0.05285910	-0.63457718
1110929.00000000	-0.30765326	-0.05827853	-0.60155139
1105929.00000000	-0.37783841	-0.06230444	-0.55834943
1100929.00000000	-0.44062146	-0.06504410	-0.50643185
1095929.00000000	-0.49586435	-0.06695477	-0.44676718
1090929.00000000	-0.54199741	-0.06780493	-0.38282892
1085929.00000000	-0.58101477	-0.06786920	-0.31320517
1080929.00000000	-0.61145401	-0.06718799	-0.24120248
1075929.00000000	-0.63373010	-0.06710086	-0.16586526
1070929.00000000	-0.64764267	-0.06694302	-0.08688660
1065929.00000000	-0.65257388	-0.06661703	-0.00583902
1060929.00000000	-0.64797977	-0.06558768	0.07953387
1055929.00000000	-0.63343808	-0.06382413	0.16469440
1050929.00000000	-0.60895520	-0.06014288	0.24924002
1045929.00000000	-0.57343213	-0.05395563	0.33269968
1040929.00000000	-0.52984296	-0.04589069	0.40754620
1035929.00000000	-0.47704755	-0.03596573	0.47585641
1030929.00000000	-0.41919559	-0.02569244	0.53339105
1025929.00000000	-0.35625906	-0.01564404	0.58189481
1020929.00000000	-0.28744336	-0.00583826	0.62304733
1015929.00000000	-0.21711099	0.00355179	0.65512289
1010929.00000000	-0.14295322	0.01308484	0.68032776
1005929.00000000	-0.06659894	0.02262698	0.69753903
1000929.00000000	0.01133536	0.03244708	0.70638278
995929.00000000	0.09264661	0.04295993	0.70583990
990929.00000000	0.17144168	0.05325095	0.69484735
985929.00000000	0.25055429	0.06362177	0.67200916
980929.00000000	0.32587823	0.07197601	0.63727045
975929.00000000	0.39382169	0.07798050	0.59305450
970929.00000000	0.45738480	0.08144623	0.53794598
965929.00000000	0.51173682	0.08230243	0.47705792
960929.00000000	0.55822586	0.08176819	0.41068420
955929.00000000	0.59681561	0.08041132	0.33992786
950929.00000000	0.62704120	0.07829547	0.26711038
945929.00000000	0.64990717	0.07606631	0.18905161
940929.00000000	0.66401437	0.07343527	0.10867087
935929.00000000	0.66916974	0.06911578	0.02674356
930929.00000000	0.66449808	0.06284198	-0.06053232
925929.00000000	0.64943146	0.05517178	-0.14632480
920929.00000000	0.62336264	0.04581970	-0.23178152
915929.00000000	0.58707715	0.03497171	-0.31251865
910929.00000000	0.54264832	0.02355042	-0.38502029
905929.00000000	0.48781616	0.01234628	-0.45297989
900929.00000000	0.42822757	0.00233087	-0.50983154
895929.00000000	0.36306372	-0.00639859	-0.55854663
890929.00000000	0.29210727	-0.01453128	-0.59965982
885929.00000000	0.21931290	-0.02244781	-0.63138055
880929.00000000	0.14172241	-0.02989304	-0.65569522
875929.00000000	0.06277652	-0.03725403	-0.67097586
870929.00000000	-0.01862061	-0.04422952	-0.67705597
865929.00000000	-0.10144232	-0.05087204	-0.67310471
860929.00000000	-0.18270474	-0.05680264	-0.65862488
855929.00000000	-0.26404324	-0.06122937	-0.63222498
850929.00000000	-0.33867801	-0.06432599	-0.59617313
845929.00000000	-0.40746121	-0.06591641	-0.55049832
840929.00000000	-0.46993481	-0.06626617	-0.49591635
835929.00000000	-0.52243039	-0.06509637	-0.43679022
830929.00000000	-0.56763049	-0.06331784	-0.37123358
825929.00000000	-0.60411368	-0.06159644	-0.30276682
820929.00000000	-0.63308621	-0.05953491	-0.23036978
815929.00000000	-0.65436917	-0.05694766	-0.15369055
810929.00000000	-0.66705093	-0.05428265	-0.07464737
805929.00000000	-0.67074515	-0.05122144	0.00865988
800929.00000000	-0.66472574	-0.04627805	0.09326190
795929.00000000	-0.64893146	-0.03984427	0.17648349
790929.00000000	-0.62214496	-0.03131354	0.26047174
785929.00000000	-0.58627618	-0.02272336	0.33715231
780929.00000000	-0.54106430	-0.01344608	0.40815662
775929.00000000	-0.48774780	-0.00384583	0.47097525
770929.00000000	-0.42894031	0.00488135	0.52443793
765929.00000000	-0.36390289	0.01294843	0.57023981
760929.00000000	-0.29668762	0.01980106	0.60674371
755929.00000000	-0.22442340	0.02633228	0.63627023
750929.00000000	-0.14877579	0.03278973	0.65782483
745929.00000000	-0.07052515	0.03891287	0.67099084
740929.00000000	0.01353745	0.04486719	0.67539713
735929.00000000	0.09741077	0.04978799	0.66994736
730929.00000000	0.18165009	0.05371442	0.65412161
725929.00000000	0.26557349	0.05588837	0.62695248
720929.00000000	0.34297125	0.05636151	0.59021710
715929.00000000	0.41583417	0.05542508	0.54285989
710929.00000000	0.47930511	0.05263754	0.48827542
705929.00000000	0.53385104	0.04980209	0.42795935
700929.00000000	0.57998309	0.04641455	0.36238254
695929.00000000	0.61709290	0.04224838	0.29477832
690929.00000000	0.64722351	0.03792850	0.22150192
685929.00000000	0.66900632	0.03202945	0.14546429
680929.00000000	0.68156931	0.02702951	0.06800433
675929.00000000	0.68484445	0.02077579	-0.01467007
670929.00000000	0.67688443	0.01563098	-0.09866330
665929.00000000	0.65673660	0.00972556	-0.18486560
660929.00000000	0.62159241	0.00728842	-0.27551834
655929.00000000	0.57803458	0.00201709	-0.35402994
650929.00000000	0.52531857	-0.00668491	-0.42485046
645929.00000000	0.46586819	-0.01426782	-0.48675729
640929.00000000	0.40214221	-0.02175647	-0.53876431
635929.00000000	0.33083957	-0.02816708	-0.58463623
630929.00000000	0.25607474	-0.03341034	-0.62192288
625929.00000000	0.17783728	-0.03967368	-0.65036111
620929.00000000	0.09679520	-0.04586798	-0.66983768
615929.00000000	0.01435309	-0.05173495	-0.68033499
610929.00000000	-0.07120752	-0.05701599	-0.68123724
605929.00000000	-0.15696045	-0.06090530	-0.67159341
600929.00000000	-0.24238000	-0.06276334	-0.65052307
595929.00000000	-0.32277173	-0.06214651	-0.61880402
590929.00000000	-0.39392807	-0.05885565	-0.57903256
585929.00000000	-0.45834152	-0.05299490	-0.53078174
580929.00000000	-0.51831241	-0.04775995	-0.47165610
575929.00000000	-0.56631592	-0.04073172	-0.41035806
570929.00000000	-0.60786182	-0.03384430	-0.34169592
565929.00000000	-0.64558228	-0.03138104	-0.25613708
560929.00000000	-0.66852908	-0.02465051	-0.17958691
555929.00000000	-0.68181042	-0.01699203	-0.10495172
550929.00000000	-0.68629111	-0.00911172	-0.02437201
545929.00000000	-0.68047665	-0.00110199	0.05895605
540929.00000000	-0.66387149	0.00689371	0.14241714
535929.00000000	-0.63611508	0.01558105	0.22592972
530929.00000000	-0.59922543	0.02404562	0.30367685
525929.00000000	-0.55391177	0.03218286	0.37550491
520929.00000000	-0.50063062	0.03935172	0.44099667
515929.00000000	-0.44216586	0.04567819	0.49741953
510929.00000000	-0.37774219	0.05093936	0.54626877
505929.00000000	-0.31089233	0.05573206	0.58552487
500929.00000000	-0.24362686	0.06014804	0.61572318
495929.00000000	-0.17041144	0.06468008	0.63944315
490929.00000000	-0.09467355	0.06894263	0.65504514
485929.00000000	-0.01497678	0.07269806	0.66232285
480929.00000000	0.06670865	0.07529495	0.66015985
475929.00000000	0.14937656	0.07593484	0.64824271
470929.00000000	0.23258594	0.07425043	0.62601990
465929.00000000	0.31167322	0.07000003	0.59463132
460929.00000000	0.38624561	0.06322653	0.55412030
455929.00000000	0.45398270	0.05505832	0.50635846
450929.00000000	0.51323465	0.04616449	0.45298575
445929.00000000	0.56497736	0.03714435	0.39411462
440929.00000000	0.60720465	0.02853247	0.33289545
435929.00000000	0.64167581	0.02043649	0.26796921
430929.00000000	0.66762762	0.01227795	0.20051236
425929.00000000	0.68468933	0.00380518	0.13148502
420929.00000000	0.69239795	-0.00542831	0.05812109
415929.00000000	0.68938272	-0.01476349	-0.01544742
410929.00000000	0.67509625	-0.02407718	-0.08983029
405929.00000000	0.64839694	-0.03199088	-0.16622858
400929.00000000	0.61171899	-0.03939584	-0.23659067
395929.00000000	0.56331161	-0.04496402	-0.30546387
390929.00000000	0.50794949	-0.04885825	-0.36539407
385929.00000000	0.44616098	-0.05131110	-0.41648996
380929.00000000	0.37785364	-0.05039273	-0.45886990
375929.00000000	0.30800928	-0.05099344	-0.48922327
370929.00000000	0.23304813	-0.05178375	-0.51046246
365929.00000000	0.15545056	-0.05199872	-0.52229584
360929.00000000	0.07631085	-0.05122751	-0.52593259
355929.00000000	-0.01065897	-0.04386249	-0.52206067
350929.00000000	-0.11372104	-0.02163126	-0.50674350
345929.00000000	-0.19329028	-0.01679825	-0.48761954
340929.00000000	-0.26727097	-0.01156219	-0.46362836
335929.00000000	-0.33424121	-0.00593118	-0.43449951
330929.00000000	-0.39411734	-0.00005246	-0.39883356
325929.00000000	-0.44281891	0.00532050	-0.35858139
320929.00000000	-0.48095529	0.01015396	-0.31383374
315929.00000000	-0.50696912	0.01392505	-0.26754517
310929.00000000	-0.52056509	0.01687775	-0.22201898
305929.00000000	-0.52184338	0.01911670	-0.17842792
300929.00000000	-0.51136072	0.02079684	-0.13909265
295929.00000000	-0.49068054	0.02222357	-0.10273376
290929.00000000	-0.46173294	0.02343509	-0.06893561
285929.00000000	-0.42756662	0.02452963	-0.03756998
280929.00000000	-0.38774274	0.02549350	-0.00667581
275929.00000000	-0.34495898	0.02605542	0.02167395
270929.00000000	-0.29794775	0.02572385	0.04752094
265929.00000000	-0.24690399	0.02405359	0.06971255
260929.00000000	-0.19391150	0.02097580	0.08701187
255929.00000000	-0.13993542	0.01662097	0.09937579
250929.00000000	-0.08898825	0.01170322	0.10678906
245929.00000000	-0.04206158	0.00667035	0.11040637
240929.00000000	-0.00059772	0.00238007	0.11112302
235929.00000000	0.03382336	-0.00057901	0.10999316
230929.00000000	0.06286472	-0.00232022	0.10780042
225929.00000000	0.08671570	-0.00285846	0.10527194
220929.00000000	0.10621329	-0.00267581	0.10247842
215929.00000000	0.12133832	-0.00240967	0.09921115
210929.00000000	0.13086758	-0.00229010	0.09536829
205929.00000000	0.13441754	-0.00250229	0.09052530
200929.00000000	0.13191620	-0.00298682	0.08460880
195929.00000000	0.12448615	-0.00350427	0.07803052
190929.00000000	0.11366196	-0.00391638	0.07074643
185929.00000000	0.10178091	-0.00401700	0.06365460
180929.00000000	0.08963013	-0.00397064	0.05696069
175929.00000000	0.07856219	-0.00373880	0.05067654
170929.00000000	0.06877621	-0.00338364	0.04527481
165929.00000000	0.06001682	-0.00296762	0.04041357
160929.00000000	0.05264856	-0.00256427	0.03633371
155929.00000000	0.04637198	-0.00223962	0.03267142
150929.00000000	0.04096759	-0.00193958	0.02948584
145929.00000000	0.03634567	-0.00169290	0.02680829
140929.00000000	0.03238184	-0.00150027	0.02433014
135929.00000000	0.02900348	-0.00127271	0.02223346
130929.00000000	0.02611331	-0.00111688	0.02030655
125929.00000000	0.02350137	-0.00100455	0.01868109
