8062992.00000000	0.00990063	0.00049289	0.02094400
8057992.00000000	0.01027390	0.00049274	0.02294650
8052992.00000000	0.01093781	0.00051071	0.02515689
8047992.00000000	0.01169226	0.00051819	0.02769434
8042992.00000000	0.01254602	0.00051974	0.03056024
8037992.00000000	0.01347504	0.00055377	0.03395328
8032992.00000000	0.01448831	0.00055139	0.03774847
8027992.00000000	0.01558051	0.00059421	0.04216010
8022992.00000000	0.01680029	0.00063141	0.04736139
8017992.00000000	0.01800443	0.00065701	0.05330597
8012992.00000000	0.01949683	0.00065759	0.06040900
8007992.00000000	0.02114975	0.00062814	0.06866910
8002992.00000000	0.02293076	0.00058817	0.07833505
7997992.00000000	0.02493332	0.00042087	0.08965677
7992992.00000000	0.02717694	0.00024170	0.10240753
7987992.00000000	0.02973886	-0.00006696	0.11660895
7982992.00000000	0.03255695	-0.00044138	0.13111792
7977992.00000000	0.03569449	-0.00090439	0.14469681
7972992.00000000	0.03934402	-0.00138898	0.15535059
7967992.00000000	0.04339633	-0.00174606	0.16063980
7962992.00000000	0.04855923	-0.00195795	0.15938153
7957992.00000000	0.05481387	-0.00188568	0.15117911
7952992.00000000	0.06187189	-0.00177731	0.13712366
7947992.00000000	0.07033685	-0.00171771	0.11772412
7942992.00000000	0.07985016	-0.00201913	0.09412589
7937992.00000000	0.09071072	-0.00282343	0.06558252
7932992.00000000	0.10285437	-0.00425034	0.03127835
7927992.00000000	0.11573965	-0.00622897	-0.00825272
7922992.00000000	0.12940195	-0.00863577	-0.05498544
7917992.00000000	0.14222598	-0.01088721	-0.10567584
7912992.00000000	0.15277722	-0.01224329	-0.15944675
7907992.00000000	0.15910550	-0.01222354	-0.21392508
7902992.00000000	0.15983484	-0.01077026	-0.26641873
7897992.00000000	0.15449863	-0.00854211	-0.31782098
7892992.00000000	0.14373322	-0.00638876	-0.36570648
7887992.00000000	0.12858105	-0.00473492	-0.41057733
7882992.00000000	0.10932507	-0.00369653	-0.45257181
7877992.00000000	0.08622217	-0.00277988	-0.48931006
7872992.00000000	0.05761829	-0.00155356	-0.52041974
7867992.00000000	0.02272626	0.00027737	-0.54325543
7862992.00000000	-0.01907864	0.00268732	-0.55677533
7857992.00000000	-0.06842111	0.00548508	-0.56060565
7852992.00000000	-0.12188675	0.00848560	-0.55344440
7847992.00000000	-0.17890930	0.01159689	-0.53500021
7842992.00000000	-0.23548550	0.01452332	-0.50559586
7837992.00000000	-0.28961472	0.01738708	-0.46612332
7832992.00000000	-0.34148264	0.02021017	-0.41675156
7827992.00000000	-0.38927750	0.02293613	-0.36034698
7822992.00000000	-0.43384491	0.02536508	-0.29757928
7817992.00000000	-0.47462161	0.02731979	-0.22994360
7812992.00000000	-0.50937448	0.02861539	-0.16088437
7807992.00000000	-0.53771860	0.02930127	-0.08854346
7802992.00000000	-0.55733447	0.02910156	-0.01550970
7797992.00000000	-0.56745493	0.02823700	0.05887094
7792992.00000000	-0.56694012	0.02684317	0.13440961
7787992.00000000	-0.55577518	0.02500540	0.20873849
7782992.00000000	-0.53308261	0.02262079	0.28463187
7777992.00000000	-0.50027460	0.01939600	0.35696283
7772992.00000000	-0.45749619	0.01563937	0.42613077
7767992.00000000	-0.40584528	0.01157254	0.48997409
7762992.00000000	-0.34833652	0.00746930	0.54504837
7757992.00000000	-0.28343939	0.00330542	0.59263702
7752992.00000000	-0.21575562	-0.00022247	0.62989807
7747992.00000000	-0.14595810	-0.00333020	0.65737622
7742992.00000000	-0.07289444	-0.00615414	0.67643073
7737992.00000000	-0.00115253	-0.00865939	0.68650693
7732992.00000000	0.07411813	-0.01123599	0.68867267
7727992.00000000	0.14872400	-0.01409775	0.68256165
7722992.00000000	0.22311255	-0.01716473	0.66800296
7717992.00000000	0.29852707	-0.02043671	0.64368152
7712992.00000000	0.36992392	-0.02387601	0.61028210
7707992.00000000	0.43865817	-0.02694525	0.56610117
7702992.00000000	0.50129614	-0.02963354	0.51228305
7697992.00000000	0.55484518	-0.03157578	0.45159818
7692992.00000000	0.60143506	-0.03295557	0.38147153
7687992.00000000	0.63717029	-0.03335355	0.30864481
7682992.00000000	0.66364026	-0.03336459	0.23183905
7677992.00000000	0.68105859	-0.03327786	0.15239676
7672992.00000000	0.68930930	-0.03314975	0.07422049
7667992.00000000	0.68911768	-0.03295215	-0.00681110
7662992.00000000	0.68016180	-0.03256577	-0.08599274
7657992.00000000	0.66230688	-0.03218143	-0.16487570
7652992.00000000	0.63391559	-0.03157776	-0.24475952
7647992.00000000	0.59622763	-0.03064438	-0.31998889
7642992.00000000	0.54730353	-0.02882434	-0.39298773
7637992.00000000	0.48988477	-0.02632346	-0.45863498
7632992.00000000	0.42540201	-0.02312769	-0.51579990
7627992.00000000	0.35317746	-0.01929123	-0.56523010
7622992.00000000	0.27888498	-0.01489401	-0.60367868
7617992.00000000	0.20029047	-0.01009747	-0.63317130
7612992.00000000	0.12093460	-0.00539038	-0.65333685
7607992.00000000	0.04224594	-0.00055862	-0.66456845
7602992.00000000	-0.03898019	0.00460831	-0.66762592
7597992.00000000	-0.11807098	0.00991418	-0.66229929
7592992.00000000	-0.19782016	0.01600195	-0.64808063
7587992.00000000	-0.27685278	0.02264124	-0.62416412
7582992.00000000	-0.35117035	0.02942114	-0.59102396
7577992.00000000	-0.42381207	0.03658032	-0.54610773
7572992.00000000	-0.48738895	0.04316315	-0.49277374
7567992.00000000	-0.54300925	0.04872479	-0.43081464
7562992.00000000	-0.59015280	0.05286835	-0.36044711
7557992.00000000	-0.62600296	0.05528357	-0.28743909
7552992.00000000	-0.65274893	0.05657083	-0.20949597
7547992.00000000	-0.66970178	0.05713525	-0.13074524
7542992.00000000	-0.67773865	0.05716476	-0.05169260
7537992.00000000	-0.67696768	0.05698120	0.03069656
7532992.00000000	-0.66727512	0.05656976	0.11044479
7527992.00000000	-0.64773331	0.05564496	0.19191977
7522992.00000000	-0.61807629	0.05342444	0.27240680
7517992.00000000	-0.57859119	0.04958859	0.34900861
7512992.00000000	-0.52772034	0.04386392	0.42264883
7507992.00000000	-0.46950308	0.03683740	0.48685193
7502992.00000000	-0.40282050	0.02880737	0.54311014
7497992.00000000	-0.33048795	0.02048679	0.58924579
7492992.00000000	-0.25594089	0.01239871	0.62407053
7487992.00000000	-0.17709872	0.00489218	0.64967825
7482992.00000000	-0.09988745	-0.00174335	0.66507480
7477992.00000000	-0.02127481	-0.00791501	0.67183688
7472992.00000000	0.05887408	-0.01405276	0.66988586
7467992.00000000	0.13673334	-0.02015421	0.65917722
7462992.00000000	0.21683585	-0.02694437	0.63843533
7457992.00000000	0.29291095	-0.03374207	0.60857114
7452992.00000000	0.36617160	-0.04056015	0.56860394
7447992.00000000	0.43643405	-0.04700479	0.51750558
7442992.00000000	0.49825439	-0.05253012	0.45924142
7437992.00000000	0.55341846	-0.05694910	0.39181891
7432992.00000000	0.59856689	-0.06007101	0.31958694
7427992.00000000	0.63332089	-0.06203558	0.24500974
7422992.00000000	0.65913364	-0.06317746	0.16607224
7417992.00000000	0.67492285	-0.06363416	0.08842313
7412992.00000000	0.68193890	-0.06394232	0.00923877
7407992.00000000	0.68001349	-0.06402979	-0.07074832
7402992.00000000	0.66908789	-0.06358362	-0.14958203
7397992.00000000	0.64765356	-0.06241769	-0.23066214
7392992.00000000	0.61605954	-0.05984378	-0.30887561
7387992.00000000	0.57346957	-0.05523996	-0.38447733
7382992.00000000	0.51983585	-0.04845209	-0.45544302
7377992.00000000	0.45866937	-0.04022260	-0.51727097
7372992.00000000	0.38812363	-0.03070221	-0.57166672
7367992.00000000	0.31494775	-0.02122162	-0.61396973
7362992.00000000	0.23798358	-0.01198792	-0.64622574
7357992.00000000	0.15894580	-0.00342334	-0.66854199
7352992.00000000	0.08137463	0.00417670	-0.68129230
7347992.00000000	0.00093082	0.01153503	-0.68546994
7342992.00000000	-0.07777463	0.01876810	-0.68055923
7337992.00000000	-0.15571024	0.02630634	-0.66657956
7332992.00000000	-0.23416669	0.03423697	-0.64232474
7327992.00000000	-0.30845181	0.04205118	-0.60863675
7322992.00000000	-0.38112405	0.04976852	-0.56320984
7317992.00000000	-0.44720532	0.05637695	-0.50895117
7312992.00000000	-0.50690298	0.06145676	-0.44652454
7307992.00000000	-0.55939307	0.06499292	-0.37640118
7302992.00000000	-0.60193768	0.06698480	-0.30320313
7297992.00000000	-0.63586084	0.06780978	-0.22558511
7292992.00000000	-0.66001337	0.06777609	-0.14730865
7287992.00000000	-0.67506577	0.06726794	-0.06925882
7282992.00000000	-0.68152603	0.06679996	0.01143628
7277992.00000000	-0.67920493	0.06599222	0.09024307
7272992.00000000	-0.66776718	0.06487628	0.17039554
7267992.00000000	-0.64628003	0.06280630	0.25106873
7262992.00000000	-0.61525763	0.05984955	0.32797797
7257992.00000000	-0.57237582	0.05514777	0.40422495
7252992.00000000	-0.52096448	0.04873285	0.47300262
7247992.00000000	-0.46086584	0.04050641	0.53468771
7242992.00000000	-0.39312277	0.03118033	0.58848276
7237992.00000000	-0.32215030	0.02144128	0.63129388
7232992.00000000	-0.24624750	0.01145386	0.66507996
7227992.00000000	-0.17024561	0.00202823	0.68854861
7222992.00000000	-0.09367224	-0.00649368	0.70370123
7217992.00000000	-0.01461237	-0.01485117	0.71077927
7212992.00000000	0.06226086	-0.02243170	0.70959805
7207992.00000000	0.14139001	-0.03019397	0.69966733
7202992.00000000	0.21943735	-0.03776270	0.67981604
7197992.00000000	0.29427316	-0.04399060	0.64932126
7192992.00000000	0.36846869	-0.04856784	0.60535382
7187992.00000000	0.43511115	-0.05091562	0.55069635
7182992.00000000	0.49636725	-0.05145490	0.48360312
7177992.00000000	0.54968347	-0.05070831	0.40677151
7172992.00000000	0.59215530	-0.04936978	0.32631219
7167992.00000000	0.62652399	-0.04818524	0.23915591
7162992.00000000	0.65053494	-0.04732269	0.15305283
7157992.00000000	0.66566275	-0.04724002	0.06574435
7152992.00000000	0.67201413	-0.04829309	-0.02306094
7147992.00000000	0.66950424	-0.05038779	-0.10953149
7142992.00000000	0.65757312	-0.05344785	-0.19879428
7137992.00000000	0.63596588	-0.05653711	-0.28469232
7132992.00000000	0.60403870	-0.05927591	-0.36678500
7127992.00000000	0.56066330	-0.06019467	-0.44422806
7122992.00000000	0.50871985	-0.05820245	-0.51100378
7117992.00000000	0.44696347	-0.05272256	-0.56937894
7112992.00000000	0.37846649	-0.04425674	-0.61692865
7107992.00000000	0.30700858	-0.03408350	-0.65333109
7102992.00000000	0.23104312	-0.02281808	-0.68071002
7097992.00000000	0.15550757	-0.01177802	-0.69882211
7092992.00000000	0.07779074	-0.00071558	-0.70950580
7087992.00000000	-0.00034100	0.01005658	-0.71268576
7082992.00000000	-0.07680798	0.02046176	-0.70836301
7077992.00000000	-0.15591028	0.03095868	-0.69545807
7072992.00000000	-0.23163229	0.04052115	-0.67390024
7067992.00000000	-0.30535889	0.04849402	-0.64192059
7062992.00000000	-0.37685086	0.05409799	-0.59784586
7057992.00000000	-0.44111285	0.05657367	-0.54354419
7052992.00000000	-0.50005667	0.05631519	-0.47661850
7047992.00000000	-0.55004852	0.05436658	-0.40114697
7042992.00000000	-0.59041766	0.05153781	-0.31996295
7037992.00000000	-0.62193872	0.04882806	-0.23351154
7032992.00000000	-0.64348645	0.04676132	-0.14773215
7027992.00000000	-0.65657657	0.04572610	-0.05929285
7022992.00000000	-0.66088901	0.04595578	0.02882181
7017992.00000000	-0.65653934	0.04723236	0.11650861
7012992.00000000	-0.64274707	0.04956110	0.20611234
7007992.00000000	-0.61961578	0.05218555	0.29203531
7002992.00000000	-0.58561081	0.05446161	0.37631583
6997992.00000000	-0.54174835	0.05533304	0.45350317
6992992.00000000	-0.48874948	0.05384732	0.52130191
6987992.00000000	-0.42638611	0.04943362	0.57988144
6982992.00000000	-0.35941965	0.04257291	0.62597330
6977992.00000000	-0.28618033	0.03378738	0.66242194
6972992.00000000	-0.21042636	0.02421393	0.68870673
6967992.00000000	-0.13418198	0.01471469	0.70609387
6962992.00000000	-0.05525217	0.00483844	0.71607010
6957992.00000000	0.02266656	-0.00487143	0.71866168
6952992.00000000	0.10217767	-0.01536301	0.71357748
6947992.00000000	0.18247778	-0.02607849	0.69928607
6942992.00000000	0.25872623	-0.03656885	0.67604556
6937992.00000000	0.33443268	-0.04626132	0.64046045
6932992.00000000	0.40451105	-0.05402774	0.59322397
6927992.00000000	0.46819269	-0.05892749	0.53376630
6922992.00000000	0.52470850	-0.06099026	0.46201822
6917992.00000000	0.57061707	-0.06064825	0.38378955
6912992.00000000	0.60783142	-0.05902414	0.29827573
6907992.00000000	0.63512439	-0.05701434	0.21098425
6902992.00000000	0.65311087	-0.05572513	0.12350687
6897992.00000000	0.66287167	-0.05539453	0.03362088
6892992.00000000	0.66389816	-0.05607849	-0.05566650
6887992.00000000	0.65591403	-0.05765814	-0.14555612
6882992.00000000	0.63854364	-0.05995343	-0.23463373
6877992.00000000	0.61156689	-0.06225412	-0.31973355
6872992.00000000	0.57324182	-0.06387482	-0.40243500
6867992.00000000	0.52582068	-0.06390860	-0.47547101
6862992.00000000	0.46902795	-0.06173917	-0.53981732
6857992.00000000	0.40415335	-0.05661484	-0.59414978
6852992.00000000	0.33511484	-0.04912378	-0.63688150
6847992.00000000	0.26041025	-0.03955988	-0.67053821
6842992.00000000	0.18474667	-0.02921310	-0.69438657
6837992.00000000	0.10813120	-0.01845041	-0.71007886
6832992.00000000	0.03053839	-0.00739212	-0.71845044
6827992.00000000	-0.04644028	0.00383548	-0.71969495
6822992.00000000	-0.12536777	0.01582269	-0.71293320
6817992.00000000	-0.20512228	0.02844354	-0.69674341
6812992.00000000	-0.28287195	0.04063956	-0.67000452
6807992.00000000	-0.35778598	0.05130148	-0.63074393
6802992.00000000	-0.42626181	0.05886237	-0.57971820
6797992.00000000	-0.48858844	0.06312317	-0.51584683
6792992.00000000	-0.54140634	0.06435159	-0.44270078
6787992.00000000	-0.58441559	0.06354837	-0.36284048
6782992.00000000	-0.61841568	0.06183932	-0.27724802
6777992.00000000	-0.64269812	0.06006033	-0.19107681
6772992.00000000	-0.65817453	0.05900388	-0.10265668
6767992.00000000	-0.66489322	0.05914563	-0.01306186
6762992.00000000	-0.66289771	0.06059702	0.07489542
6757992.00000000	-0.65177148	0.06339001	0.16461215
6752992.00000000	-0.63123038	0.06702090	0.25242401
6747992.00000000	-0.60058612	0.07077240	0.33837915
6742992.00000000	-0.55938019	0.07350378	0.41999277
6737992.00000000	-0.50911401	0.07385785	0.49263541
6732992.00000000	-0.44943039	0.07066232	0.55687979
6727992.00000000	-0.38424838	0.06360367	0.60900882
6722992.00000000	-0.31448798	0.05340448	0.65040399
6717992.00000000	-0.23957129	0.04087564	0.68229977
6712992.00000000	-0.16540451	0.02807120	0.70445163
6707992.00000000	-0.08878357	0.01512012	0.71912033
6702992.00000000	-0.01164417	0.00231342	0.72643137
6697992.00000000	0.06514526	-0.01016208	0.72657980
6692992.00000000	0.14308054	-0.02263623	0.71886359
6687992.00000000	0.21851175	-0.03410269	0.70226312
6682992.00000000	0.29271872	-0.04409982	0.67472266
6677992.00000000	0.36236343	-0.05124081	0.63499591
6672992.00000000	0.42652780	-0.05473074	0.58255322
6667992.00000000	0.48446722	-0.05479184	0.51646133
6662992.00000000	0.53382962	-0.05293375	0.44054318
6657992.00000000	0.57465054	-0.05038712	0.35573816
6652992.00000000	0.60572458	-0.04828357	0.26728812
6647992.00000000	0.62753696	-0.04728720	0.17746848
6642992.00000000	0.64097629	-0.04778387	0.08507816
6637992.00000000	0.64573282	-0.04997180	-0.00558353
6632992.00000000	0.64212637	-0.05397375	-0.09736267
6627992.00000000	0.62977768	-0.05976651	-0.18965573
6622992.00000000	0.60842599	-0.06645038	-0.27951807
6617992.00000000	0.57708057	-0.07316577	-0.36743121
6612992.00000000	0.53662195	-0.07792120	-0.44765665
6607992.00000000	0.48663751	-0.07900079	-0.51938983
6602992.00000000	0.42822870	-0.07533377	-0.58002213
6597992.00000000	0.36481271	-0.06745779	-0.62791211
6592992.00000000	0.29491843	-0.05620886	-0.66555826
6587992.00000000	0.22300729	-0.04350693	-0.69303635
6582992.00000000	0.14885831	-0.03020364	-0.71225220
6577992.00000000	0.07271451	-0.01659418	-0.72432388
6572992.00000000	-0.00252103	-0.00323828	-0.72929337
6567992.00000000	-0.07926471	0.01067313	-0.72756082
6562992.00000000	-0.15611850	0.02474265	-0.71798441
6557992.00000000	-0.23155093	0.03884598	-0.69961475
6552992.00000000	-0.30680130	0.05222626	-0.67007089
6547992.00000000	-0.37705908	0.06315225	-0.62918292
6542992.00000000	-0.44298056	0.07062360	-0.57537860
6537992.00000000	-0.50161969	0.07430084	-0.50984677
6532992.00000000	-0.55125455	0.07487088	-0.43538617
6527992.00000000	-0.59229108	0.07356265	-0.35289359
6522992.00000000	-0.62304446	0.07165219	-0.26780130
6517992.00000000	-0.64485223	0.07011383	-0.17997055
6512992.00000000	-0.65780969	0.06994904	-0.09137930
6507992.00000000	-0.66238269	0.07101068	-0.00345950
6502992.00000000	-0.65845743	0.07324603	0.08740292
6497992.00000000	-0.64567331	0.07643604	0.17693158
6492992.00000000	-0.62351547	0.08008633	0.26501431
6487992.00000000	-0.59095404	0.08318716	0.35089319
6482992.00000000	-0.54862936	0.08468356	0.43010721
6477992.00000000	-0.49621509	0.08357834	0.50194775
6472992.00000000	-0.43606693	0.07912164	0.56334717
6467992.00000000	-0.36951996	0.07114844	0.61406781
6462992.00000000	-0.29764502	0.06039139	0.65427328
6457992.00000000	-0.22453519	0.04833804	0.68362808
6452992.00000000	-0.14895135	0.03564832	0.70456104
6447992.00000000	-0.07147614	0.02275360	0.71746439
6442992.00000000	0.00520618	0.00981052	0.72284360
6437992.00000000	0.08390762	-0.00387982	0.72028320
6432992.00000000	0.16132932	-0.01804135	0.70945486
6427992.00000000	0.23847058	-0.03285443	0.68857614
6422992.00000000	0.31341843	-0.04737311	0.65609769
6417992.00000000	0.38332855	-0.06015195	0.61181171
6412992.00000000	0.44856140	-0.07060648	0.55449155
6407992.00000000	0.50537775	-0.07798788	0.48719366
6402992.00000000	0.55355582	-0.08275137	0.41123355
6397992.00000000	0.59294122	-0.08561206	0.32806778
6392992.00000000	0.62205939	-0.08731760	0.24372247
6387992.00000000	0.64260214	-0.08895605	0.15591794
6382992.00000000	0.65401541	-0.09129578	0.06897897
6377992.00000000	0.65708163	-0.09478165	-0.01812112
6372992.00000000	0.65143567	-0.09965799	-0.10753455
6367992.00000000	0.63711734	-0.10527460	-0.19432919
6362992.00000000	0.61313538	-0.11081427	-0.28171515
6357992.00000000	0.57917410	-0.11448459	-0.36617950
6352992.00000000	0.53689902	-0.11474573	-0.44266101
6347992.00000000	0.48437708	-0.11024387	-0.51339029
6342992.00000000	0.42590445	-0.10090927	-0.57216849
6337992.00000000	0.36031976	-0.08718552	-0.62103781
6332992.00000000	0.29051080	-0.07083041	-0.65884808
6327992.00000000	0.21891904	-0.05395340	-0.68587775
6322992.00000000	0.14365015	-0.03667578	-0.70493878
6317992.00000000	0.06881537	-0.02021060	-0.71586292
6312992.00000000	-0.00723679	-0.00379922	-0.71938751
6307992.00000000	-0.08452719	0.01299402	-0.71543320
6302992.00000000	-0.16036581	0.02977313	-0.70309659
6297992.00000000	-0.23781396	0.04724152	-0.68026913
6292992.00000000	-0.31163452	0.06347699	-0.64636234
6287992.00000000	-0.38148407	0.07746405	-0.60022107
6282992.00000000	-0.44662079	0.08820038	-0.54091513
6277992.00000000	-0.50310471	0.09511420	-0.47213062
6272992.00000000	-0.55183081	0.09886996	-0.39352124
6267992.00000000	-0.59052957	0.10012112	-0.30997556
6262992.00000000	-0.61932605	0.10025226	-0.22416730
6257992.00000000	-0.63920587	0.10032037	-0.13534253
6252992.00000000	-0.64984024	0.10107462	-0.04800049
6247992.00000000	-0.65212170	0.10298264	0.04115692
6242992.00000000	-0.64569766	0.10597263	0.13111011
6237992.00000000	-0.63046078	0.10929730	0.21982196
6232992.00000000	-0.60525937	0.11198364	0.30915207
6227992.00000000	-0.57091330	0.11240323	0.39285461
6222992.00000000	-0.52664319	0.10948032	0.47059006
6217992.00000000	-0.47284949	0.10237411	0.53959460
6212992.00000000	-0.41279419	0.09169214	0.59618774
6207992.00000000	-0.34572156	0.07794901	0.64222229
6202992.00000000	-0.27517593	0.06298505	0.67682733
6197992.00000000	-0.20183548	0.04794266	0.70159106
6192992.00000000	-0.12565411	0.03309451	0.71817438
6187992.00000000	-0.04992645	0.01900974	0.72684338
6182992.00000000	0.02830484	0.00453552	0.72800452
6177992.00000000	0.10632785	-0.01048196	0.72123410
6172992.00000000	0.18319455	-0.02622778	0.70567346
6167992.00000000	0.26050378	-0.04303589	0.67883536
6162992.00000000	0.33382086	-0.05922546	0.64032724
6157992.00000000	0.40432874	-0.07394122	0.58820288
6152992.00000000	0.46793399	-0.08547421	0.52429004
6147992.00000000	0.52236429	-0.09323050	0.45238440
6142992.00000000	0.56883258	-0.09790817	0.37209558
6137992.00000000	0.60505862	-0.10025519	0.28954202
6132992.00000000	0.63240030	-0.10159824	0.20361890
6127992.00000000	0.65040115	-0.10287781	0.11731702
6122992.00000000	0.65950192	-0.10488770	0.03195929
6117992.00000000	0.65992789	-0.10786188	-0.05587610
6112992.00000000	0.65142258	-0.11146085	-0.14214157
6107992.00000000	0.63313568	-0.11492703	-0.22851962
6102992.00000000	0.60424881	-0.11727884	-0.31360474
6097992.00000000	0.56587839	-0.11685083	-0.39177533
6092992.00000000	0.51632635	-0.11273260	-0.46552274
6087992.00000000	0.45880936	-0.10476431	-0.52952234
6082992.00000000	0.39483206	-0.09300281	-0.58379883
6077992.00000000	0.32451654	-0.07803378	-0.62852341
6072992.00000000	0.25281979	-0.06186093	-0.66236606
6067992.00000000	0.17783240	-0.04505060	-0.68757526
6062992.00000000	0.10298706	-0.02909442	-0.70421545
6057992.00000000	0.02827109	-0.01375610	-0.71335641
6052992.00000000	-0.04843042	0.00181238	-0.71493341
6047992.00000000	-0.12312943	0.01734610	-0.70852628
6042992.00000000	-0.19766602	0.03301389	-0.69264810
6037992.00000000	-0.27013348	0.04804169	-0.66567682
6032992.00000000	-0.33866406	0.06094427	-0.62712564
6027992.00000000	-0.40467435	0.07112567	-0.57473956
6022992.00000000	-0.46318469	0.07740927	-0.51254623
6017992.00000000	-0.51545395	0.08073474	-0.44036835
6012992.00000000	-0.56020728	0.08190250	-0.36009201
6007992.00000000	-0.59511380	0.08200760	-0.27793710
6002992.00000000	-0.62212671	0.08199841	-0.19160114
5997992.00000000	-0.64010559	0.08270319	-0.10577396
5992992.00000000	-0.64999194	0.08458884	-0.01890781
5987992.00000000	-0.65174271	0.08804285	0.07021582
5982992.00000000	-0.64507132	0.09259070	0.15761050
5977992.00000000	-0.62924820	0.09781726	0.24778479
5972992.00000000	-0.60390402	0.10215234	0.33507184
5967992.00000000	-0.56876752	0.10412680	0.41769324
5962992.00000000	-0.52300284	0.10226624	0.49396057
5957992.00000000	-0.46945966	0.09592163	0.55817816
5952992.00000000	-0.40698514	0.08548141	0.61181793
5947992.00000000	-0.33912155	0.07226633	0.65297513
5942992.00000000	-0.26767603	0.05791214	0.68289899
5937992.00000000	-0.19245767	0.04300687	0.70371790
5932992.00000000	-0.11729221	0.02839514	0.71592719
5927992.00000000	-0.04035101	0.01349741	0.72072491
5922992.00000000	0.03687079	-0.00177719	0.71770334
5917992.00000000	0.11286536	-0.01738641	0.70645636
5912992.00000000	0.19100070	-0.03391968	0.68472299
5907992.00000000	0.26580756	-0.04968948	0.65215057
5902992.00000000	0.33817175	-0.06396481	0.60712006
5897992.00000000	0.40650851	-0.07529562	0.54950476
5892992.00000000	0.46688123	-0.08291928	0.48285181
5887992.00000000	0.52055222	-0.08736960	0.40632156
5882992.00000000	0.56409546	-0.08929218	0.32587805
5877992.00000000	0.59812173	-0.08992719	0.24282504
5872992.00000000	0.62336630	-0.09029861	0.15693533
5867992.00000000	0.63926917	-0.09124612	0.07252740
5862992.00000000	0.64706442	-0.09319305	-0.01477240
5857992.00000000	0.64634152	-0.09605603	-0.10190274
5852992.00000000	0.63707443	-0.09936603	-0.18894998
5847992.00000000	0.61818121	-0.10222623	-0.27701926
5842992.00000000	0.59024966	-0.10337689	-0.36028735
5837992.00000000	0.55187711	-0.10168765	-0.43941998
5832992.00000000	0.50469684	-0.09645679	-0.50958640
5827992.00000000	0.44971921	-0.08760956	-0.56961111
5822992.00000000	0.38687189	-0.07532840	-0.61977353
5817992.00000000	0.32034015	-0.06149899	-0.65823123
5812992.00000000	0.24994815	-0.04683218	-0.68744235
5807992.00000000	0.17618677	-0.03212085	-0.70801886
5802992.00000000	0.10246323	-0.01776346	-0.72084662
5797992.00000000	0.02602350	-0.00295999	-0.72672244
5792992.00000000	-0.04982938	0.01209470	-0.72504880
5787992.00000000	-0.12588647	0.02788614	-0.71522382
5782992.00000000	-0.20283868	0.04452341	-0.69525223
5777992.00000000	-0.27677930	0.06048132	-0.66460507
5772992.00000000	-0.34945105	0.07512634	-0.62078760
5767992.00000000	-0.41613791	0.08653885	-0.56605545
5762992.00000000	-0.47680493	0.09449274	-0.50033328
5757992.00000000	-0.53041644	0.09899588	-0.42498047
5752992.00000000	-0.57387741	0.10078824	-0.34593576
5747992.00000000	-0.60871677	0.10105826	-0.26243759
5742992.00000000	-0.63421469	0.10108102	-0.17787149
5737992.00000000	-0.65087616	0.10159595	-0.09351852
5732992.00000000	-0.65944952	0.10315494	-0.00651575
5727992.00000000	-0.65960648	0.10549179	0.07926285
5722992.00000000	-0.65109543	0.10810806	0.16681183
5717992.00000000	-0.63329236	0.10980780	0.25395755
5712992.00000000	-0.60591519	0.10935767	0.33747729
5707992.00000000	-0.56747385	0.10552612	0.41790302
5702992.00000000	-0.52021848	0.09791837	0.48849753
5697992.00000000	-0.46402481	0.08650565	0.54992606
5692992.00000000	-0.39945084	0.07205954	0.60121133
5687992.00000000	-0.33137546	0.05687061	0.64038754
5682992.00000000	-0.25756424	0.04105222	0.67101324
5677992.00000000	-0.18371600	0.02631729	0.69244305
5672992.00000000	-0.10782306	0.01214368	0.70651471
5667992.00000000	-0.02952869	-0.00204611	0.71364459
5662992.00000000	0.04694296	-0.01615533	0.71334357
5657992.00000000	0.12606033	-0.03119754	0.70448108
5652992.00000000	0.20372968	-0.04643735	0.68593991
5647992.00000000	0.27871881	-0.06094275	0.65660025
5642992.00000000	0.35151111	-0.07402921	0.61446680
5637992.00000000	0.41715283	-0.08446228	0.56168347
5632992.00000000	0.47671902	-0.09258771	0.49712244
5627992.00000000	0.52702908	-0.09835791	0.42420029
5622992.00000000	0.56772318	-0.10202542	0.34574472
5617992.00000000	0.60004611	-0.10440390	0.26149472
5612992.00000000	0.62279044	-0.10629407	0.17738727
5607992.00000000	0.63738074	-0.10861069	0.09137546
5602992.00000000	0.64381714	-0.11191348	0.00460922
5597992.00000000	0.64218875	-0.11615768	-0.08114697
5592992.00000000	0.63197833	-0.12105377	-0.16987762
5587992.00000000	0.61334222	-0.12515399	-0.25703455
5582992.00000000	0.58578467	-0.12699454	-0.34226456
5577992.00000000	0.54860623	-0.12494464	-0.42419217
5572992.00000000	0.50381198	-0.11811896	-0.49656320
5567992.00000000	0.44940762	-0.10631735	-0.56103082
5562992.00000000	0.38909109	-0.09109198	-0.61239923
5557992.00000000	0.32359027	-0.07414862	-0.65188409
5552992.00000000	0.25256604	-0.05656107	-0.68116904
5547992.00000000	0.18093411	-0.04001056	-0.70028299
5542992.00000000	0.10549304	-0.02343130	-0.71158798
5537992.00000000	0.02976804	-0.00697998	-0.71511938
5532992.00000000	-0.04679276	0.01041351	-0.71084644
5527992.00000000	-0.12536932	0.02971606	-0.69720392
5522992.00000000	-0.20195590	0.05042368	-0.67383917
5517992.00000000	-0.27759079	0.07215479	-0.63844510
5512992.00000000	-0.34942087	0.09322205	-0.59089392
5507992.00000000	-0.41426855	0.11132892	-0.53323965
5502992.00000000	-0.47310559	0.12587442	-0.46466135
5497992.00000000	-0.52154462	0.13548837	-0.39142694
5492992.00000000	-0.56068796	0.14110364	-0.31448782
5487992.00000000	-0.59065732	0.14386313	-0.23487372
5482992.00000000	-0.61074039	0.14504904	-0.15706696
5477992.00000000	-0.62275339	0.14569080	-0.07559357
5472992.00000000	-0.62576498	0.14615305	0.00532825
5467992.00000000	-0.61997446	0.14618945	0.08704480
5462992.00000000	-0.60454001	0.14472510	0.17213232
5457992.00000000	-0.57995956	0.14057098	0.25467230
5452992.00000000	-0.54474802	0.13255521	0.33796411
5447992.00000000	-0.50028107	0.12017279	0.41641937
5442992.00000000	-0.44829163	0.10399692	0.48707843
5437992.00000000	-0.38745047	0.08402631	0.55078613
5432992.00000000	-0.32327542	0.06370456	0.60243896
5427992.00000000	-0.25321692	0.04222742	0.64442465
5422992.00000000	-0.18115097	0.02222394	0.67595108
5417992.00000000	-0.10880646	0.00406488	0.69836392
5412992.00000000	-0.03319864	-0.01352826	0.71369690
5407992.00000000	0.04094162	-0.03022217	0.72111404
5402992.00000000	0.11641446	-0.04728369	0.72047183
5397992.00000000	0.19125867	-0.06467917	0.71034714
5392992.00000000	0.26304477	-0.08133759	0.68954715
5387992.00000000	0.33355197	-0.09650415	0.65541779
5382992.00000000	0.39806061	-0.10773865	0.60911639
5377992.00000000	0.45692380	-0.11445828	0.55039554
5372992.00000000	0.50970056	-0.11665829	0.47953195
5367992.00000000	0.55257501	-0.11546069	0.40361557
5362992.00000000	0.58841864	-0.11235193	0.31997531
5357992.00000000	0.61502969	-0.10909940	0.23526407
5352992.00000000	0.63342914	-0.10682275	0.14932062
5347992.00000000	0.64412643	-0.10600403	0.05983362
5342992.00000000	0.64653430	-0.10660281	-0.02797470
5337992.00000000	0.64062579	-0.10818344	-0.11963254
5332992.00000000	0.62575327	-0.10983231	-0.21120609
5327992.00000000	0.60193015	-0.11032922	-0.29983545
5322992.00000000	0.56718958	-0.10824139	-0.38737622
5317992.00000000	0.52395264	-0.10304245	-0.46454816
5312992.00000000	0.47131723	-0.09399884	-0.53268491
5307992.00000000	0.41115701	-0.08138336	-0.58847726
5302992.00000000	0.34672321	-0.06667783	-0.63119925
5297992.00000000	0.27579160	-0.05037592	-0.66389432
5292992.00000000	0.20420007	-0.03434445	-0.68592175
5287992.00000000	0.13043637	-0.01822339	-0.69972345
5282992.00000000	0.05419183	-0.00154254	-0.70580612
5277992.00000000	-0.02050003	0.01532346	-0.70400861
5272992.00000000	-0.09829694	0.03393222	-0.69356003
5267992.00000000	-0.17432495	0.05314413	-0.67362915
5262992.00000000	-0.24891699	0.07241794	-0.64308496
5257992.00000000	-0.32232358	0.09068729	-0.60099890
5252992.00000000	-0.38915271	0.10618906	-0.55036676
5247992.00000000	-0.45147952	0.11901083	-0.48974533
5242992.00000000	-0.50558456	0.12843033	-0.42268045
5237992.00000000	-0.55005664	0.13447244	-0.35166953
5232992.00000000	-0.58625571	0.13796518	-0.27584320
5227992.00000000	-0.61246814	0.13949332	-0.20051288
5222992.00000000	-0.63059921	0.14011374	-0.12244888
5217992.00000000	-0.64022198	0.14044879	-0.04394070
5212992.00000000	-0.64160956	0.14041669	0.03582489
5207992.00000000	-0.63436340	0.13948425	0.11841971
5202992.00000000	-0.61836838	0.13699066	0.20089297
5197992.00000000	-0.59292630	0.13123618	0.28384674
5192992.00000000	-0.55761841	0.12147412	0.36531250
5187992.00000000	-0.51422354	0.10824063	0.43965607
5182992.00000000	-0.46080533	0.09090292	0.50857126
5177992.00000000	-0.40183737	0.07168613	0.56632941
5172992.00000000	-0.33734341	0.05157065	0.61384677
5167992.00000000	-0.26761359	0.03166681	0.65189288
5162992.00000000	-0.19853357	0.01399774	0.67919800
5157992.00000000	-0.12527237	-0.00324677	0.69936060
5152992.00000000	-0.05177036	-0.01966840	0.71171939
5147992.00000000	0.02125983	-0.03568967	0.71645517
5142992.00000000	0.09893652	-0.05307883	0.71257379
5137992.00000000	0.17299478	-0.06998044	0.69890359
5132992.00000000	0.24677994	-0.08690363	0.67392944
5127992.00000000	0.31949695	-0.10222351	0.63567868
5122992.00000000	0.38523260	-0.11440976	0.58621317
5117992.00000000	0.44668265	-0.12335095	0.52361191
5112992.00000000	0.50108762	-0.12822025	0.45154941
5107992.00000000	0.54578622	-0.13004199	0.37301715
5102992.00000000	0.58269177	-0.12966342	0.28849948
5097992.00000000	0.60979843	-0.12853448	0.20343008
5092992.00000000	0.62810016	-0.12784152	0.11642245
5087992.00000000	0.63775919	-0.12835248	0.03018860
5082992.00000000	0.63926297	-0.12976376	-0.05810544
5077992.00000000	0.63204117	-0.13147269	-0.14790631
5072992.00000000	0.61611691	-0.13208960	-0.23598721
5067992.00000000	0.59018683	-0.12991919	-0.32414252
5062992.00000000	0.55504797	-0.12369214	-0.40612921
5057992.00000000	0.51027975	-0.11270865	-0.48086920
5052992.00000000	0.45637137	-0.09736542	-0.54638412
5047992.00000000	0.39683682	-0.07900079	-0.59867993
5042992.00000000	0.33001749	-0.05856235	-0.64058377
5037992.00000000	0.26102042	-0.03873938	-0.67101416
5032992.00000000	0.18925616	-0.01960593	-0.69257928
5027992.00000000	0.11464368	-0.00072150	-0.70641705
5022992.00000000	0.04127277	0.01747656	-0.71245505
5017992.00000000	-0.03482230	0.03665070	-0.71092078
5012992.00000000	-0.11071713	0.05662424	-0.70052328
5007992.00000000	-0.18620435	0.07708612	-0.67960602
5002992.00000000	-0.26190186	0.09700735	-0.64579330
4997992.00000000	-0.33267847	0.11401212	-0.60036154
4992992.00000000	-0.40049451	0.12742728	-0.54144348
4987992.00000000	-0.46129700	0.13648972	-0.47220709
4982992.00000000	-0.51311972	0.14088544	-0.39684323
4977992.00000000	-0.55707852	0.14221912	-0.31485416
4972992.00000000	-0.59067392	0.14193723	-0.23259119
4967992.00000000	-0.61565463	0.14160831	-0.14820932
4962992.00000000	-0.63201523	0.14186673	-0.06244958
4957992.00000000	-0.63995209	0.14292767	0.02247037
4952992.00000000	-0.63968671	0.14401849	0.11105618
4947992.00000000	-0.63066599	0.14417615	0.19926089
4942992.00000000	-0.61237161	0.14178119	0.28678653
4937992.00000000	-0.58384912	0.13537668	0.37193823
4932992.00000000	-0.54628830	0.12463577	0.44827332
4927992.00000000	-0.49776566	0.10930374	0.51757748
4922992.00000000	-0.44164886	0.09107483	0.57457703
4917992.00000000	-0.37928375	0.07163330	0.61994113
4912992.00000000	-0.31025058	0.05158374	0.65560898
4907992.00000000	-0.24010242	0.03299686	0.68100284
4902992.00000000	-0.16580740	0.01458350	0.69905765
4897992.00000000	-0.09138034	-0.00339270	0.70932843
4892992.00000000	-0.01648517	-0.02194495	0.71217664
4887992.00000000	0.06130142	-0.04268741	0.70698569
4882992.00000000	0.13720584	-0.06479944	0.69231836
4877992.00000000	0.21442252	-0.08877121	0.66610223
4872992.00000000	0.28965277	-0.11246518	0.62755609
4867992.00000000	0.36023383	-0.13353226	0.57793671
4862992.00000000	0.42749811	-0.15158932	0.51663943
4857992.00000000	0.48623697	-0.16425696	0.44875006
4852992.00000000	0.53999554	-0.17356662	0.37122821
4847992.00000000	0.58044876	-0.17745370	0.29464713
4842992.00000000	0.61090079	-0.17890231	0.21864941
4837992.00000000	0.63311307	-0.17917108	0.14023740
4832992.00000000	0.64637543	-0.17921808	0.06227347
4827992.00000000	0.65131412	-0.17873190	-0.01701678
4822992.00000000	0.64753168	-0.17737445	-0.09868616
4817992.00000000	0.63491122	-0.17382788	-0.17939847
4812992.00000000	0.61232880	-0.16686169	-0.26167020
4807992.00000000	0.58018692	-0.15591611	-0.34060141
4802992.00000000	0.53859598	-0.14067249	-0.41498389
4797992.00000000	0.48723383	-0.12115732	-0.48411148
4792992.00000000	0.42985992	-0.09936929	-0.54347336
4787992.00000000	0.36489276	-0.07425418	-0.59430048
4782992.00000000	0.29616510	-0.05082758	-0.63401715
4777992.00000000	0.22567471	-0.02927042	-0.66331479
4772992.00000000	0.15142984	-0.00861411	-0.68408646
4767992.00000000	0.07832803	0.01034973	-0.69635495
4762992.00000000	0.00248633	0.02964145	-0.70118665
4757992.00000000	-0.07360773	0.05012592	-0.69758246
4752992.00000000	-0.14831894	0.07198911	-0.68477530
4747992.00000000	-0.22442395	0.09613669	-0.66031403
4742992.00000000	-0.29625662	0.11983215	-0.62455353
4737992.00000000	-0.36554623	0.14209766	-0.57592191
4732992.00000000	-0.42970929	0.16062601	-0.51590314
4727992.00000000	-0.48564203	0.17360663	-0.44841919
4722992.00000000	-0.53504987	0.18151401	-0.37301675
4717992.00000000	-0.57442755	0.18471518	-0.29609464
4712992.00000000	-0.60457770	0.18527826	-0.21823953
4707992.00000000	-0.62629715	0.18443167	-0.13825101
4702992.00000000	-0.63893051	0.18320120	-0.05955692
4697992.00000000	-0.64345755	0.18175192	0.02317523
4692992.00000000	-0.63926004	0.17929623	0.10677536
4687992.00000000	-0.62609317	0.17465985	0.19165536
4682992.00000000	-0.60255206	0.16574576	0.27978687
4677992.00000000	-0.57004849	0.15203204	0.36253842
4672992.00000000	-0.52649802	0.13259457	0.44198804
4667992.00000000	-0.47456409	0.10937213	0.51142401
4662992.00000000	-0.41528574	0.08440463	0.56926822
4657992.00000000	-0.34814651	0.05881485	0.61661176
4652992.00000000	-0.27884995	0.03568018	0.65144116
4647992.00000000	-0.20531314	0.01441470	0.67732922
4642992.00000000	-0.12972681	-0.00533121	0.69445212
4637992.00000000	-0.05508734	-0.02420917	0.70364056
4632992.00000000	0.02265613	-0.04425699	0.70500574
4627992.00000000	0.09909036	-0.06510535	0.69731451
4622992.00000000	0.17627139	-0.08790326	0.67908768
4617992.00000000	0.25243097	-0.11156357	0.64832037
4612992.00000000	0.32415152	-0.13349930	0.60567981
4607992.00000000	0.39282492	-0.15281647	0.54967053
4602992.00000000	0.45334445	-0.16702121	0.48503693
4597992.00000000	0.50592761	-0.17617001	0.41356934
4592992.00000000	0.55008298	-0.18069992	0.33701932
4587992.00000000	0.58393167	-0.18198718	0.26110156
4582992.00000000	0.60965347	-0.18181619	0.18251224
4577992.00000000	0.62667749	-0.18104272	0.10402295
4572992.00000000	0.63572229	-0.18022577	0.02541931
4567992.00000000	0.63696030	-0.17898242	-0.05661633
4562992.00000000	0.63009872	-0.17623380	-0.13812402
4557992.00000000	0.61441498	-0.17029535	-0.22247769
4552992.00000000	0.58951779	-0.16023999	-0.30562189
4547992.00000000	0.55576135	-0.14533087	-0.38375198
4542992.00000000	0.51235730	-0.12569095	-0.45718509
4537992.00000000	0.46158420	-0.10286017	-0.52072931
4532992.00000000	0.40305734	-0.07760931	-0.57485776
4527992.00000000	0.33851898	-0.05208829	-0.61836359
4522992.00000000	0.27123782	-0.02837701	-0.65093149
4517992.00000000	0.19929041	-0.00574896	-0.67535788
4512992.00000000	0.12636328	0.01545651	-0.69146637
4507992.00000000	0.05198865	0.03655688	-0.70015918
4502992.00000000	-0.02494525	0.05925156	-0.70099359
4497992.00000000	-0.10043900	0.08315610	-0.69271872
4492992.00000000	-0.17806961	0.10953214	-0.67320529
4487992.00000000	-0.25346927	0.13583908	-0.64164005
4482992.00000000	-0.32564648	0.15971667	-0.59729715
4477992.00000000	-0.39559146	0.17964590	-0.53919537
4472992.00000000	-0.45621921	0.19270953	-0.47423416
4467992.00000000	-0.51045639	0.19977039	-0.40118054
4462992.00000000	-0.55471060	0.20177579	-0.32597433
4457992.00000000	-0.58904865	0.20075797	-0.25059570
4452992.00000000	-0.61528558	0.19843103	-0.17229150
4447992.00000000	-0.63208804	0.19599274	-0.09554626
4442992.00000000	-0.64096002	0.19346487	-0.01544836
4437992.00000000	-0.64126541	0.19025214	0.06628299
4432992.00000000	-0.63296222	0.18529059	0.14819278
4427992.00000000	-0.61496899	0.17699707	0.23344989
4422992.00000000	-0.58779480	0.16450378	0.31580658
4417992.00000000	-0.55079272	0.14720090	0.39500507
4412992.00000000	-0.50467828	0.12530902	0.46843625
4407992.00000000	-0.45138705	0.09997763	0.53245944
4402992.00000000	-0.39009021	0.07201196	0.58703867
4397992.00000000	-0.32419507	0.04457596	0.62956226
4392992.00000000	-0.25556378	0.01940170	0.66124750
4387992.00000000	-0.18255502	-0.00418021	0.68431329
4382992.00000000	-0.11044711	-0.02542908	0.69873950
4377992.00000000	-0.03502374	-0.04672977	0.70584573
4372992.00000000	0.04080853	-0.06846854	0.70456650
4367992.00000000	0.11642865	-0.09098849	0.69441159
4362992.00000000	0.19386063	-0.11449283	0.67259799
4357992.00000000	0.26784335	-0.13629739	0.63991544
4352992.00000000	0.33958826	-0.15537857	0.59552197
4347992.00000000	0.40710583	-0.17024124	0.54056998
4342992.00000000	0.46631857	-0.18001892	0.47896149
4337992.00000000	0.51943463	-0.18530090	0.40901706
4332992.00000000	0.56248813	-0.18632288	0.33702927
4327992.00000000	0.59674979	-0.18458847	0.26257626
4322992.00000000	0.62249780	-0.18167801	0.18617905
4317992.00000000	0.63928937	-0.17875430	0.11071841
4312992.00000000	0.64819452	-0.17595285	0.03153098
4307992.00000000	0.64862946	-0.17307974	-0.04839337
4302992.00000000	0.64039551	-0.16904581	-0.12919696
4297992.00000000	0.62256613	-0.16227731	-0.21302951
4292992.00000000	0.59532883	-0.15184338	-0.29419391
4287992.00000000	0.55721133	-0.13674173	-0.37422873
4282992.00000000	0.50952319	-0.11757846	-0.44826602
4277992.00000000	0.45408844	-0.09545602	-0.51318463
4272992.00000000	0.39020807	-0.07100125	-0.56943301
4267992.00000000	0.32290494	-0.04737573	-0.61341498
4262992.00000000	0.25077426	-0.02499234	-0.64796890
4257992.00000000	0.17655182	-0.00461371	-0.67307471
4252992.00000000	0.10243680	0.01416718	-0.68977658
4247992.00000000	0.02570639	0.03282104	-0.69910895
4242992.00000000	-0.05025873	0.05152682	-0.70022079
4237992.00000000	-0.12745535	0.07137262	-0.69238882
4232992.00000000	-0.20485544	0.09209305	-0.67359741
4227992.00000000	-0.27837640	0.11170053	-0.64357248
4222992.00000000	-0.34960336	0.12958774	-0.60086526
4217992.00000000	-0.41515686	0.14368787	-0.54694092
4212992.00000000	-0.47384705	0.15362772	-0.48364972
4207992.00000000	-0.52485745	0.15901840	-0.41262485
4202992.00000000	-0.56621805	0.16052158	-0.33891998
4197992.00000000	-0.59943295	0.15940421	-0.26182172
4192992.00000000	-0.62396680	0.15705225	-0.18376620
4187992.00000000	-0.64000687	0.15449188	-0.10618799
4182992.00000000	-0.64827155	0.15215891	-0.02563766
4177992.00000000	-0.64835931	0.14975110	0.05462958
4172992.00000000	-0.63997855	0.14644281	0.13814954
4167992.00000000	-0.62250302	0.14094244	0.22252515
4162992.00000000	-0.59595123	0.13217056	0.30535547
4157992.00000000	-0.55873544	0.11893600	0.38805890
4152992.00000000	-0.51332651	0.10195987	0.46279877
4147992.00000000	-0.45922812	0.08141516	0.53028735
4142992.00000000	-0.39828107	0.05948624	0.58800616
4137992.00000000	-0.33302542	0.03827866	0.63473938
4132992.00000000	-0.26214182	0.01814578	0.67327994
4127992.00000000	-0.19049628	0.00046634	0.70275656
4122992.00000000	-0.11549353	-0.01565421	0.72564883
4117992.00000000	-0.03724619	-0.03068640	0.74216122
4112992.00000000	0.04322412	-0.04498477	0.75141382
4107992.00000000	0.12853973	-0.05876172	0.75255753
4102992.00000000	0.21730630	-0.07197507	0.74332562
4097992.00000000	0.30964661	-0.08373010	0.72140616
4092992.00000000	0.40541559	-0.09410349	0.68402979
4087992.00000000	0.49689474	-0.10195453	0.63192627
4082992.00000000	0.58211099	-0.10864243	0.56394177
4077992.00000000	0.65372275	-0.11267477	0.48456668
4072992.00000000	0.70953784	-0.11473431	0.39894846
4067992.00000000	0.75182138	-0.11537805	0.30793384
4062992.00000000	0.78054657	-0.11651920	0.21685794
4057992.00000000	0.79808813	-0.11895557	0.12295276
4052992.00000000	0.80387488	-0.12321689	0.02756931
4047992.00000000	0.79747141	-0.12875400	-0.06950574
4042992.00000000	0.77631934	-0.13449609	-0.17102499
4037992.00000000	0.73986115	-0.13778458	-0.26993906
4032992.00000000	0.68733630	-0.13609100	-0.36657281
4027992.00000000	0.62211240	-0.12702469	-0.45418286
4022992.00000000	0.55062860	-0.11096112	-0.52747797
4017992.00000000	0.47372284	-0.08974231	-0.58815994
4012992.00000000	0.39702762	-0.06658786	-0.63371524
4007992.00000000	0.32025012	-0.04429654	-0.66734048
4002992.00000000	0.24271725	-0.02289145	-0.69123880
3997992.00000000	0.16660486	-0.00299826	-0.70647009
3992992.00000000	0.08924152	0.01654562	-0.71441504
3987992.00000000	0.01212259	0.03612402	-0.71460703
3982992.00000000	-0.06547888	0.05666476	-0.70660403
3977992.00000000	-0.14405606	0.07845682	-0.68857941
3972992.00000000	-0.22047388	0.09975711	-0.65997287
3967992.00000000	-0.29627948	0.11993985	-0.61903391
3962992.00000000	-0.36746777	0.13662714	-0.56768326
3957992.00000000	-0.43210608	0.14903497	-0.50779846
3952992.00000000	-0.49020139	0.15720340	-0.44004272
3947992.00000000	-0.53904236	0.16120810	-0.36828961
3942992.00000000	-0.57934891	0.16202066	-0.29269986
3937992.00000000	-0.61045773	0.16088910	-0.21585492
3932992.00000000	-0.63261935	0.15897046	-0.13892188
3927992.00000000	-0.64699771	0.15668030	-0.05889548
3922992.00000000	-0.65298203	0.15383945	0.02122052
3917992.00000000	-0.65051794	0.14952972	0.10418887
3912992.00000000	-0.63852600	0.14224036	0.18969070
3907992.00000000	-0.61706143	0.13085107	0.27271475
3902992.00000000	-0.58459085	0.11450659	0.35429648
3897992.00000000	-0.54253839	0.09438300	0.42864081
3892992.00000000	-0.49130133	0.07176013	0.49449857
3887992.00000000	-0.43197928	0.04815588	0.55055905
3882992.00000000	-0.36801666	0.02569110	0.59479364
3877992.00000000	-0.29861530	0.00499246	0.63000293
3872992.00000000	-0.22807007	-0.01294611	0.65531387
3867992.00000000	-0.15565585	-0.02970792	0.67279218
3862992.00000000	-0.08078098	-0.04627783	0.68279407
3857992.00000000	-0.00605051	-0.06289139	0.68481662
3852992.00000000	0.07055051	-0.08057434	0.67827005
3847992.00000000	0.14648090	-0.09831345	0.66204984
3842992.00000000	0.22121854	-0.11567426	0.63552631
3837992.00000000	0.29475818	-0.13128427	0.59798450
3832992.00000000	0.36321298	-0.14372546	0.55140118
3827992.00000000	0.42706680	-0.15283267	0.49553497
3822992.00000000	0.48382700	-0.15757962	0.43280783
3817992.00000000	0.53234943	-0.15842014	0.36524994
3812992.00000000	0.57298889	-0.15606967	0.29319119
3807992.00000000	0.60419214	-0.15209021	0.22017487
3802992.00000000	0.62705670	-0.14747098	0.14501099
3797992.00000000	0.64157700	-0.14266797	0.06799738
3792992.00000000	0.64743524	-0.13778918	-0.00952390
3787992.00000000	0.64461160	-0.13191870	-0.09066382
3782992.00000000	0.63259174	-0.12442987	-0.17175449
3777992.00000000	0.61051459	-0.11406952	-0.25342694
3772992.00000000	0.57767242	-0.10029083	-0.33395486
3767992.00000000	0.53564236	-0.08345322	-0.40785986
3762992.00000000	0.48292209	-0.06373581	-0.47646872
3757992.00000000	0.42316565	-0.04312402	-0.53422888
3752992.00000000	0.35749615	-0.02298984	-0.58155511
3747992.00000000	0.28660654	-0.00412338	-0.61925269
3742992.00000000	0.21377823	0.01303455	-0.64725076
3737992.00000000	0.13799149	0.02898218	-0.66711606
3732992.00000000	0.06123334	0.04423343	-0.67903564
3727992.00000000	-0.01633304	0.05938907	-0.68295901
3722992.00000000	-0.09631534	0.07576434	-0.67792172
3717992.00000000	-0.17408121	0.09189862	-0.66300421
3712992.00000000	-0.25227023	0.10808163	-0.63627597
3707992.00000000	-0.32707285	0.12276691	-0.59733862
3702992.00000000	-0.39602164	0.13437436	-0.54683734
3697992.00000000	-0.45911722	0.14225049	-0.48521014
3692992.00000000	-0.51289316	0.14581720	-0.41720294
3687992.00000000	-0.55806848	0.14585181	-0.34344934
3682992.00000000	-0.59347946	0.14368378	-0.26738913
3677992.00000000	-0.61966260	0.14032635	-0.19080887
3672992.00000000	-0.63755463	0.13655969	-0.11207013
3667992.00000000	-0.64685529	0.13242395	-0.03366861
3662992.00000000	-0.64766339	0.12762509	0.04749277
3657992.00000000	-0.63943814	0.12121323	0.12980450
3652992.00000000	-0.62202701	0.11263269	0.21139417
3647992.00000000	-0.59450845	0.10093390	0.29310797
3642992.00000000	-0.55766360	0.08633948	0.37053604
3637992.00000000	-0.51156375	0.06919150	0.44243066
3632992.00000000	-0.45665576	0.04983380	0.50708334
3627992.00000000	-0.39645123	0.03024191	0.56080307
3622992.00000000	-0.33033261	0.01129990	0.60531165
3617992.00000000	-0.26095538	-0.00591010	0.63996710
3612992.00000000	-0.18946442	-0.02152554	0.66561047
3607992.00000000	-0.11476166	-0.03643439	0.68340009
3602992.00000000	-0.03968176	-0.05049945	0.69314526
3597992.00000000	0.03711679	-0.06478845	0.69460211
3592992.00000000	0.11423984	-0.07933240	0.68700717
3587992.00000000	0.19017590	-0.09389258	0.66920181
3582992.00000000	0.26569800	-0.10821631	0.63964694
3577992.00000000	0.33655954	-0.12057739	0.59905417
3572992.00000000	0.40236844	-0.13022275	0.54720663
3567992.00000000	0.46134912	-0.13645828	0.48628821
3562992.00000000	0.51140863	-0.13898532	0.41919016
3557992.00000000	0.55347977	-0.13899127	0.34696011
3552992.00000000	0.58645313	-0.13710538	0.27259760
3547992.00000000	0.61082877	-0.13461218	0.19653177
3542992.00000000	0.62720905	-0.13179895	0.11824429
3537992.00000000	0.63517499	-0.12895560	0.03929205
3532992.00000000	0.63480908	-0.12549573	-0.04249512
3527992.00000000	0.62573663	-0.12067868	-0.12461087
3522992.00000000	0.60762436	-0.11351404	-0.20692215
3517992.00000000	0.57950797	-0.10297031	-0.28906027
3512992.00000000	0.54274777	-0.08942703	-0.36531287
3507992.00000000	0.49673416	-0.07295984	-0.43604803
3502992.00000000	0.44261340	-0.05419272	-0.49798227
3497992.00000000	0.38235745	-0.03497797	-0.54976831
3492992.00000000	0.31618262	-0.01617316	-0.59214142
3487992.00000000	0.24747729	0.00108047	-0.62447180
3482992.00000000	0.17550861	0.01712320	-0.64863885
3477992.00000000	0.10139636	0.03246558	-0.66464716
3472992.00000000	0.02658279	0.04781039	-0.67260779
3467992.00000000	-0.05093011	0.06384521	-0.67226202
3462992.00000000	-0.12805521	0.08005948	-0.66248383
3457992.00000000	-0.20537903	0.09620724	-0.64266641
3452992.00000000	-0.28231448	0.11126611	-0.61166144
3447992.00000000	-0.35439508	0.12364758	-0.57110583
3442992.00000000	-0.42253247	0.13309454	-0.51994379
3437992.00000000	-0.48238165	0.13930603	-0.46137573
3432992.00000000	-0.53335876	0.14223520	-0.39683664
3427992.00000000	-0.57563760	0.14238330	-0.32694553
3422992.00000000	-0.60813397	0.14080930	-0.25517264
3417992.00000000	-0.63233997	0.13833926	-0.18007196
3412992.00000000	-0.64788654	0.13556827	-0.10354190
3407992.00000000	-0.65525995	0.13258685	-0.02528601
3402992.00000000	-0.65420013	0.12894043	0.05626370
3397992.00000000	-0.64434857	0.12371890	0.13833511
3392992.00000000	-0.62503851	0.11586673	0.22144894
3387992.00000000	-0.59563702	0.10425702	0.30336911
3382992.00000000	-0.55673074	0.08925693	0.38047253
3377992.00000000	-0.50769226	0.07129767	0.45205255
3372992.00000000	-0.45081573	0.05173840	0.51374731
3367992.00000000	-0.38712311	0.03199167	0.56517130
3362992.00000000	-0.31790082	0.01303918	0.60649896
3357992.00000000	-0.24603833	-0.00422433	0.63760645
3352992.00000000	-0.17114328	-0.02007385	0.66010883
3347992.00000000	-0.09484235	-0.03551987	0.67398154
3342992.00000000	-0.01691928	-0.05089386	0.67957501
3337992.00000000	0.06264212	-0.06668250	0.67603214
3332992.00000000	0.14139285	-0.08275085	0.66254321
3327992.00000000	0.22069263	-0.09853708	0.63789624
3322992.00000000	0.29804202	-0.11240610	0.60194742
3317992.00000000	0.37126813	-0.12360007	0.55527789
3312992.00000000	0.43947015	-0.13118271	0.49853284
3307992.00000000	0.49839209	-0.13456064	0.43570969
3302992.00000000	0.54886026	-0.13452585	0.36722885
3297992.00000000	0.59009253	-0.13196500	0.29491418
3292992.00000000	0.62146536	-0.12798621	0.22144583
3287992.00000000	0.64436691	-0.12353131	0.14558859
3282992.00000000	0.65858862	-0.11885397	0.06874585
3277992.00000000	0.66430338	-0.11375885	-0.00933646
3272992.00000000	0.66110077	-0.10770328	-0.08953003
3267992.00000000	0.64852731	-0.10024158	-0.16928448
3262992.00000000	0.62550534	-0.09069635	-0.24918527
3257992.00000000	0.59241791	-0.07947189	-0.32527164
3252992.00000000	0.54920172	-0.06652158	-0.39730991
3247992.00000000	0.49665332	-0.05229547	-0.46288947
3242992.00000000	0.43750449	-0.03773923	-0.51984869
3237992.00000000	0.37170010	-0.02309985	-0.56839612
3232992.00000000	0.30256918	-0.00996628	-0.60701648
3227992.00000000	0.23016730	0.00266721	-0.63688245
3222992.00000000	0.15487711	0.01484592	-0.65855466
3217992.00000000	0.07893213	0.02639401	-0.67183658
3212992.00000000	0.00108493	0.03810150	-0.67698984
3207992.00000000	-0.07745087	0.05017123	-0.67350650
3202992.00000000	-0.15566306	0.06233578	-0.66047900
3197992.00000000	-0.23367545	0.07423175	-0.63700244
3192992.00000000	-0.30801801	0.08481970	-0.60334042
3187992.00000000	-0.37843741	0.09494629	-0.55989087
3182992.00000000	-0.44287070	0.10357495	-0.50739136
3177992.00000000	-0.49881470	0.11015552	-0.44846317
3172992.00000000	-0.54736243	0.11465683	-0.38251526
3167992.00000000	-0.58626965	0.11719824	-0.31369119
3162992.00000000	-0.61679782	0.11861783	-0.24141846
3157992.00000000	-0.63896722	0.11940503	-0.16654120
3152992.00000000	-0.65273422	0.11980417	-0.09086502
3147992.00000000	-0.65822061	0.11973145	-0.01214148
3142992.00000000	-0.65490955	0.11868188	0.06825760
3137992.00000000	-0.64228104	0.11582498	0.14920914
3132992.00000000	-0.61933423	0.11006308	0.23192929
3127992.00000000	-0.58672180	0.10086450	0.31112085
3122992.00000000	-0.54345874	0.08791040	0.38752075
3117992.00000000	-0.49147760	0.07240408	0.45655234
3112992.00000000	-0.43196399	0.05514944	0.51671094
3107992.00000000	-0.36614490	0.03728311	0.56701440
3102992.00000000	-0.29672018	0.02051437	0.60689508
3097992.00000000	-0.22391293	0.00498160	0.63744901
3092992.00000000	-0.14920343	-0.00927380	0.65936383
3087992.00000000	-0.07357260	-0.02276547	0.67257208
3082992.00000000	0.00451120	-0.03641483	0.67754581
3077992.00000000	0.08286899	-0.05025192	0.67317444
3072992.00000000	0.16146252	-0.06424521	0.65903244
3067992.00000000	0.23868402	-0.07776886	0.63425290
3062992.00000000	0.31253351	-0.08952820	0.59883679
3057992.00000000	0.38248898	-0.09882385	0.55290158
3052992.00000000	0.44572910	-0.10512921	0.49833609
3047992.00000000	0.50110706	-0.10849435	0.43663644
3042992.00000000	0.54811935	-0.10941785	0.36946259
3037992.00000000	0.58573108	-0.10844000	0.29913458
3032992.00000000	0.61487405	-0.10659488	0.22570749
3027992.00000000	0.63512564	-0.10448969	0.15121976
3022992.00000000	0.64703198	-0.10232602	0.07455856
3017992.00000000	0.65037933	-0.09983875	-0.00430875
3012992.00000000	0.64466211	-0.09649252	-0.08362534
3007992.00000000	0.62915503	-0.09155597	-0.16438348
3002992.00000000	0.60326239	-0.08432016	-0.24456625
2997992.00000000	0.56706284	-0.07444763	-0.32158792
2992992.00000000	0.52027423	-0.06202789	-0.39441476
2987992.00000000	0.46530093	-0.04804120	-0.45894656
2982992.00000000	0.40313397	-0.03337909	-0.51497906
2977992.00000000	0.33560620	-0.01889612	-0.56153323
2972992.00000000	0.26446127	-0.00531702	-0.59854294
2967992.00000000	0.19048529	0.00734409	-0.62675793
2962992.00000000	0.11456860	0.01930725	-0.64649310
2957992.00000000	0.03697507	0.03096396	-0.65770181
2952992.00000000	-0.04190686	0.04278259	-0.66023917
2947992.00000000	-0.12133878	0.05495459	-0.65300946
2942992.00000000	-0.20075659	0.06705237	-0.63528754
2937992.00000000	-0.27778040	0.07819824	-0.60633826
2932992.00000000	-0.35093451	0.08744144	-0.56606836
2927992.00000000	-0.41859924	0.09400705	-0.51552216
2922992.00000000	-0.47808557	0.09764432	-0.45701813
2917992.00000000	-0.52956921	0.09864029	-0.39180548
2912992.00000000	-0.57204782	0.09771439	-0.32253818
2907992.00000000	-0.60581369	0.09552264	-0.25048859
2902992.00000000	-0.63154251	0.09279602	-0.17541016
2897992.00000000	-0.64893546	0.08978427	-0.09935275
2892992.00000000	-0.65834821	0.08647540	-0.02057840
2887992.00000000	-0.65930945	0.08261432	0.05929099
2882992.00000000	-0.65125568	0.07764587	0.13955130
2877992.00000000	-0.63329913	0.07103110	0.22099249
2872992.00000000	-0.60527338	0.06272491	0.29957346
2867992.00000000	-0.56707330	0.05280478	0.37433099
2862992.00000000	-0.51933740	0.04172528	0.44279654
2857992.00000000	-0.46385461	0.03038644	0.50295602
2852992.00000000	-0.40092508	0.01930490	0.55499966
2847992.00000000	-0.33418649	0.00915015	0.59681979
2842992.00000000	-0.26351880	-0.00003342	0.63016663
2837992.00000000	-0.18992908	-0.00849780	0.65499835
2832992.00000000	-0.11531842	-0.01652313	0.67133423
2827992.00000000	-0.03823465	-0.02482181	0.67940732
2822992.00000000	0.04004413	-0.03359998	0.67874130
2817992.00000000	0.11915891	-0.04313922	0.66833334
2812992.00000000	0.19947949	-0.05320154	0.64708646
2807992.00000000	0.27734424	-0.06305380	0.61505658
2802992.00000000	0.35349402	-0.07184570	0.57143207
2797992.00000000	0.42336722	-0.07833978	0.51881952
2792992.00000000	0.48544214	-0.08237070	0.45915225
2787992.00000000	0.53981393	-0.08432828	0.39272781
2782992.00000000	0.58400150	-0.08468674	0.32385226
2777992.00000000	0.61930630	-0.08409366	0.25210342
2772992.00000000	0.64570169	-0.08315979	0.17843307
2767992.00000000	0.66331766	-0.08206308	0.10410287
2762992.00000000	0.67272900	-0.08072647	0.02661371
2757992.00000000	0.67302075	-0.07887079	-0.05109775
2752992.00000000	0.66368289	-0.07583649	-0.12947086
2747992.00000000	0.64370404	-0.07115268	-0.20844022
2742992.00000000	0.61326364	-0.06448517	-0.28408975
2737992.00000000	0.57144098	-0.05571432	-0.35732715
2732992.00000000	0.52053711	-0.04542343	-0.42409027
2727992.00000000	0.46163702	-0.03433768	-0.48335913
2722992.00000000	0.39588074	-0.02296698	-0.53485373
2717992.00000000	0.32700946	-0.01240076	-0.57662756
2712992.00000000	0.25357547	-0.00230966	-0.61061572
2707992.00000000	0.17931976	0.00686942	-0.63553040
2702992.00000000	0.10331473	0.01569958	-0.65229855
2697992.00000000	0.02470364	0.02474203	-0.66093793
2692992.00000000	-0.05376163	0.03384689	-0.66046652
2687992.00000000	-0.13344360	0.04307434	-0.65028864
2682992.00000000	-0.21293311	0.05211084	-0.62935767
2677992.00000000	-0.29023828	0.06022903	-0.59755392
2672992.00000000	-0.36522348	0.06684827	-0.55454712
2667992.00000000	-0.43316306	0.07135208	-0.50306723
2662992.00000000	-0.49449451	0.07366031	-0.44335205
2657992.00000000	-0.54708688	0.07409332	-0.37812238
2652992.00000000	-0.59009634	0.07322049	-0.30958948
2647992.00000000	-0.62461935	0.07159531	-0.23714743
2642992.00000000	-0.64995090	0.06975250	-0.16372174
2637992.00000000	-0.66684671	0.06779407	-0.08837753
2632992.00000000	-0.67521585	0.06560696	-0.01100531
2627992.00000000	-0.67445547	0.06308969	0.06581131
2622992.00000000	-0.66384473	0.05967825	0.14517972
2617992.00000000	-0.64271310	0.05557608	0.22245715
2612992.00000000	-0.61096237	0.05044940	0.29714297
2607992.00000000	-0.56786847	0.04437457	0.36901089
2602992.00000000	-0.51657275	0.03773801	0.43338608
2597992.00000000	-0.45668289	0.03029904	0.49139417
2592992.00000000	-0.39128387	0.02253970	0.54075287
2587992.00000000	-0.32269788	0.01495447	0.58058054
2582992.00000000	-0.24960086	0.00752411	0.61227951
2577992.00000000	-0.17551642	0.00046887	0.63500900
2572992.00000000	-0.09891235	-0.00639359	0.64950317
2567992.00000000	-0.02067352	-0.01326349	0.65550916
2562992.00000000	0.05760986	-0.02033755	0.65261618
2557992.00000000	0.13837021	-0.02774020	0.63994839
2552992.00000000	0.21790872	-0.03535352	0.61718237
2547992.00000000	0.29639352	-0.04262152	0.58388406
2542992.00000000	0.37121201	-0.04937009	0.54048978
2537992.00000000	0.43996405	-0.05516080	0.48874149
2532992.00000000	0.50250754	-0.06003122	0.42878976
2527992.00000000	0.55570920	-0.06379520	0.36390536
2522992.00000000	0.59975742	-0.06667654	0.29509485
2517992.00000000	0.63474799	-0.06888159	0.22258649
2512992.00000000	0.66033841	-0.07056210	0.14935434
2507992.00000000	0.67761255	-0.07203082	0.07299130
2502992.00000000	0.68593756	-0.07320923	-0.00455463
2497992.00000000	0.68503033	-0.07380792	-0.08312357
2492992.00000000	0.67389169	-0.07340652	-0.16355356
2487992.00000000	0.65229034	-0.07140320	-0.24166608
2482992.00000000	0.61925427	-0.06746780	-0.31837003
2477992.00000000	0.57537906	-0.06145905	-0.39039664
2472992.00000000	0.52252670	-0.05383249	-0.45492789
2467992.00000000	0.46050522	-0.04492642	-0.51249435
2462992.00000000	0.39441858	-0.03602881	-0.55949759
2457992.00000000	0.32349646	-0.02723935	-0.59793600
2452992.00000000	0.24943799	-0.01900674	-0.62788803
2447992.00000000	0.17459464	-0.01139932	-0.64895282
2442992.00000000	0.09691125	-0.00396710	-0.66244815
2437992.00000000	0.01696646	0.00331293	-0.66762106
2432992.00000000	-0.06359488	0.01108823	-0.66411780
2427992.00000000	-0.14535532	0.01911273	-0.65102127
2422992.00000000	-0.22522394	0.02705319	-0.62837079
2417992.00000000	-0.30412430	0.03478934	-0.59478793
2412992.00000000	-0.37755496	0.04172375	-0.55208044
2407992.00000000	-0.44441351	0.04741641	-0.50057022
2402992.00000000	-0.50384814	0.05174783	-0.44103046
2397992.00000000	-0.55349112	0.05474567	-0.37694455
2392992.00000000	-0.59464481	0.05652170	-0.30787366
2387992.00000000	-0.62672955	0.05743085	-0.23626773
2382992.00000000	-0.65029086	0.05794040	-0.16281116
2377992.00000000	-0.66594626	0.05812012	-0.08626538
2372992.00000000	-0.67302405	0.05812344	-0.00943173
2367992.00000000	-0.67146790	0.05769617	0.06958936
2362992.00000000	-0.66022937	0.05642862	0.15030994
2357992.00000000	-0.63897058	0.05392917	0.22926297
2352992.00000000	-0.60694647	0.04984479	0.30657355
2347992.00000000	-0.56504205	0.04423798	0.37835864
2342992.00000000	-0.51386176	0.03738208	0.44331601
2337992.00000000	-0.45499136	0.03026230	0.49986951
2332992.00000000	-0.39074200	0.02327997	0.54690482
2327992.00000000	-0.32127524	0.01693152	0.58546750
2322992.00000000	-0.24914114	0.01116183	0.61485724
2317992.00000000	-0.17457758	0.00604532	0.63586111
2312992.00000000	-0.09756555	0.00137646	0.64857736
2307992.00000000	-0.01981931	-0.00310938	0.65259619
2302992.00000000	0.06081146	-0.00770685	0.64751776
2297992.00000000	0.14107538	-0.01252353	0.63277222
2292992.00000000	0.22073242	-0.01756241	0.60803622
2287992.00000000	0.29921347	-0.02284781	0.57263367
2282992.00000000	0.37188397	-0.02789230	0.52880652
2277992.00000000	0.43941837	-0.03269672	0.47594870
2272992.00000000	0.49874240	-0.03675577	0.41659030
2267992.00000000	0.54892551	-0.03992734	0.35267383
2262992.00000000	0.59025119	-0.04234744	0.28464719
2257992.00000000	0.62264154	-0.04404865	0.21422845
2252992.00000000	0.64650873	-0.04535306	0.14146326
2247992.00000000	0.66206876	-0.04636655	0.06647058
2242992.00000000	0.66895767	-0.04709262	-0.00991553
2237992.00000000	0.66659052	-0.04714410	-0.08837735
2232992.00000000	0.65429742	-0.04603586	-0.16627170
2227992.00000000	0.63164374	-0.04342865	-0.24330548
2222992.00000000	0.59833588	-0.03907724	-0.31772699
2217992.00000000	0.55519745	-0.03320792	-0.38663846
2212992.00000000	0.50289874	-0.02613129	-0.44930869
2207992.00000000	0.44355029	-0.01891486	-0.50366977
2202992.00000000	0.37837506	-0.01197000	-0.54951218
2197992.00000000	0.30861826	-0.00559003	-0.58661975
2192992.00000000	0.23662848	0.00016290	-0.61458820
2187992.00000000	0.16190378	0.00534918	-0.63449545
2182992.00000000	0.08518884	0.01013159	-0.64616312
2177992.00000000	0.00664209	0.01483008	-0.64915344
2172992.00000000	-0.07379965	0.01948315	-0.64303555
2167992.00000000	-0.15413882	0.02395428	-0.62714178
2162992.00000000	-0.23460611	0.02833044	-0.60115750
2157992.00000000	-0.31340515	0.03215427	-0.56489224
2152992.00000000	-0.38655502	0.03523553	-0.51976749
2147992.00000000	-0.45466220	0.03727866	-0.46544614
2142992.00000000	-0.51340973	0.03815454	-0.40522382
2137992.00000000	-0.56303198	0.03828540	-0.33992679
2132992.00000000	-0.60366327	0.03771094	-0.26995581
2127992.00000000	-0.63442917	0.03674261	-0.19879285
2122992.00000000	-0.65681186	0.03536862	-0.12425009
2117992.00000000	-0.67041104	0.03402313	-0.04857281
2112992.00000000	-0.67527512	0.03242795	0.02875281
2107992.00000000	-0.67081497	0.03058914	0.10743250
2102992.00000000	-0.65645279	0.02817249	0.18541483
2097992.00000000	-0.63132779	0.02529041	0.26258249
2092992.00000000	-0.59540634	0.02184030	0.33596280
2087992.00000000	-0.54994049	0.01794717	0.40293198
2082992.00000000	-0.49447260	0.01366843	0.46366077
2077992.00000000	-0.43264932	0.00966943	0.51517529
2072992.00000000	-0.36496741	0.00576749	0.55809512
2067992.00000000	-0.29347980	0.00237030	0.59202795
2062992.00000000	-0.22001492	-0.00075925	0.61711841
2057992.00000000	-0.14280231	-0.00359497	0.63420236
2052992.00000000	-0.06497589	-0.00629599	0.64244177
2047992.00000000	0.01510202	-0.00890134	0.64199548
2042992.00000000	0.09672607	-0.01165338	0.63182364
2037992.00000000	0.17721780	-0.01435779	0.61212506
2032992.00000000	0.25826620	-0.01697226	0.58142963
2027992.00000000	0.33441275	-0.01951270	0.54174066
2022992.00000000	0.40572760	-0.02175629	0.49284232
2017992.00000000	0.46950153	-0.02378671	0.43666855
2012992.00000000	0.52353085	-0.02516415	0.37626901
2007992.00000000	0.56952393	-0.02624542	0.31014728
2002992.00000000	0.60582242	-0.02723669	0.24185315
1997992.00000000	0.63331549	-0.02806665	0.17086539
1992992.00000000	0.65223520	-0.02883560	0.09735846
1987992.00000000	0.66203979	-0.02950229	0.02320959
1982992.00000000	0.66264844	-0.03018387	-0.05324911
1977992.00000000	0.65317984	-0.03068231	-0.13027597
1972992.00000000	0.63299127	-0.03089096	-0.20692520
1967992.00000000	0.60123306	-0.03081204	-0.28281195
1962992.00000000	0.55981125	-0.03029626	-0.35327396
1957992.00000000	0.50844299	-0.02908084	-0.41920932
1952992.00000000	0.44912207	-0.02720639	-0.47833020
1947992.00000000	0.38515903	-0.02489825	-0.52834549
1942992.00000000	0.31572824	-0.02224463	-0.57059357
1937992.00000000	0.24433020	-0.01967145	-0.60377295
1932992.00000000	0.16998672	-0.01715756	-0.62879575
1927992.00000000	0.09347418	-0.01477820	-0.64546625
1922992.00000000	0.01635126	-0.01222250	-0.65367505
1917992.00000000	-0.06472736	-0.00908789	-0.65298566
1912992.00000000	-0.14489059	-0.00509116	-0.64246054
1907992.00000000	-0.22472128	-0.00006186	-0.62167151
1902992.00000000	-0.30267587	0.00605872	-0.59004526
1897992.00000000	-0.37496100	0.01278720	-0.54879211
1892992.00000000	-0.44265726	0.01972128	-0.49735809
1887992.00000000	-0.50154816	0.02597195	-0.43944360
1882992.00000000	-0.55206265	0.03125351	-0.37564136
1877992.00000000	-0.59448599	0.03565860	-0.30676089
1872992.00000000	-0.62752866	0.03916135	-0.23644815
1867992.00000000	-0.65283798	0.04233838	-0.16250418
1862992.00000000	-0.66957751	0.04510544	-0.08756076
1857992.00000000	-0.67766391	0.04774881	-0.01133496
1852992.00000000	-0.67639832	0.04997278	0.06735260
1847992.00000000	-0.66497162	0.05132419	0.14551733
1842992.00000000	-0.64089285	0.05004333	0.22767920
1837992.00000000	-0.60604010	0.04835629	0.30367468
1832992.00000000	-0.56082123	0.04475705	0.37437411
1827992.00000000	-0.50529532	0.03965463	0.43966571
1822992.00000000	-0.44340341	0.03348105	0.49605722
1817992.00000000	-0.37584995	0.02685986	0.54393250
1812992.00000000	-0.30372855	0.02035583	0.58343173
1807992.00000000	-0.23003967	0.01429813	0.61377698
1802992.00000000	-0.15247012	0.00866418	0.63657510
1797992.00000000	-0.07427429	0.00362387	0.65093750
1792992.00000000	0.00616678	-0.00127069	0.65716879
1787992.00000000	0.08887924	-0.00620563	0.65447119
1782992.00000000	0.17011548	-0.01060519	0.64236481
1777992.00000000	0.25164230	-0.01464380	0.61967981
1772992.00000000	0.32886249	-0.01775851	0.58684061
1767992.00000000	0.40050168	-0.01959235	0.54391953
1762992.00000000	0.46548605	-0.02049551	0.49162900
1757992.00000000	0.52123801	-0.02048865	0.43234427
1752992.00000000	0.56810162	-0.01994089	0.36716977
1747992.00000000	0.60599417	-0.01911392	0.29776730
1742992.00000000	0.63485269	-0.01821048	0.22608170
1737992.00000000	0.65594025	-0.01736343	0.15057739
1732992.00000000	0.66842438	-0.01671408	0.07466779
1727992.00000000	0.67270145	-0.01622192	-0.00382718
1722992.00000000	0.66779599	-0.01583957	-0.08367136
1717992.00000000	0.65347250	-0.01557111	-0.16193851
1712992.00000000	0.62812430	-0.01530783	-0.24118298
1707992.00000000	0.59292120	-0.01513171	-0.31547284
1702992.00000000	0.54750854	-0.01495221	-0.38492010
1697992.00000000	0.49303690	-0.01481061	-0.44762186
1692992.00000000	0.43274973	-0.01455896	-0.50076453
1687992.00000000	0.36562827	-0.01431787	-0.54625296
1682992.00000000	0.29536737	-0.01396799	-0.58238559
1677992.00000000	0.22178345	-0.01359308	-0.61032581
1672992.00000000	0.14470050	-0.01322339	-0.63027249
1667992.00000000	0.06738556	-0.01279041	-0.64165854
1662992.00000000	-0.01385062	-0.01222147	-0.64475348
1657992.00000000	-0.09561411	-0.01119525	-0.63851404
1652992.00000000	-0.17669595	-0.00966928	-0.62273837
1647992.00000000	-0.25826224	-0.00761331	-0.59623343
1642992.00000000	-0.33493021	-0.00517355	-0.55990698
1637992.00000000	-0.40708301	-0.00218179	-0.51364795
1632992.00000000	-0.47175949	0.00110638	-0.45915564
1627992.00000000	-0.52687885	0.00375790	-0.39935623
1622992.00000000	-0.57437009	0.00620102	-0.33295261
1617992.00000000	-0.61174896	0.00818930	-0.26466904
1612992.00000000	-0.64103134	0.00992282	-0.19289337
1607992.00000000	-0.66197089	0.01161856	-0.11854471
1602992.00000000	-0.67424634	0.01330850	-0.04441199
1597992.00000000	-0.67813889	0.01543729	0.03399619
1592992.00000000	-0.67245609	0.01780280	0.11153625
1587992.00000000	-0.65678372	0.02034296	0.18916891
1582992.00000000	-0.63015933	0.02283789	0.26611069
1577992.00000000	-0.59415381	0.02501089	0.33714917
1572992.00000000	-0.54702380	0.02670389	0.40496979
1567992.00000000	-0.49229657	0.02778503	0.46450607
1562992.00000000	-0.43118997	0.02799420	0.51589191
1557992.00000000	-0.36344229	0.02771643	0.55988049
1552992.00000000	-0.29382779	0.02686688	0.59451453
1547992.00000000	-0.22070779	0.02577814	0.62168405
1542992.00000000	-0.14433743	0.02438892	0.64110318
1537992.00000000	-0.06774109	0.02313971	0.65207993
1532992.00000000	0.01226486	0.02153098	0.65501028
1527992.00000000	0.09199768	0.01965933	0.64904147
1522992.00000000	0.17426956	0.01740277	0.63318823
1517992.00000000	0.25609891	0.01488837	0.60693201
1512992.00000000	0.33356711	0.01252829	0.57131396
1507992.00000000	0.40865588	0.01005139	0.52537595
1502992.00000000	0.47596814	0.00772995	0.47216742
1497992.00000000	0.53516235	0.00544855	0.41249615
1492992.00000000	0.58603726	0.00321564	0.34678723
1487992.00000000	0.62650983	0.00099228	0.27907480
1482992.00000000	0.65882843	-0.00141663	0.20726886
1477992.00000000	0.68246915	-0.00373755	0.13273804
1472992.00000000	0.69724783	-0.00629617	0.05720300
1467992.00000000	0.70320285	-0.00954895	-0.02147925
1462992.00000000	0.69935910	-0.01323825	-0.09902304
1457992.00000000	0.68455667	-0.01742209	-0.17900583
1452992.00000000	0.65817203	-0.02153525	-0.25674127
1447992.00000000	0.62087442	-0.02509088	-0.32996896
1442992.00000000	0.57168201	-0.02783813	-0.39955783
1437992.00000000	0.51476996	-0.02936737	-0.46043323
1432992.00000000	0.44991132	-0.03007309	-0.51386914
1427992.00000000	0.37996338	-0.02991684	-0.55838055
1422992.00000000	0.30724948	-0.02951746	-0.59355972
1417992.00000000	0.22996280	-0.02886011	-0.62102588
1412992.00000000	0.15274500	-0.02828836	-0.63947836
1407992.00000000	0.07248920	-0.02760992	-0.64988361
1402992.00000000	-0.01070209	-0.02720535	-0.65143329
1397992.00000000	-0.09405206	-0.02641205	-0.64370386
1392992.00000000	-0.17900949	-0.02500589	-0.62568604
1387992.00000000	-0.26217902	-0.02267041	-0.59718796
1382992.00000000	-0.34128171	-0.01939059	-0.55859430
1377992.00000000	-0.41552695	-0.01550488	-0.51006314
1372992.00000000	-0.48066928	-0.01108527	-0.45456644
1367992.00000000	-0.53813968	-0.00610336	-0.39150604
1362992.00000000	-0.58542673	-0.00147391	-0.32441928
1357992.00000000	-0.62321338	0.00277585	-0.25437933
1352992.00000000	-0.65287585	0.00699008	-0.17984534
1347992.00000000	-0.67320789	0.01124814	-0.10512079
1342992.00000000	-0.68516684	0.01557993	-0.02667700
1337992.00000000	-0.68761063	0.01965842	0.05332050
1332992.00000000	-0.68001508	0.02357703	0.13318335
1327992.00000000	-0.66110013	0.02699228	0.21436017
1322992.00000000	-0.63099152	0.02912982	0.29220941
1317992.00000000	-0.58917056	0.02993616	0.36690887
1312992.00000000	-0.53758829	0.02938629	0.43457184
1307992.00000000	-0.47872229	0.02767386	0.49350702
1302992.00000000	-0.41236069	0.02523663	0.54502890
1297992.00000000	-0.34251218	0.02247903	0.58698364
1292992.00000000	-0.26898483	0.01970804	0.62078220
1287992.00000000	-0.19219116	0.01708154	0.64644440
1282992.00000000	-0.11401471	0.01465921	0.66372501
1277992.00000000	-0.03116571	0.01231702	0.67292795
1272992.00000000	0.05219708	0.00995328	0.67284982
1267992.00000000	0.13703424	0.00749826	0.66297192
1262992.00000000	0.22208539	0.00479428	0.64295364
1257992.00000000	0.30385217	0.00176129	0.61289911
1252992.00000000	0.38174704	-0.00151166	0.57293643
1247992.00000000	0.45259900	-0.00557410	0.52461661
1242992.00000000	0.51476315	-0.00877917	0.46937949
1237992.00000000	0.56942276	-0.01186945	0.40616061
1232992.00000000	0.61315085	-0.01483447	0.33975903
1227992.00000000	0.64723221	-0.01726102	0.27106311
1222992.00000000	0.67322687	-0.01963422	0.19738770
1217992.00000000	0.68982547	-0.02179752	0.12401117
1212992.00000000	0.69783765	-0.02418842	0.04656866
1207992.00000000	0.69629492	-0.02567154	-0.03076257
1202992.00000000	0.68454691	-0.02641415	-0.10991602
1197992.00000000	0.66123093	-0.02619516	-0.19114343
1192992.00000000	0.62784244	-0.02479718	-0.26732928
1187992.00000000	0.58395346	-0.02259500	-0.34021652
1182992.00000000	0.53109088	-0.01988025	-0.40718488
1177992.00000000	0.47163040	-0.01721848	-0.46601987
1172992.00000000	0.40489911	-0.01509360	-0.51788696
1167992.00000000	0.33604202	-0.01344113	-0.55947736
1162992.00000000	0.26232596	-0.01228302	-0.59368274
1157992.00000000	0.18548755	-0.01176669	-0.61965582
1152992.00000000	0.10734070	-0.01152283	-0.63734317
1147992.00000000	0.02378711	-0.01127264	-0.64753015
1142992.00000000	-0.05963174	-0.01076587	-0.64902203
1137992.00000000	-0.14547955	-0.01008209	-0.64151865
1132992.00000000	-0.23263510	-0.00844626	-0.62380579
1127992.00000000	-0.31344916	-0.00617386	-0.59708780
1122992.00000000	-0.39162177	-0.00268228	-0.55947079
1117992.00000000	-0.46088123	0.00139203	-0.51307156
1112992.00000000	-0.52090430	0.00532968	-0.45886285
1107992.00000000	-0.57223181	0.00904514	-0.39688397
1102992.00000000	-0.61284125	0.01250943	-0.33162970
1097992.00000000	-0.64530420	0.01561600	-0.26077667
1092992.00000000	-0.66836801	0.01822488	-0.18801770
1087992.00000000	-0.68250876	0.02072256	-0.11275174
1082992.00000000	-0.68731647	0.02321283	-0.03236340
1077992.00000000	-0.68160339	0.02479785	0.04861423
1072992.00000000	-0.66458530	0.02482562	0.13264838
1067992.00000000	-0.63660565	0.02333978	0.21558862
1062992.00000000	-0.59889462	0.02064764	0.29494763
1057992.00000000	-0.54948175	0.01679782	0.37366837
1052992.00000000	-0.49401587	0.01320844	0.44244449
1047992.00000000	-0.43176663	0.01040793	0.50325757
1042992.00000000	-0.36403320	0.00867465	0.55534549
1037992.00000000	-0.29558127	0.00782205	0.59640735
1032992.00000000	-0.22031042	0.00757626	0.63069623
1027992.00000000	-0.14545154	0.00786371	0.65557767
1022992.00000000	-0.06737387	0.00850137	0.67264279
1017992.00000000	0.01333295	0.00946686	0.68145279
1012992.00000000	0.09444452	0.01063083	0.68166342
1007992.00000000	0.17850552	0.01197000	0.67208151
1002992.00000000	0.25881525	0.01314273	0.65257370
997992.00000000	0.33719974	0.01383502	0.62211044
992992.00000000	0.41074115	0.01381839	0.58122949
987992.00000000	0.47536090	0.01292087	0.53226065
982992.00000000	0.53334332	0.01116812	0.47396829
977992.00000000	0.58054849	0.00887042	0.41198148
972992.00000000	0.61998465	0.00603076	0.34399704
967992.00000000	0.65127521	0.00292050	0.27167978
962992.00000000	0.67362979	-0.00000742	0.19799429
957992.00000000	0.68803271	-0.00322913	0.11979114
952992.00000000	0.69315964	-0.00637692	0.04043509
947992.00000000	0.68864386	-0.01017996	-0.04135757
942992.00000000	0.67303680	-0.01356427	-0.12623770
937992.00000000	0.64712585	-0.01655017	-0.20757468
932992.00000000	0.60991309	-0.01912927	-0.28800760
927992.00000000	0.56338953	-0.02078094	-0.36277658
922992.00000000	0.51023682	-0.02165369	-0.42885080
917992.00000000	0.44650391	-0.02159189	-0.49092932
912992.00000000	0.38090411	-0.02147626	-0.54102249
907992.00000000	0.31106088	-0.02143365	-0.58279953
902992.00000000	0.23570654	-0.02111301	-0.61721225
897992.00000000	0.15973969	-0.02071539	-0.64253012
892992.00000000	0.07929999	-0.01980682	-0.66019931
887992.00000000	-0.00080341	-0.01857907	-0.66914471
882992.00000000	-0.08324146	-0.01654633	-0.66908688
877992.00000000	-0.16841144	-0.01283301	-0.65901013
872992.00000000	-0.25010034	-0.00909488	-0.63872113
867992.00000000	-0.33116943	-0.00444016	-0.60664435
862992.00000000	-0.40419318	0.00076129	-0.56513382
857992.00000000	-0.47123856	0.00650848	-0.51312451
852992.00000000	-0.52929172	0.01179279	-0.45335373
847992.00000000	-0.57728369	0.01598846	-0.38885510
842992.00000000	-0.61802502	0.01963239	-0.31699496
837992.00000000	-0.64917087	0.02287695	-0.24315314
832992.00000000	-0.67186307	0.02516443	-0.16676624
827992.00000000	-0.68610880	0.02630353	-0.08664102
822992.00000000	-0.69109161	0.02679642	-0.00567258
817992.00000000	-0.68627414	0.02671228	0.07971442
812992.00000000	-0.67102933	0.02578995	0.16418826
807992.00000000	-0.64531018	0.02301062	0.24643695
802992.00000000	-0.60859225	0.01989496	0.32654428
797992.00000000	-0.56376425	0.01667963	0.39791391
792992.00000000	-0.50963129	0.01356616	0.46291003
787992.00000000	-0.44966260	0.01154468	0.51835565
782992.00000000	-0.38497458	0.00985764	0.56450339
777992.00000000	-0.31514557	0.00887500	0.60286667
772992.00000000	-0.24256213	0.00786890	0.63262253
767992.00000000	-0.16601056	0.00710434	0.65453647
762992.00000000	-0.08733911	0.00633350	0.66828598
757992.00000000	-0.00570020	0.00549030	0.67343631
752992.00000000	0.07948752	0.00420551	0.66920206
747992.00000000	0.16465976	0.00301175	0.65513599
742992.00000000	0.25039981	0.00089450	0.63056564
737992.00000000	0.33299756	-0.00200394	0.59537253
732992.00000000	0.40861688	-0.00531021	0.55138837
727992.00000000	0.47827063	-0.00977847	0.49764230
722992.00000000	0.53737738	-0.01522464	0.43795334
717992.00000000	0.58716119	-0.02019907	0.37297784
712992.00000000	0.62798468	-0.02362912	0.30341309
707992.00000000	0.65921381	-0.02934171	0.23200748
702992.00000000	0.68278085	-0.03352759	0.15512769
697992.00000000	0.69680515	-0.03767664	0.07848843
692992.00000000	0.70155273	-0.04051797	-0.00152283
687992.00000000	0.69552960	-0.04258582	-0.08574490
682992.00000000	0.67784906	-0.04476651	-0.16922702
677992.00000000	0.64780481	-0.04443048	-0.25126862
672992.00000000	0.60600037	-0.04266922	-0.32984122
667992.00000000	0.55496844	-0.03978668	-0.40122037
662992.00000000	0.49456430	-0.03615637	-0.46634686
657992.00000000	0.42893250	-0.03258176	-0.52190915
652992.00000000	0.35781976	-0.02944711	-0.56895435
647992.00000000	0.28340588	-0.02640240	-0.60688596
642992.00000000	0.20770746	-0.02385135	-0.63572824
637992.00000000	0.12704770	-0.02171176	-0.65695618
632992.00000000	0.04580283	-0.01986020	-0.66888330
627992.00000000	-0.03809583	-0.01801572	-0.67182306
622992.00000000	-0.12435745	-0.01599481	-0.66484711
617992.00000000	-0.20843515	-0.01358429	-0.64793576
612992.00000000	-0.29235016	-0.01051480	-0.62001779
607992.00000000	-0.36929800	-0.00625970	-0.58310046
602992.00000000	-0.44135791	-0.00138794	-0.53612762
597992.00000000	-0.50664075	0.00407971	-0.47952618
592992.00000000	-0.55959656	0.00992178	-0.41961746
587992.00000000	-0.60747675	0.01536389	-0.34845602
582992.00000000	-0.64374326	0.02087122	-0.27644019
577992.00000000	-0.67010901	0.02587524	-0.20385666
572992.00000000	-0.68827145	0.03130301	-0.12678522
567992.00000000	-0.69693478	0.03674783	-0.05002301
562992.00000000	-0.69581906	0.04251984	0.03090714
557992.00000000	-0.68392065	0.04799426	0.11319916
552992.00000000	-0.66074457	0.05223404	0.19522336
547992.00000000	-0.62652698	0.05566452	0.27510452
542992.00000000	-0.58337405	0.05728055	0.34950589
537992.00000000	-0.53157458	0.05725369	0.41826114
532992.00000000	-0.47325168	0.05573071	0.47911719
527992.00000000	-0.41100684	0.05335840	0.53054013
522992.00000000	-0.34352994	0.05045013	0.57382428
517992.00000000	-0.27380606	0.04747943	0.60806290
512992.00000000	-0.20146057	0.04457520	0.63410461
507992.00000000	-0.12545001	0.04169479	0.65237357
502992.00000000	-0.04823016	0.03864304	0.66203412
497992.00000000	0.03086465	0.03495908	0.66312814
492992.00000000	0.11402493	0.03020963	0.65434695
487992.00000000	0.20054865	0.02415393	0.63400110
482992.00000000	0.27901376	0.01708698	0.60482666
477992.00000000	0.35270221	0.00894458	0.56697318
472992.00000000	0.42233966	0.00040839	0.51991370
467992.00000000	0.48500876	-0.00765631	0.46599225
462992.00000000	0.53827045	-0.01468256	0.40815900
457992.00000000	0.58435071	-0.02080261	0.34471317
452992.00000000	0.62118900	-0.02583200	0.27952405
447992.00000000	0.64985852	-0.03027271	0.21169153
442992.00000000	0.67005954	-0.03442462	0.14168146
437992.00000000	0.68118515	-0.03839380	0.07141962
432992.00000000	0.68293524	-0.04239642	-0.00254779
427992.00000000	0.67458496	-0.04600232	-0.07472635
422992.00000000	0.65521716	-0.04892871	-0.14738522
417992.00000000	0.62470242	-0.05056989	-0.21856738
412992.00000000	0.58439996	-0.05075900	-0.28506345
407992.00000000	0.53317825	-0.04912567	-0.34819077
402992.00000000	0.47504861	-0.04623328	-0.40245389
397992.00000000	0.40985992	-0.04224429	-0.44842264
392992.00000000	0.34022055	-0.03779767	-0.48415997
387992.00000000	0.26617072	-0.03293372	-0.50988849
382992.00000000	0.18963293	-0.02856897	-0.52480350
377992.00000000	0.10977740	-0.02406216	-0.53057602
372992.00000000	0.02701422	-0.01832816	-0.52773083
367992.00000000	-0.05535898	-0.01283057	-0.51675027
362992.00000000	-0.13752057	-0.00367090	-0.49931366
357992.00000000	-0.21661673	0.00168530	-0.47630261
352992.00000000	-0.28943082	0.00658847	-0.44871539
347992.00000000	-0.38490421	0.03884433	-0.38838025
342992.00000000	-0.44046387	0.04211020	-0.34353232
337992.00000000	-0.48325403	0.04337582	-0.29641785
332992.00000000	-0.51542065	0.04284906	-0.24539694
327992.00000000	-0.53483514	0.04003162	-0.19590308
322992.00000000	-0.54216946	0.03566965	-0.14880252
317992.00000000	-0.53768671	0.03033630	-0.10529337
312992.00000000	-0.52228262	0.02534631	-0.06745544
307992.00000000	-0.49699161	0.02112793	-0.03424765
302992.00000000	-0.46419214	0.01813290	-0.00530762
297992.00000000	-0.42596841	0.01611447	0.02085614
292992.00000000	-0.38285968	0.01440161	0.04548788
287992.00000000	-0.33702444	0.01222672	0.06788907
282992.00000000	-0.28698907	0.00883609	0.08795328
277992.00000000	-0.23425708	0.00420050	0.10294235
272992.00000000	-0.18029013	-0.00125122	0.11256964
267992.00000000	-0.12540585	-0.00683194	0.11733234
262992.00000000	-0.07373788	-0.01139178	0.11765985
257992.00000000	-0.02704993	-0.01455688	0.11491568
252992.00000000	0.01388580	-0.01617456	0.11024289
247992.00000000	0.04791959	-0.01633237	0.10472049
242992.00000000	0.07663193	-0.01537808	0.09890726
237992.00000000	0.10024011	-0.01374716	0.09332562
232992.00000000	0.11917392	-0.01158563	0.08808786
227992.00000000	0.13384445	-0.00906201	0.08284061
222992.00000000	0.14251190	-0.00646378	0.07773511
217992.00000000	0.14500229	-0.00412167	0.07227716
212992.00000000	0.14130307	-0.00229089	0.06673770
207992.00000000	0.13268893	-0.00110876	0.06108377
202992.00000000	0.12081543	-0.00052515	0.05530356
197992.00000000	0.10807834	-0.00027704	0.04975977
192992.00000000	0.09519553	-0.00025955	0.04460159
187992.00000000	0.08351907	-0.00028162	0.03989124
182992.00000000	0.07312039	-0.00035989	0.03588461
177992.00000000	0.06389270	-0.00043042	0.03230356
172992.00000000	0.05618427	-0.00045047	0.02923441
167992.00000000	0.04952768	-0.00045422	0.02650177
162992.00000000	0.04389716	-0.00041354	0.02405399
157992.00000000	0.03907846	-0.00039236	0.02197583
152992.00000000	0.03484454	-0.00036206	0.02008676
147992.00000000	0.03129404	-0.00031500	0.01839145
142992.00000000	0.02820596	-0.00024097	0.01690427
137992.00000000	0.02544980	-0.00026038	0.01550565
132992.00000000	0.02307806	-0.00020444	0.01432977
127992.00000000	0.02097147	-0.00016995	0.01321277
122992.00000000	0.01913763	-0.00011386	0.01221375
117992.00000000	0.01749127	-0.00008688	0.01133331
112992.00000000	0.01604117	-0.00006964	0.01050519
