8054929.00000000	0.00913608	0.00045425	0.02165271
8049929.00000000	0.00954266	0.00038458	0.02367422
8044929.00000000	0.01011664	0.00041852	0.02602026
8039929.00000000	0.01077081	0.00043701	0.02859363
8034929.00000000	0.01150757	0.00042502	0.03157544
8029929.00000000	0.01226263	0.00041321	0.03497745
8024929.00000000	0.01313654	0.00042380	0.03899231
8019929.00000000	0.01403491	0.00044147	0.04356125
8014929.00000000	0.01508725	0.00041245	0.04887659
8009929.00000000	0.01619940	0.00034924	0.05506616
8004929.00000000	0.01740329	0.00028458	0.06227347
7999929.00000000	0.01875827	0.00017072	0.07109116
7994929.00000000	0.02020361	-0.00001746	0.08087662
7989929.00000000	0.02177716	-0.00026813	0.09249478
7984929.00000000	0.02352148	-0.00055469	0.10567889
7979929.00000000	0.02546518	-0.00098041	0.11987033
7974929.00000000	0.02776849	-0.00138815	0.13470856
7969929.00000000	0.03048523	-0.00171161	0.14799429
7964929.00000000	0.03390329	-0.00181342	0.15809988
7959929.00000000	0.03811707	-0.00180960	0.16249988
7954929.00000000	0.04294870	-0.00153018	0.16049777
7949929.00000000	0.04905435	-0.00110727	0.15168008
7944929.00000000	0.05705057	-0.00062790	0.13701181
7939929.00000000	0.06634708	-0.00024756	0.11774039
7934929.00000000	0.07733002	-0.00013235	0.09351190
7929929.00000000	0.08960303	-0.00048538	0.06491803
7924929.00000000	0.10352563	-0.00140500	0.03039514
7919929.00000000	0.11884326	-0.00289130	-0.01088165
7914929.00000000	0.13400955	-0.00473962	-0.05591199
7909929.00000000	0.14905765	-0.00653687	-0.10763556
7904929.00000000	0.16133893	-0.00763742	-0.16092105
7899929.00000000	0.16929782	-0.00761609	-0.21491916
7894929.00000000	0.17141943	-0.00641327	-0.26799960
7889929.00000000	0.16763623	-0.00465280	-0.31790881
7884929.00000000	0.15806799	-0.00297409	-0.36737753
7879929.00000000	0.14472382	-0.00197302	-0.41168585
7874929.00000000	0.12713284	-0.00158804	-0.45348737
7869929.00000000	0.10486966	-0.00147018	-0.49089044
7864929.00000000	0.07736215	-0.00138501	-0.52154489
7859929.00000000	0.04193155	-0.00095615	-0.54492505
7854929.00000000	-0.00022412	-0.00024405	-0.55890015
7849929.00000000	-0.04930359	0.00077057	-0.56308386
7844929.00000000	-0.10431161	0.00217105	-0.55674374
7839929.00000000	-0.16215921	0.00372287	-0.53917468
7834929.00000000	-0.21889969	0.00532584	-0.51127710
7829929.00000000	-0.27473175	0.00703217	-0.47288824
7824929.00000000	-0.32804913	0.00877954	-0.42516214
7819929.00000000	-0.37855527	0.01070355	-0.36965802
7814929.00000000	-0.42530331	0.01253171	-0.30870413
7809929.00000000	-0.46856674	0.01410785	-0.24286475
7804929.00000000	-0.50683295	0.01531860	-0.17292548
7799929.00000000	-0.53665640	0.01610468	-0.10346426
7794929.00000000	-0.55894159	0.01644086	-0.02953561
7789929.00000000	-0.57093011	0.01636572	0.04319800
7784929.00000000	-0.57272583	0.01586380	0.11801688
7779929.00000000	-0.56355106	0.01497961	0.19413126
7774929.00000000	-0.54362067	0.01355856	0.26908969
7769929.00000000	-0.51237854	0.01170456	0.34420517
7764929.00000000	-0.47233206	0.00946155	0.41388129
7759929.00000000	-0.42368030	0.00726004	0.47826746
7754929.00000000	-0.36720413	0.00510281	0.53587454
7749929.00000000	-0.30627704	0.00295804	0.58362820
7744929.00000000	-0.23778607	0.00125867	0.62385748
7739929.00000000	-0.17066458	-0.00004700	0.65253488
7734929.00000000	-0.10055234	-0.00104312	0.67321994
7729929.00000000	-0.02682419	-0.00199872	0.68599680
7724929.00000000	0.04757620	-0.00311475	0.69040347
7719929.00000000	0.12272583	-0.00415784	0.68678604
7714929.00000000	0.19785995	-0.00513849	0.67453683
7709929.00000000	0.27311920	-0.00622571	0.65296265
7704929.00000000	0.34747662	-0.00752704	0.62112259
7699929.00000000	0.41621997	-0.00870987	0.58019644
7694929.00000000	0.48068939	-0.00976288	0.52886371
7689929.00000000	0.53784250	-0.01046411	0.46896634
7684929.00000000	0.58549722	-0.01105963	0.40309052
7679929.00000000	0.62569910	-0.01137564	0.32870914
7674929.00000000	0.65461627	-0.01159604	0.25431717
7669929.00000000	0.67489935	-0.01208978	0.17650439
7664929.00000000	0.68642621	-0.01252878	0.09615305
7659929.00000000	0.68912546	-0.01307135	0.01933719
7654929.00000000	0.68308765	-0.01367563	-0.06166983
7649929.00000000	0.66838849	-0.01434827	-0.13962018
7644929.00000000	0.64370685	-0.01546265	-0.21832080
7639929.00000000	0.60912430	-0.01635782	-0.29447705
7634929.00000000	0.56466812	-0.01722787	-0.36675467
7629929.00000000	0.50832614	-0.01788547	-0.43648364
7624929.00000000	0.44762775	-0.01811517	-0.49448746
7619929.00000000	0.38236700	-0.01800308	-0.54359683
7614929.00000000	0.33048264	-0.01694016	-0.57477435
7609929.00000000	0.25790863	-0.01463950	-0.60986816
7604929.00000000	0.18038297	-0.01210159	-0.63731860
7599929.00000000	0.10197867	-0.00972025	-0.65596451
7594929.00000000	0.02399484	-0.00710458	-0.66619733
7589929.00000000	-0.05885257	-0.00395218	-0.66818738
7584929.00000000	-0.14078442	-0.00048538	-0.66085013
7579929.00000000	-0.22004880	0.00334293	-0.64441617
7574929.00000000	-0.29903339	0.00818076	-0.61724985
7569929.00000000	-0.37297977	0.01312451	-0.58024429
7564929.00000000	-0.44316559	0.01826230	-0.53169495
7559929.00000000	-0.50355264	0.02285245	-0.47563947
7554929.00000000	-0.55596378	0.02686221	-0.41127802
7549929.00000000	-0.59971408	0.02987674	-0.33934964
7544929.00000000	-0.63192502	0.03170013	-0.26775461
7539929.00000000	-0.65651471	0.03300397	-0.18981265
7534929.00000000	-0.67174194	0.03412738	-0.11199258
7529929.00000000	-0.67839365	0.03493198	-0.03287411
7524929.00000000	-0.67603561	0.03567993	0.04981473
7519929.00000000	-0.66434528	0.03589313	0.13026300
7514929.00000000	-0.64188882	0.03555670	0.21354715
7509929.00000000	-0.60903555	0.03433350	0.29356201
7504929.00000000	-0.56544684	0.03187393	0.36975131
7499929.00000000	-0.51265186	0.02825006	0.43909677
7494929.00000000	-0.45214304	0.02404770	0.49992700
7489929.00000000	-0.38408957	0.01940884	0.55240384
7484929.00000000	-0.31174088	0.01504080	0.59453647
7479929.00000000	-0.23845099	0.01128458	0.62595035
7474929.00000000	-0.16045999	0.00769260	0.64919974
7469929.00000000	-0.08163303	0.00460889	0.66318161
7464929.00000000	-0.00397104	0.00152649	0.66836646
7459929.00000000	0.07662463	-0.00160855	0.66473700
7454929.00000000	0.15621680	-0.00511127	0.65187500
7449929.00000000	0.23800443	-0.00897797	0.62826062
7444929.00000000	0.31519244	-0.01307184	0.59511304
7439929.00000000	0.38866879	-0.01731668	0.55195816
7434929.00000000	0.45797049	-0.02136890	0.49802124
7429929.00000000	0.51742374	-0.02475150	0.43821625
7424929.00000000	0.57056796	-0.02779373	0.36875592
7419929.00000000	0.61161240	-0.03012909	0.29822641
7414929.00000000	0.64355612	-0.03199475	0.22413733
7409929.00000000	0.66685977	-0.03325870	0.14627716
7404929.00000000	0.68048291	-0.03449051	0.06957071
7399929.00000000	0.68557861	-0.03584171	-0.01056384
7394929.00000000	0.68124445	-0.03710831	-0.09097940
7389929.00000000	0.66668408	-0.03758105	-0.17233606
7384929.00000000	0.64090558	-0.03722424	-0.25377692
7379929.00000000	0.60451767	-0.03566260	-0.33119614
7374929.00000000	0.55684415	-0.03303726	-0.40518546
7369929.00000000	0.49959036	-0.02915143	-0.47233295
7364929.00000000	0.43590176	-0.02419244	-0.52979730
7359929.00000000	0.36426154	-0.01872009	-0.57939276
7354929.00000000	0.29234637	-0.01366724	-0.61704001
7349929.00000000	0.21662573	-0.00913745	-0.64610193
7344929.00000000	0.13847137	-0.00493115	-0.66616840
7339929.00000000	0.06248846	-0.00100378	-0.67700641
7334929.00000000	-0.01775760	0.00312918	-0.67939890
7329929.00000000	-0.09605374	0.00697589	-0.67262241
7324929.00000000	-0.17525443	0.01124802	-0.65610385
7319929.00000000	-0.25488000	0.01585718	-0.62857251
7314929.00000000	-0.32987701	0.02014896	-0.59138898
7309929.00000000	-0.40376120	0.02454114	-0.54236719
7304929.00000000	-0.46794370	0.02824106	-0.48753827
7299929.00000000	-0.52563315	0.03127594	-0.42530579
7294929.00000000	-0.57643420	0.03346350	-0.35548721
7289929.00000000	-0.61620273	0.03526660	-0.28479565
7284929.00000000	-0.64804440	0.03681744	-0.20911572
7279929.00000000	-0.67039838	0.03773706	-0.13289917
7274929.00000000	-0.68410388	0.03815915	-0.05593024
7269929.00000000	-0.68924533	0.03880225	0.02386447
7264929.00000000	-0.68495764	0.03958813	0.10422006
7259929.00000000	-0.67105133	0.04012546	0.18343073
7254929.00000000	-0.64617343	0.03977515	0.26335068
7249929.00000000	-0.61078912	0.03856906	0.33950894
7244929.00000000	-0.56397037	0.03638306	0.41264386
7239929.00000000	-0.50934082	0.03315250	0.47702097
7234929.00000000	-0.44634695	0.02906586	0.53407123
7229929.00000000	-0.37616208	0.02412924	0.58266006
7224929.00000000	-0.30623834	0.01936261	0.61932745
7219929.00000000	-0.22990988	0.01452200	0.64828247
7214929.00000000	-0.15240118	0.01032043	0.66789136
7209929.00000000	-0.07663779	0.00613235	0.67826459
7204929.00000000	0.00396399	0.00163467	0.68037335
7199929.00000000	0.08296472	-0.00326083	0.67343350
7194929.00000000	0.16340494	-0.00860513	0.65667877
7189929.00000000	0.24292267	-0.01445288	0.62960364
7184929.00000000	0.32068381	-0.02091797	0.59162332
7179929.00000000	0.39494525	-0.02739359	0.54303586
7174929.00000000	0.46181735	-0.03321869	0.48658896
7169929.00000000	0.52244666	-0.03822870	0.42148297
7164929.00000000	0.57176132	-0.04216223	0.35393530
7159929.00000000	0.61213443	-0.04519955	0.28254977
7154929.00000000	0.64381537	-0.04791238	0.20705054
7149929.00000000	0.66574051	-0.05010931	0.13184869
7144929.00000000	0.67906543	-0.05202795	0.05448663
7139929.00000000	0.68337820	-0.05337039	-0.02502411
7134929.00000000	0.67809543	-0.05470673	-0.10421783
7129929.00000000	0.66240634	-0.05568103	-0.18407236
7124929.00000000	0.63605066	-0.05498151	-0.26204291
7119929.00000000	0.59860641	-0.05247379	-0.33719901
7114929.00000000	0.54984509	-0.04799951	-0.40867697
7109929.00000000	0.49367526	-0.04210092	-0.47121597
7104929.00000000	0.42877698	-0.03495502	-0.52694379
7099929.00000000	0.35948019	-0.02748093	-0.57255527
7094929.00000000	0.28787241	-0.02040289	-0.60834164
7089929.00000000	0.20959964	-0.01357724	-0.63674042
7084929.00000000	0.13573788	-0.00760086	-0.65471918
7079929.00000000	0.05792499	-0.00148853	-0.66503827
7074929.00000000	-0.02169684	0.00446960	-0.66668857
7069929.00000000	-0.10004977	0.01067169	-0.65971979
7064929.00000000	-0.18079544	0.01735083	-0.64254352
7059929.00000000	-0.25866992	0.02391815	-0.61546268
7054929.00000000	-0.33542215	0.03033463	-0.57729825
7049929.00000000	-0.40559354	0.03570364	-0.53032935
7044929.00000000	-0.46889511	0.03986224	-0.47524078
7039929.00000000	-0.52569070	0.04345288	-0.41154666
7034929.00000000	-0.57272849	0.04567181	-0.34347110
7029929.00000000	-0.61006732	0.04697696	-0.27259543
7024929.00000000	-0.63928421	0.04768893	-0.19681650
7019929.00000000	-0.65881769	0.04849844	-0.12197998
7014929.00000000	-0.67011951	0.04945941	-0.04334732
7009929.00000000	-0.67239542	0.05009863	0.03602753
7004929.00000000	-0.66559280	0.05054892	0.11319080
6999929.00000000	-0.64836887	0.05061993	0.19394037
6994929.00000000	-0.62154343	0.05016763	0.27079681
6989929.00000000	-0.58299277	0.04783301	0.34700510
6984929.00000000	-0.53529001	0.04436484	0.41674570
6979929.00000000	-0.47930624	0.03969647	0.47890887
6974929.00000000	-0.41288791	0.03438556	0.53548352
6969929.00000000	-0.34590393	0.02903812	0.57906403
6964929.00000000	-0.27237668	0.02344562	0.61513364
6959929.00000000	-0.19659421	0.01833954	0.64213623
6954929.00000000	-0.11980850	0.01317648	0.66034683
6949929.00000000	-0.03982336	0.00804523	0.67051447
6944929.00000000	0.03946072	0.00230432	0.67180386
6939929.00000000	0.12054868	-0.00426941	0.66397021
6934929.00000000	0.20248016	-0.01189700	0.64573489
6929929.00000000	0.28253964	-0.02039316	0.61677426
6924929.00000000	0.35826132	-0.02918735	0.57721976
6919929.00000000	0.42794736	-0.03724869	0.52768497
6914929.00000000	0.49015347	-0.04413223	0.46950714
6909929.00000000	0.54491678	-0.04927924	0.40274393
6904929.00000000	0.58848615	-0.05276566	0.33346890
6899929.00000000	0.62374274	-0.05472061	0.25904855
6894929.00000000	0.64985376	-0.05571249	0.18219211
6889929.00000000	0.66634543	-0.05650394	0.10723907
6884929.00000000	0.67488547	-0.05767941	0.02718622
6879929.00000000	0.67428125	-0.05859778	-0.05161700
6874929.00000000	0.66392230	-0.05822476	-0.13244629
6869929.00000000	0.64317148	-0.05768912	-0.21258844
6864929.00000000	0.61211264	-0.05635010	-0.28964719
6859929.00000000	0.56935889	-0.05387491	-0.36510013
6854929.00000000	0.51800421	-0.04984485	-0.43291254
6849929.00000000	0.45716415	-0.04511237	-0.49482788
6844929.00000000	0.39183698	-0.03973117	-0.54634372
6839929.00000000	0.32170773	-0.03428168	-0.58895581
6834929.00000000	0.24643192	-0.02858539	-0.62327747
6829929.00000000	0.17056720	-0.02308908	-0.64787057
6824929.00000000	0.09260858	-0.01739182	-0.66396283
6819929.00000000	0.01182416	-0.01118369	-0.67158228
6814929.00000000	-0.06946393	-0.00417212	-0.66989056
6809929.00000000	-0.15099023	0.00412738	-0.65861414
6804929.00000000	-0.23221259	0.01370871	-0.63675812
6799929.00000000	-0.31162598	0.02359842	-0.60378561
6794929.00000000	-0.38707904	0.03344992	-0.55958594
6789929.00000000	-0.45426804	0.04230197	-0.50692355
6784929.00000000	-0.51442352	0.04960901	-0.44527475
6779929.00000000	-0.56433014	0.05499237	-0.37876691
6774929.00000000	-0.60456946	0.05881900	-0.30851297
6769929.00000000	-0.63626035	0.06188690	-0.23333429
6764929.00000000	-0.65770941	0.06349283	-0.16026395
6759929.00000000	-0.67117776	0.06521924	-0.08325269
6754929.00000000	-0.67579745	0.06683093	-0.00532327
6749929.00000000	-0.67125668	0.06868555	0.07289697
6744929.00000000	-0.65660031	0.07032724	0.15349100
6739929.00000000	-0.63177371	0.07078012	0.23227637
6734929.00000000	-0.59552402	0.06962558	0.31070117
6729929.00000000	-0.55057382	0.06676208	0.38255560
6724929.00000000	-0.49689008	0.06192685	0.44854150
6719929.00000000	-0.43451758	0.05468958	0.50808630
6714929.00000000	-0.36857199	0.04627560	0.55698901
6709929.00000000	-0.29842374	0.03783481	0.59728720
6704929.00000000	-0.22474411	0.02957385	0.62898599
6699929.00000000	-0.15015506	0.02166852	0.65138379
6694929.00000000	-0.07304227	0.01378146	0.66559613
6689929.00000000	0.00627060	0.00604272	0.67125787
6684929.00000000	0.08288019	-0.00190768	0.66806384
6679929.00000000	0.16264633	-0.01026108	0.65495975
6674929.00000000	0.24082996	-0.01878369	0.63126349
6669929.00000000	0.31520312	-0.02662296	0.59708841
6664929.00000000	0.38546585	-0.03360818	0.55245804
6659929.00000000	0.44964456	-0.03936066	0.49840433
6654929.00000000	0.50748459	-0.04419067	0.43526907
6649929.00000000	0.55449640	-0.04775565	0.36903879
6644929.00000000	0.59368326	-0.05084723	0.29708923
6639929.00000000	0.62372623	-0.05405695	0.22227039
6634929.00000000	0.64453207	-0.05672894	0.14798959
6629929.00000000	0.65754166	-0.05935403	0.07018924
6624929.00000000	0.66191760	-0.06252997	-0.00769733
6619929.00000000	0.65750229	-0.06550748	-0.08730832
6614929.00000000	0.64348041	-0.06842206	-0.16804794
6609929.00000000	0.61980539	-0.06954102	-0.24652673
6604929.00000000	0.58515317	-0.06922180	-0.32448895
6599929.00000000	0.54132874	-0.06622083	-0.39613708
6594929.00000000	0.48790027	-0.06143393	-0.46223013
6589929.00000000	0.42782281	-0.05455377	-0.51902545
6584929.00000000	0.36240018	-0.04672281	-0.56653793
6579929.00000000	0.29159796	-0.03865915	-0.60571573
6574929.00000000	0.21900903	-0.03038889	-0.63565970
6569929.00000000	0.14431863	-0.02253452	-0.65737134
6564929.00000000	0.06646518	-0.01412711	-0.67117487
6559929.00000000	-0.01168829	-0.00583728	-0.67659973
6554929.00000000	-0.09052994	0.00311581	-0.67338278
6549929.00000000	-0.17076263	0.01293805	-0.66034830
6544929.00000000	-0.25002490	0.02318665	-0.63684546
6539929.00000000	-0.32818509	0.03355908	-0.60189456
6534929.00000000	-0.39955228	0.04321542	-0.55769165
6529929.00000000	-0.46549997	0.05153296	-0.50343716
6524929.00000000	-0.52264612	0.05842670	-0.44212619
6519929.00000000	-0.57076337	0.06312314	-0.37524167
6514929.00000000	-0.61013559	0.06645279	-0.30256042
6509929.00000000	-0.63866913	0.06864783	-0.23097565
6504929.00000000	-0.65925079	0.07118188	-0.15538666
6499929.00000000	-0.67157010	0.07294348	-0.07703000
6494929.00000000	-0.67491861	0.07478119	0.00111230
6489929.00000000	-0.66888586	0.07646735	0.08243845
6484929.00000000	-0.65285184	0.07743942	0.16287448
6479929.00000000	-0.62568253	0.07749863	0.24377869
6474929.00000000	-0.58848621	0.07563654	0.32019098
6469929.00000000	-0.54170813	0.07197110	0.39161523
6464929.00000000	-0.48513275	0.06671088	0.45819543
6459929.00000000	-0.42275589	0.06018839	0.51545999
6454929.00000000	-0.35533179	0.05231909	0.56376031
6449929.00000000	-0.28293582	0.04388715	0.60343741
6444929.00000000	-0.20962781	0.03609723	0.63339832
6439929.00000000	-0.13322357	0.02839020	0.65524942
6434929.00000000	-0.05435809	0.02044202	0.66861572
6429929.00000000	0.02271219	0.01222476	0.67282886
6424929.00000000	0.10422263	0.00269513	0.66813715
6419929.00000000	0.18399176	-0.00775232	0.65342691
6414929.00000000	0.26331421	-0.01954907	0.62786600
6409929.00000000	0.33912686	-0.03119150	0.59128946
6404929.00000000	0.40945404	-0.04237485	0.54462888
6399929.00000000	0.47512408	-0.05257315	0.48648077
6394929.00000000	0.52911328	-0.06096747	0.42408270
6389929.00000000	0.57492404	-0.06777975	0.35502841
6384929.00000000	0.61138785	-0.07325742	0.28231479
6379929.00000000	0.63828381	-0.07755200	0.20843558
6374929.00000000	0.65694855	-0.08221790	0.13069354
6369929.00000000	0.66668796	-0.08681781	0.05330243
6364929.00000000	0.66781430	-0.09105688	-0.02509296
6359929.00000000	0.65952704	-0.09537222	-0.10627438
6354929.00000000	0.64162506	-0.09852768	-0.18578085
6349929.00000000	0.61392166	-0.09986053	-0.26397516
6344929.00000000	0.57626523	-0.09815271	-0.33945602
6339929.00000000	0.53041736	-0.09333911	-0.40870044
6334929.00000000	0.47458267	-0.08530426	-0.47341156
6329929.00000000	0.41389862	-0.07496515	-0.52767780
6324929.00000000	0.34723773	-0.06346478	-0.57342087
6319929.00000000	0.27551367	-0.05139792	-0.61037936
6314929.00000000	0.20470312	-0.04016745	-0.63701224
6309929.00000000	0.12839294	-0.02865500	-0.65629968
6304929.00000000	0.05222641	-0.01787405	-0.66700165
6299929.00000000	-0.02658511	-0.00586545	-0.66934253
6294929.00000000	-0.10720993	0.00680566	-0.66223880
6289929.00000000	-0.18595493	0.01984106	-0.64539703
6284929.00000000	-0.26589288	0.03369559	-0.61720514
6279929.00000000	-0.34086536	0.04718448	-0.57872189
6274929.00000000	-0.41225397	0.05884323	-0.52890967
6269929.00000000	-0.47514905	0.06859497	-0.47118381
6264929.00000000	-0.52903195	0.07601147	-0.40745883
6259929.00000000	-0.57493323	0.08149304	-0.33696149
6254929.00000000	-0.61092767	0.08525955	-0.26403201
6249929.00000000	-0.63786887	0.08790421	-0.18911276
6244929.00000000	-0.65645886	0.09059796	-0.11090585
6239929.00000000	-0.66629059	0.09326901	-0.03253955
6234929.00000000	-0.66759619	0.09589633	0.04775644
6229929.00000000	-0.65978342	0.09740759	0.12883191
6224929.00000000	-0.64233118	0.09791553	0.20944614
6219929.00000000	-0.61399704	0.09629535	0.29028189
6214929.00000000	-0.57631091	0.09271365	0.36534680
6209929.00000000	-0.52879184	0.08570697	0.43485199
6204929.00000000	-0.47222580	0.07674582	0.49714890
6199929.00000000	-0.41024704	0.06679623	0.54893332
6194929.00000000	-0.34060428	0.05639337	0.59336716
6189929.00000000	-0.27010800	0.04643289	0.62667917
6184929.00000000	-0.19565689	0.03634128	0.65193765
6179929.00000000	-0.11757916	0.02648035	0.66922830
6174929.00000000	-0.04047510	0.01670749	0.67768463
6169929.00000000	0.04054913	0.00579425	0.67768970
6164929.00000000	0.12065744	-0.00637073	0.66826129
6159929.00000000	0.20217258	-0.02018488	0.64815942
6154929.00000000	0.28171588	-0.03476160	0.61710278
6149929.00000000	0.35646207	-0.04919135	0.57610797
6144929.00000000	0.42804984	-0.06282202	0.52345056
6139929.00000000	0.48986273	-0.07375684	0.46443460
6134929.00000000	0.54321219	-0.08221570	0.39921262
6129929.00000000	0.58770181	-0.08836383	0.32879166
6124929.00000000	0.62170755	-0.09279520	0.25792133
6119929.00000000	0.64746872	-0.09645218	0.18331219
6114929.00000000	0.66452753	-0.09968219	0.10628696
6109929.00000000	0.67247751	-0.10250870	0.03002734
6104929.00000000	0.67133521	-0.10533023	-0.04982574
6099929.00000000	0.66009976	-0.10720349	-0.12957178
6094929.00000000	0.63861484	-0.10685690	-0.20769122
6089929.00000000	0.60556390	-0.10457242	-0.28623257
6084929.00000000	0.56305048	-0.09951251	-0.35880206
6079929.00000000	0.51018054	-0.09186334	-0.42774774
6074929.00000000	0.44984021	-0.08130615	-0.48860336
6069929.00000000	0.38409137	-0.06953043	-0.54088071
6064929.00000000	0.31282202	-0.05705823	-0.58468558
6059929.00000000	0.24311774	-0.04558392	-0.61744760
6054929.00000000	0.16842432	-0.03420898	-0.64274893
6049929.00000000	0.09331003	-0.02294348	-0.65957098
6044929.00000000	0.01675900	-0.01145743	-0.66818393
6039929.00000000	-0.06129886	0.00039679	-0.66773639
6034929.00000000	-0.13809012	0.01289044	-0.65754163
6029929.00000000	-0.21503339	0.02537628	-0.63639752
6024929.00000000	-0.29038306	0.03750546	-0.60387219
6019929.00000000	-0.36180780	0.04817215	-0.56068161
6014929.00000000	-0.42736862	0.05681042	-0.50848816
6009929.00000000	-0.48614407	0.06380026	-0.44885330
6004929.00000000	-0.53800238	0.06921271	-0.38254010
5999929.00000000	-0.58100940	0.07355743	-0.31196881
5994929.00000000	-0.61479187	0.07703046	-0.23947067
5989929.00000000	-0.64074146	0.08003125	-0.16345688
5984929.00000000	-0.65810507	0.08336215	-0.08598785
5979929.00000000	-0.66694763	0.08691354	-0.00854492
5974929.00000000	-0.66736084	0.09088968	0.07233786
5969929.00000000	-0.65890262	0.09438165	0.15238937
5964929.00000000	-0.64039847	0.09615646	0.23423178
5959929.00000000	-0.61164017	0.09588489	0.31265131
5954929.00000000	-0.57237592	0.09318726	0.38689487
5949929.00000000	-0.52215985	0.08733475	0.45524591
5944929.00000000	-0.46457004	0.07898566	0.51298856
5939929.00000000	-0.39817410	0.06873621	0.56208313
5934929.00000000	-0.32910623	0.05820642	0.59991455
5929929.00000000	-0.25664944	0.04763055	0.62882825
5924929.00000000	-0.18109070	0.03684616	0.64931308
5919929.00000000	-0.10462347	0.02572009	0.66131790
5914929.00000000	-0.02626370	0.01452167	0.66480646
5909929.00000000	0.05427478	0.00230051	0.65918872
5904929.00000000	0.13613315	-0.01146494	0.64346198
5899929.00000000	0.21628821	-0.02638602	0.61742783
5894929.00000000	0.29353198	-0.04106140	0.58131854
5889929.00000000	0.36791989	-0.05341324	0.53416437
5884929.00000000	0.43667538	-0.06401035	0.47781619
5879929.00000000	0.49542569	-0.07227719	0.41689871
5874929.00000000	0.54697311	-0.07868167	0.34904553
5869929.00000000	0.58803534	-0.08326099	0.27925327
5864929.00000000	0.62008731	-0.08691666	0.20675839
5859929.00000000	0.64386517	-0.09019675	0.13075235
5854929.00000000	0.65828027	-0.09280252	0.05705444
5849929.00000000	0.66490286	-0.09507797	-0.02169183
5844929.00000000	0.66255542	-0.09682837	-0.10103354
5839929.00000000	0.65080273	-0.09820139	-0.18017776
5834929.00000000	0.62870297	-0.09718036	-0.25990277
5829929.00000000	0.59726462	-0.09367276	-0.33453430
5824929.00000000	0.55484262	-0.08791650	-0.40646820
5819929.00000000	0.50528479	-0.07956100	-0.46887006
5814929.00000000	0.44916641	-0.07020001	-0.52312494
5809929.00000000	0.38458237	-0.05874860	-0.57011288
5804929.00000000	0.31711993	-0.04822543	-0.60747894
5799929.00000000	0.24539789	-0.03767697	-0.63695880
5794929.00000000	0.17139056	-0.02692072	-0.65852371
5789929.00000000	0.09730161	-0.01620380	-0.67170987
5784929.00000000	0.01908197	-0.00514420	-0.67717361
5779929.00000000	-0.06042587	0.00723764	-0.67346213
5774929.00000000	-0.13879987	0.02065121	-0.66042468
5769929.00000000	-0.21907385	0.03558176	-0.63656067
5764929.00000000	-0.29581030	0.04971021	-0.60234225
5759929.00000000	-0.37081372	0.06310403	-0.55664551
5754929.00000000	-0.43891199	0.07430197	-0.50252637
5749929.00000000	-0.49948953	0.08376465	-0.44098682
5744929.00000000	-0.55222052	0.09100198	-0.37265564
5739929.00000000	-0.59356808	0.09578271	-0.30422968
5734929.00000000	-0.62747031	0.09970288	-0.23076102
5729929.00000000	-0.65206827	0.10258893	-0.15694647
5724929.00000000	-0.66818439	0.10570639	-0.08219669
5719929.00000000	-0.67633920	0.10845615	-0.00351859
5714929.00000000	-0.67545584	0.11085004	0.07455771
5709929.00000000	-0.66506479	0.11179703	0.15483896
5704929.00000000	-0.64430426	0.11047925	0.23446759
5699929.00000000	-0.61267584	0.10584885	0.31122534
5694929.00000000	-0.57025031	0.09786191	0.38338858
5689929.00000000	-0.51914502	0.08764676	0.44773187
5684929.00000000	-0.45957089	0.07572058	0.50456055
5679929.00000000	-0.39356342	0.06321976	0.55277429
5674929.00000000	-0.32428955	0.05066122	0.59104694
5669929.00000000	-0.25000851	0.03888232	0.62217395
5664929.00000000	-0.17380643	0.02777026	0.64464420
5659929.00000000	-0.09900766	0.01752481	0.65872348
5654929.00000000	-0.01910944	0.00613138	0.66553369
5649929.00000000	0.06070901	-0.00612201	0.66313870
5644929.00000000	0.14237427	-0.01944202	0.65059216
5639929.00000000	0.22175455	-0.03341525	0.62790842
5634929.00000000	0.29858279	-0.04735059	0.59429703
5629929.00000000	0.37291931	-0.06096707	0.54911664
5624929.00000000	0.43825647	-0.07258615	0.49620428
5619929.00000000	0.49758127	-0.08306436	0.43342154
5614929.00000000	0.54572968	-0.09117819	0.36767142
5609929.00000000	0.58520673	-0.09807813	0.29764822
5604929.00000000	0.61672745	-0.10329111	0.22367426
5599929.00000000	0.63937628	-0.10777094	0.14942270
5594929.00000000	0.65420798	-0.11220486	0.07239377
5589929.00000000	0.66072958	-0.11667029	-0.00696503
5584929.00000000	0.65860468	-0.12040112	-0.08785193
5579929.00000000	0.64766586	-0.12287839	-0.16844577
5574929.00000000	0.62739935	-0.12264362	-0.24900290
5569929.00000000	0.59711993	-0.11893933	-0.32824118
5564929.00000000	0.55708340	-0.11126572	-0.40274255
5559929.00000000	0.50912656	-0.10023734	-0.46838513
5554929.00000000	0.45168832	-0.08652957	-0.52696420
5549929.00000000	0.38929059	-0.07224402	-0.57460550
5544929.00000000	0.32177377	-0.05794397	-0.61308521
5539929.00000000	0.24748700	-0.04360388	-0.64385583
5534929.00000000	0.17411694	-0.03159399	-0.66477277
5529929.00000000	0.09718109	-0.01854196	-0.67775922
5524929.00000000	0.01771408	-0.00491946	-0.68243979
5519929.00000000	-0.06234708	0.00999466	-0.67749310
5514929.00000000	-0.14409662	0.02701559	-0.66194061
5509929.00000000	-0.22239151	0.04437790	-0.63565341
5504929.00000000	-0.30136154	0.06242844	-0.59622504
5499929.00000000	-0.37290793	0.07832355	-0.54672626
5494929.00000000	-0.43663754	0.09130630	-0.48886346
5489929.00000000	-0.49408441	0.10192371	-0.42119577
5484929.00000000	-0.53962076	0.10869443	-0.35280399
5479929.00000000	-0.57670261	0.11392874	-0.27976010
5474929.00000000	-0.60495737	0.11794763	-0.20435336
5469929.00000000	-0.62434634	0.12121628	-0.12816391
5464929.00000000	-0.63535773	0.12400928	-0.04815094
5459929.00000000	-0.63714130	0.12665347	0.03192389
5454929.00000000	-0.62977673	0.12801855	0.11229953
5449929.00000000	-0.61182785	0.12704041	0.19630359
5444929.00000000	-0.58371780	0.12263901	0.27754324
5439929.00000000	-0.54559567	0.11508987	0.35533331
5434929.00000000	-0.49885651	0.10452243	0.42672470
5429929.00000000	-0.44414954	0.09040961	0.49008932
5424929.00000000	-0.38183502	0.07465198	0.54547693
5419929.00000000	-0.31695465	0.05904541	0.58933154
5414929.00000000	-0.24614352	0.04379318	0.62535858
5409929.00000000	-0.17434256	0.02927856	0.65189578
5404929.00000000	-0.10209195	0.01574533	0.67028375
5399929.00000000	-0.02539386	0.00144141	0.68109879
5394929.00000000	0.05053326	-0.01308347	0.68327200
5389929.00000000	0.12794843	-0.02870847	0.67598807
5384929.00000000	0.20606760	-0.04559726	0.65773160
5379929.00000000	0.28028412	-0.06161359	0.62864923
5374929.00000000	0.35278073	-0.07699316	0.58739325
5369929.00000000	0.41777933	-0.08943982	0.53749280
5364929.00000000	0.47812711	-0.09891028	0.47726364
5359929.00000000	0.52914212	-0.10534155	0.41232498
5354929.00000000	0.57082742	-0.10963538	0.34424689
5349929.00000000	0.60511127	-0.11265814	0.27113257
5344929.00000000	0.63024106	-0.11506793	0.19767068
5339929.00000000	0.64746442	-0.11711700	0.12237180
5334929.00000000	0.65692221	-0.11895215	0.04313916
5329929.00000000	0.65796805	-0.12020493	-0.03654190
5324929.00000000	0.64999652	-0.12002335	-0.11825101
5319929.00000000	0.63239169	-0.11765649	-0.20051056
5314929.00000000	0.60477103	-0.11186273	-0.28056613
5309929.00000000	0.56620346	-0.10269638	-0.35850906
5304929.00000000	0.52003317	-0.09123325	-0.42731543
5299929.00000000	0.46527460	-0.07756021	-0.48891580
5294929.00000000	0.40384946	-0.06259488	-0.54132800
5289929.00000000	0.33875024	-0.04791678	-0.58344171
5284929.00000000	0.26689023	-0.03307440	-0.61821179
5279929.00000000	0.19731427	-0.02022644	-0.64276624
5274929.00000000	0.12297852	-0.00684256	-0.65999280
5269929.00000000	0.04626270	0.00689648	-0.66890463
5264929.00000000	-0.03003082	0.02096033	-0.66915796
5259929.00000000	-0.10953299	0.03585916	-0.65937766
5254929.00000000	-0.18787335	0.05098190	-0.63928299
5249929.00000000	-0.26617407	0.06542575	-0.60801254
5244929.00000000	-0.34022668	0.07864447	-0.56698401
5239929.00000000	-0.40727863	0.08963159	-0.51808051
5234929.00000000	-0.46889804	0.09936084	-0.45989044
5229929.00000000	-0.52101337	0.10605716	-0.39709763
5224929.00000000	-0.56429245	0.11105865	-0.33028094
5219929.00000000	-0.59996082	0.11443484	-0.25823874
5214929.00000000	-0.62589371	0.11720728	-0.18634964
5209929.00000000	-0.64422781	0.11978970	-0.11090274
5204929.00000000	-0.65445096	0.12183957	-0.03157135
5199929.00000000	-0.65600833	0.12328906	0.04666168
5194929.00000000	-0.64835251	0.12316147	0.13007144
5189929.00000000	-0.63156583	0.12103989	0.21091754
5184929.00000000	-0.60413351	0.11585049	0.29265103
5179929.00000000	-0.56678726	0.10677588	0.36950290
5174929.00000000	-0.52087259	0.09534872	0.43890244
5169929.00000000	-0.46409378	0.08147751	0.50331686
5164929.00000000	-0.40415918	0.06714142	0.55477609
5159929.00000000	-0.33480209	0.05209564	0.59932910
5154929.00000000	-0.26356622	0.03717822	0.63312061
5149929.00000000	-0.19178448	0.02307727	0.65768723
5144929.00000000	-0.11538254	0.00842484	0.67492596
5139929.00000000	-0.03915768	-0.00643005	0.68324304
5134929.00000000	0.03746512	-0.02209927	0.68294073
5129929.00000000	0.11656375	-0.03945316	0.67288196
5124929.00000000	0.19436078	-0.05699030	0.65217825
5119929.00000000	0.27069620	-0.07458554	0.62012936
5114929.00000000	0.34311337	-0.09072113	0.57715121
5109929.00000000	0.41035565	-0.10449991	0.52406622
5104929.00000000	0.47091980	-0.11522623	0.46207034
5099929.00000000	0.52211066	-0.12286465	0.39523123
5094929.00000000	0.56551251	-0.12785052	0.32248770
5089929.00000000	0.59977344	-0.13063800	0.24766913
5084929.00000000	0.62443112	-0.13320349	0.17365173
5079929.00000000	0.64168649	-0.13590204	0.09479718
5074929.00000000	0.65035898	-0.13819952	0.01706955
5069929.00000000	0.65078238	-0.13977930	-0.06566077
5064929.00000000	0.64178983	-0.13957770	-0.14907724
5059929.00000000	0.62298044	-0.13650742	-0.23160754
5054929.00000000	0.59331644	-0.12937598	-0.31335153
5049929.00000000	0.55464981	-0.11822488	-0.38735956
5044929.00000000	0.50477930	-0.10313657	-0.45659708
5039929.00000000	0.44901578	-0.08619330	-0.51357700
5034929.00000000	0.38744281	-0.06863971	-0.56070099
5029929.00000000	0.31815366	-0.05053912	-0.59984760
5024929.00000000	0.24869254	-0.03376205	-0.62832745
5019929.00000000	0.17573886	-0.01726099	-0.64902570
5014929.00000000	0.09950677	-0.00060458	-0.66187347
5009929.00000000	0.02176910	0.01699567	-0.66625259
5004929.00000000	-0.05717474	0.03556433	-0.66108289
4999929.00000000	-0.13702936	0.05545349	-0.64549673
4994929.00000000	-0.21716296	0.07593152	-0.61787253
4989929.00000000	-0.29516818	0.09541519	-0.57845520
4984929.00000000	-0.36709628	0.11198517	-0.52916861
4979929.00000000	-0.43393005	0.12518277	-0.46985931
4974929.00000000	-0.49238367	0.13442258	-0.40419324
4969929.00000000	-0.54099216	0.14062265	-0.33499771
4964929.00000000	-0.58120367	0.14533612	-0.26141293
4959929.00000000	-0.61108804	0.14824902	-0.18956165
4954929.00000000	-0.63357101	0.15070209	-0.11359479
4949929.00000000	-0.64802832	0.15259262	-0.03425330
4944929.00000000	-0.65369730	0.15418057	0.04431952
4939929.00000000	-0.65079034	0.15367014	0.12747968
4934929.00000000	-0.63849643	0.14987265	0.20955103
4929929.00000000	-0.61540607	0.14156879	0.29191162
4924929.00000000	-0.58258392	0.12981470	0.36779666
4919929.00000000	-0.54047299	0.11495465	0.43685886
4914929.00000000	-0.48735254	0.09666745	0.50027924
4909929.00000000	-0.42962265	0.07842090	0.55132339
4904929.00000000	-0.36525763	0.06015781	0.59447992
4899929.00000000	-0.29619760	0.04267200	0.62960211
4894929.00000000	-0.22618979	0.02612329	0.65571326
4889929.00000000	-0.15143558	0.00929987	0.67525742
4884929.00000000	-0.07604883	-0.00789359	0.68665634
4879929.00000000	0.00032538	-0.02600464	0.68988284
4874929.00000000	0.07980011	-0.04608737	0.68300961
4869929.00000000	0.15911877	-0.06729980	0.66520645
4864929.00000000	0.23826334	-0.08845432	0.63529913
4859929.00000000	0.31772461	-0.10809140	0.59181186
4854929.00000000	0.38851688	-0.12480035	0.53964737
4849929.00000000	0.45371548	-0.13779391	0.47783691
4844929.00000000	0.50840512	-0.14683215	0.41264746
4839929.00000000	0.55476529	-0.15261575	0.34323053
4834929.00000000	0.59301764	-0.15629544	0.26956723
4829929.00000000	0.62089493	-0.15901355	0.19779373
4824929.00000000	0.64171259	-0.16114755	0.12136478
4819929.00000000	0.65397849	-0.16301041	0.04465411
4814929.00000000	0.65808469	-0.16398956	-0.03499313
4809929.00000000	0.65319824	-0.16330295	-0.11724799
4804929.00000000	0.63878714	-0.15963879	-0.19844958
4799929.00000000	0.61255325	-0.15247269	-0.28285452
4794929.00000000	0.57761740	-0.14143143	-0.35924997
4789929.00000000	0.53180029	-0.12632202	-0.43238916
4784929.00000000	0.47945227	-0.10882108	-0.49555182
4779929.00000000	0.42062289	-0.08959317	-0.54956070
4774929.00000000	0.35502988	-0.06961157	-0.59490863
4769929.00000000	0.28723264	-0.05105096	-0.62980087
4764929.00000000	0.21669379	-0.03360431	-0.65608649
4759929.00000000	0.14206140	-0.01620404	-0.67507932
4754929.00000000	0.06649136	0.00142615	-0.68585425
4749929.00000000	-0.00956180	0.01998517	-0.68813339
4744929.00000000	-0.08799408	0.04058090	-0.68083218
4739929.00000000	-0.16556140	0.06263821	-0.66285712
4734929.00000000	-0.24385245	0.08584311	-0.63229581
4729929.00000000	-0.31759784	0.10729877	-0.59048337
4724929.00000000	-0.38764590	0.12596414	-0.53739224
4719929.00000000	-0.45151157	0.14052466	-0.47496307
4714929.00000000	-0.50595874	0.15013025	-0.40829187
4709929.00000000	-0.55409775	0.15637772	-0.33390366
4704929.00000000	-0.59052493	0.15976559	-0.26161563
4699929.00000000	-0.61928543	0.16205197	-0.18555316
4694929.00000000	-0.63975134	0.16392056	-0.10701617
4689929.00000000	-0.65159955	0.16530270	-0.02763745
4684929.00000000	-0.65499771	0.16581174	0.05635544
4679929.00000000	-0.64925171	0.16417734	0.14095068
4674929.00000000	-0.63331589	0.15889871	0.22788226
4669929.00000000	-0.60698984	0.14907721	0.31202213
4664929.00000000	-0.57053391	0.13480856	0.39022568
4659929.00000000	-0.52304446	0.11630740	0.46249866
4654929.00000000	-0.46717703	0.09585376	0.52399933
4649929.00000000	-0.40511792	0.07543057	0.57407385
4644929.00000000	-0.33367410	0.05483752	0.61610779
4639929.00000000	-0.26345419	0.03655258	0.64649011
4634929.00000000	-0.18880536	0.01888739	0.66943729
4629929.00000000	-0.11130234	0.00139413	0.68424518
4624929.00000000	-0.03604993	-0.01610602	0.69060226
4619929.00000000	0.04416336	-0.03595520	0.68784079
4614929.00000000	0.12311420	-0.05731110	0.67478412
4609929.00000000	0.20295255	-0.07966879	0.64941956
4604929.00000000	0.28007169	-0.10097479	0.61181207
4599929.00000000	0.35200858	-0.11955917	0.56347504
4594929.00000000	0.42089297	-0.13515121	0.50309787
4589929.00000000	0.47851620	-0.14573883	0.43871692
4584929.00000000	0.52802878	-0.15278683	0.36942017
4579929.00000000	0.56917651	-0.15714761	0.29649185
4574929.00000000	0.60064719	-0.15988193	0.22402713
4569929.00000000	0.62499045	-0.16218195	0.14759018
4564929.00000000	0.64110034	-0.16412497	0.07064529
4559929.00000000	0.64939410	-0.16556052	-0.00793964
4554929.00000000	0.64961475	-0.16570151	-0.08973361
4549929.00000000	0.64109509	-0.16309439	-0.17242432
4544929.00000000	0.62309473	-0.15667249	-0.25430771
4539929.00000000	0.59500082	-0.14576776	-0.33382745
4534929.00000000	0.55753564	-0.13080905	-0.40686615
4529929.00000000	0.50990494	-0.11200357	-0.47423636
4524929.00000000	0.45567798	-0.09134479	-0.53061472
4519929.00000000	0.39477386	-0.06985825	-0.57779330
4514929.00000000	0.32688568	-0.04847299	-0.61654105
4509929.00000000	0.25973102	-0.02943088	-0.64486929
4504929.00000000	0.18667392	-0.01012207	-0.66691370
4499929.00000000	0.11216403	0.00930933	-0.68114828
4494929.00000000	0.03618918	0.02974612	-0.68745142
4489929.00000000	-0.04286780	0.05250626	-0.68471304
4484929.00000000	-0.12110831	0.07655884	-0.67138599
4479929.00000000	-0.20194162	0.10197440	-0.64522766
4474929.00000000	-0.27959225	0.12532904	-0.60674655
4469929.00000000	-0.35459958	0.14547098	-0.55583893
4464929.00000000	-0.42234247	0.16040912	-0.49644305
4459929.00000000	-0.48134534	0.16971320	-0.43142712
4454929.00000000	-0.53333386	0.17484885	-0.35964554
4449929.00000000	-0.57431580	0.17704745	-0.28764825
4444929.00000000	-0.60633319	0.17802780	-0.21435419
4439929.00000000	-0.63072528	0.17860654	-0.13665161
4434929.00000000	-0.64616531	0.17905640	-0.05813272
4429929.00000000	-0.65310995	0.17877274	0.02266980
4424929.00000000	-0.65107260	0.17669064	0.10680310
4419929.00000000	-0.63931113	0.17142041	0.19158084
4414929.00000000	-0.61772672	0.16207059	0.27514890
4409929.00000000	-0.58626425	0.14811487	0.35494989
4404929.00000000	-0.54459210	0.12943091	0.43008072
4399929.00000000	-0.49454871	0.10709439	0.49668207
4394929.00000000	-0.43830518	0.08329016	0.55224188
4389929.00000000	-0.37356003	0.05854858	0.59928375
4384929.00000000	-0.30771124	0.03641489	0.63460175
4379929.00000000	-0.23759015	0.01559491	0.66202448
4374929.00000000	-0.16353577	-0.00462238	0.68195706
4369929.00000000	-0.09012808	-0.02399811	0.69368759
4364929.00000000	-0.01306894	-0.04477655	0.69737051
4359929.00000000	0.06394766	-0.06612680	0.69161832
4354929.00000000	0.14251971	-0.08847073	0.67508075
4349929.00000000	0.22093661	-0.10974185	0.64658069
4344929.00000000	0.29494498	-0.12798972	0.60766797
4339929.00000000	0.36677475	-0.14299506	0.55750604
4334929.00000000	0.43068393	-0.15349136	0.50033203
4329929.00000000	0.48716342	-0.15971429	0.43718857
4324929.00000000	0.53684509	-0.16261203	0.36786783
4319929.00000000	0.57627826	-0.16314960	0.29819339
4314929.00000000	0.60799435	-0.16277475	0.22538318
4309929.00000000	0.63195966	-0.16237698	0.14918597
4304929.00000000	0.64710382	-0.16218460	0.07411832
4299929.00000000	0.65474191	-0.16170816	-0.00623813
4294929.00000000	0.65362720	-0.15997052	-0.08798666
4289929.00000000	0.64364377	-0.15604010	-0.16925616
4284929.00000000	0.62324500	-0.14844400	-0.25253641
4279929.00000000	0.59312045	-0.13719354	-0.33107083
4274929.00000000	0.55217401	-0.12200845	-0.40614917
4269929.00000000	0.50228793	-0.10371460	-0.47330536
4264929.00000000	0.44521136	-0.08389102	-0.53079990
4259929.00000000	0.37985840	-0.06304706	-0.57992816
4254929.00000000	0.31352002	-0.04425180	-0.61750958
4249929.00000000	0.24248016	-0.02628006	-0.64761511
4244929.00000000	0.16965210	-0.00939505	-0.66982739
4239929.00000000	0.09522226	0.00743164	-0.68446078
4234929.00000000	0.01746152	0.02525290	-0.69117596
4229929.00000000	-0.06030484	0.04386823	-0.68847980
4224929.00000000	-0.13975049	0.06369101	-0.67519852
4219929.00000000	-0.21816711	0.08319110	-0.64979822
4214929.00000000	-0.29392841	0.10096381	-0.61265463
4209929.00000000	-0.36486499	0.11592496	-0.56469388
4204929.00000000	-0.42989774	0.12734793	-0.50718970
4199929.00000000	-0.48719580	0.13513181	-0.44275507
4194929.00000000	-0.53709979	0.13968155	-0.37235385
4189929.00000000	-0.57711337	0.14183124	-0.30075470
4184929.00000000	-0.60954913	0.14294495	-0.22547821
4179929.00000000	-0.63351926	0.14384024	-0.14852994
4174929.00000000	-0.64885025	0.14492657	-0.07259174
4169929.00000000	-0.65667508	0.14599326	0.00784064
4164929.00000000	-0.65601001	0.14610999	0.08960251
4159929.00000000	-0.64626697	0.14422162	0.17410211
4154929.00000000	-0.62685260	0.13914603	0.25791019
4149929.00000000	-0.59784714	0.13020941	0.33840674
4144929.00000000	-0.55758157	0.11687427	0.41613397
4139929.00000000	-0.50956741	0.10050885	0.48382788
4134929.00000000	-0.45283160	0.08206970	0.54383994
4129929.00000000	-0.39088794	0.06363123	0.59313089
4124929.00000000	-0.32387695	0.04599039	0.63379019
4119929.00000000	-0.25161011	0.02945615	0.66713199
4114929.00000000	-0.17798373	0.01472287	0.69265140
4109929.00000000	-0.10023358	0.00070459	0.71146310
4104929.00000000	-0.01739401	-0.01267947	0.72271173
4099929.00000000	0.07085580	-0.02560690	0.72499350
4094929.00000000	0.16440573	-0.03924902	0.71703629
4089929.00000000	0.26269919	-0.05187033	0.69731561
4084929.00000000	0.36517117	-0.06417764	0.66476425
4079929.00000000	0.46645584	-0.07668149	0.61931369
4074929.00000000	0.55704715	-0.08854285	0.56332773
4069929.00000000	0.63505933	-0.09915552	0.49696872
4064929.00000000	0.69723422	-0.10739523	0.42379218
4059929.00000000	0.74427631	-0.11356039	0.34686356
4054929.00000000	0.77984897	-0.11929602	0.26389471
4049929.00000000	0.80214740	-0.12515106	0.18296567
4044929.00000000	0.81402783	-0.13257056	0.09526593
4039929.00000000	0.81305597	-0.14096039	0.00491196
4034929.00000000	0.79760556	-0.14925717	-0.08787167
4029929.00000000	0.76492615	-0.15526514	-0.18521637
4024929.00000000	0.71747000	-0.15547568	-0.27833926
4019929.00000000	0.65621756	-0.14731790	-0.36864371
4014929.00000000	0.58926361	-0.13147739	-0.44738269
4009929.00000000	0.51903525	-0.11070776	-0.51404495
4004929.00000000	0.44595023	-0.08813229	-0.56909180
3999929.00000000	0.37259055	-0.06625449	-0.61174097
3994929.00000000	0.29836105	-0.04547446	-0.64430222
3989929.00000000	0.22239838	-0.02583264	-0.66824484
3984929.00000000	0.14741870	-0.00746600	-0.68378403
3979929.00000000	0.07018872	0.01133890	-0.69099673
3974929.00000000	-0.00826019	0.03107501	-0.68933820
3969929.00000000	-0.08796198	0.05237466	-0.67773135
3964929.00000000	-0.16858496	0.07405737	-0.65451422
3959929.00000000	-0.24691165	0.09432739	-0.62019128
3954929.00000000	-0.32245035	0.11214252	-0.57498605
3949929.00000000	-0.39313800	0.12673654	-0.52037875
3944929.00000000	-0.45614716	0.13742264	-0.45898187
3939929.00000000	-0.51243808	0.14459921	-0.39034412
3934929.00000000	-0.55729214	0.14832596	-0.32174942
3929929.00000000	-0.59505447	0.15066760	-0.24838751
3924929.00000000	-0.62420337	0.15222324	-0.17370975
3919929.00000000	-0.64520792	0.15333823	-0.09764868
3914929.00000000	-0.65853760	0.15387814	-0.01742542
3909929.00000000	-0.66314636	0.15295486	0.06388965
3904929.00000000	-0.65849017	0.14911594	0.14889658
3899929.00000000	-0.64382339	0.14131198	0.23280557
3894929.00000000	-0.61820459	0.12877814	0.31421573
3889929.00000000	-0.58266995	0.11235452	0.38894147
3884929.00000000	-0.53701062	0.09288406	0.45630060
3879929.00000000	-0.48276691	0.07224652	0.51445581
3874929.00000000	-0.42168091	0.05185226	0.56270328
3869929.00000000	-0.35686346	0.03318903	0.60086139
3864929.00000000	-0.28726422	0.01543634	0.63133405
3859929.00000000	-0.21566296	-0.00084460	0.65367676
3854929.00000000	-0.14358664	-0.01660666	0.66840353
3849929.00000000	-0.06787555	-0.03325687	0.67570395
3844929.00000000	0.00884863	-0.05074838	0.67442975
3839929.00000000	0.08689804	-0.06912283	0.66351556
3834929.00000000	0.16492822	-0.08711523	0.64215540
3829929.00000000	0.24099374	-0.10330988	0.61050354
3824929.00000000	0.31516919	-0.11720789	0.56839920
3819929.00000000	0.38375998	-0.12811218	0.51831088
3814929.00000000	0.44718057	-0.13559409	0.45950598
3809929.00000000	0.50094662	-0.13950824	0.39731781
3804929.00000000	0.54738147	-0.14078293	0.33035242
3799929.00000000	0.58610037	-0.14050577	0.25895615
3794929.00000000	0.61507480	-0.13955746	0.18804163
3789929.00000000	0.63653363	-0.13843185	0.11318417
3784929.00000000	0.64976947	-0.13722662	0.03530002
3779929.00000000	0.65428143	-0.13532532	-0.04590396
3774929.00000000	0.64939771	-0.13178751	-0.12755713
3769929.00000000	0.63445590	-0.12555692	-0.20990115
3764929.00000000	0.60859256	-0.11577551	-0.29208548
3759929.00000000	0.57187341	-0.10238599	-0.36964185
3754929.00000000	0.52575095	-0.08625293	-0.43898672
3749929.00000000	0.46950275	-0.06802576	-0.50095953
3744929.00000000	0.40763239	-0.05005972	-0.55193591
3739929.00000000	0.33995493	-0.03260287	-0.59380573
3734929.00000000	0.26737991	-0.01619101	-0.62721521
3729929.00000000	0.19593549	-0.00142633	-0.65125137
3724929.00000000	0.11988232	0.01339780	-0.66837051
3719929.00000000	0.04050397	0.02886081	-0.67747714
3714929.00000000	-0.03700159	0.04446875	-0.67745789
3709929.00000000	-0.11878497	0.06181207	-0.66707458
3704929.00000000	-0.19809149	0.07902426	-0.64553534
3699929.00000000	-0.27734448	0.09562372	-0.61083734
3694929.00000000	-0.35198990	0.10993307	-0.56430136
3689929.00000000	-0.41983447	0.12078299	-0.50802335
3684929.00000000	-0.48125214	0.12786655	-0.44247903
3679929.00000000	-0.53111014	0.13152109	-0.37498224
3674929.00000000	-0.57307373	0.13289224	-0.30285617
3669929.00000000	-0.60615939	0.13304977	-0.22832977
3664929.00000000	-0.63032584	0.13257895	-0.15290628
3659929.00000000	-0.64645932	0.13174466	-0.07469760
3654929.00000000	-0.65407166	0.13011368	0.00497092
3649929.00000000	-0.65283698	0.12696658	0.08685229
3644929.00000000	-0.64219385	0.12141742	0.17022403
3639929.00000000	-0.62165436	0.11261136	0.25249295
3634929.00000000	-0.59134180	0.10094992	0.33097299
3629929.00000000	-0.55146347	0.08641040	0.40430923
3624929.00000000	-0.50288583	0.06976895	0.47053085
3619929.00000000	-0.44619067	0.05192633	0.52857364
3614929.00000000	-0.38504391	0.03480521	0.57592444
3609929.00000000	-0.31796509	0.01856537	0.61516791
3604929.00000000	-0.24725916	0.00355344	0.64588260
3599929.00000000	-0.17679233	-0.00995535	0.66796078
3594929.00000000	-0.10063223	-0.02404959	0.68316965
3589929.00000000	-0.02564694	-0.03772720	0.68985391
3584929.00000000	0.05270602	-0.05245486	0.68752893
3579929.00000000	0.13155533	-0.06784985	0.67486575
3574929.00000000	0.20931317	-0.08292633	0.65067612
3569929.00000000	0.28474112	-0.09667526	0.61468988
3564929.00000000	0.35490341	-0.10836600	0.56844595
3559929.00000000	0.42082056	-0.11737866	0.51102615
3554929.00000000	0.47639288	-0.12304462	0.44912509
3549929.00000000	0.52433276	-0.12612054	0.38183313
3544929.00000000	0.56416180	-0.12745358	0.31052051
3539929.00000000	0.59527008	-0.12788712	0.23751767
3534929.00000000	0.61853857	-0.12815018	0.16175458
3529929.00000000	0.63385651	-0.12824554	0.08315787
3524929.00000000	0.64093579	-0.12788580	0.00302344
3519929.00000000	0.63945474	-0.12636252	-0.07889749
3514929.00000000	0.62881049	-0.12244086	-0.16172964
3509929.00000000	0.60856128	-0.11530545	-0.24330710
3504929.00000000	0.57779062	-0.10437259	-0.32312329
3499929.00000000	0.53926794	-0.09167139	-0.39457574
3494929.00000000	0.49069629	-0.07568430	-0.45988107
3489929.00000000	0.43481967	-0.05868082	-0.51581158
3484929.00000000	0.37346597	-0.04197726	-0.56214563
3479929.00000000	0.30545410	-0.02554608	-0.60063351
3474929.00000000	0.23681482	-0.01063373	-0.62964169
3469929.00000000	0.16443774	0.00397073	-0.65129984
3464929.00000000	0.08842484	0.01912537	-0.66530597
3459929.00000000	0.01189127	0.03458444	-0.67066934
3454929.00000000	-0.06831674	0.05111862	-0.66661618
3449929.00000000	-0.14794031	0.06768405	-0.65236960
3444929.00000000	-0.22895566	0.08381137	-0.62669528
3439929.00000000	-0.30505450	0.09777475	-0.59126498
3434929.00000000	-0.37644437	0.10922452	-0.54623895
3429929.00000000	-0.44269272	0.11836517	-0.49144360
3424929.00000000	-0.49893423	0.12442050	-0.43155969
3419929.00000000	-0.54699130	0.12810202	-0.36603006
3414929.00000000	-0.58645053	0.13014688	-0.29620090
3409929.00000000	-0.61701971	0.13118591	-0.22425781
3404929.00000000	-0.63981284	0.13181577	-0.14822574
3399929.00000000	-0.65431418	0.13215182	-0.06875348
3394929.00000000	-0.66005347	0.13173468	0.00960809
3389929.00000000	-0.65721204	0.12978235	0.09302005
3384929.00000000	-0.64489105	0.12518488	0.17662579
3379929.00000000	-0.62226093	0.11703491	0.25994724
3374929.00000000	-0.58923264	0.10493854	0.33942856
3369929.00000000	-0.54620554	0.08975259	0.41250739
3364929.00000000	-0.49252078	0.07204666	0.47902316
3359929.00000000	-0.43447324	0.05492490	0.53270367
3354929.00000000	-0.36951480	0.03800330	0.57804651
3349929.00000000	-0.29896478	0.02192020	0.61502707
3344929.00000000	-0.22824759	0.00734470	0.64213669
3339929.00000000	-0.15218079	-0.00765216	0.66207809
3334929.00000000	-0.07541479	-0.02240793	0.67325504
3329929.00000000	0.00395477	-0.03813156	0.67557718
3324929.00000000	0.08520782	-0.05434879	0.66767419
3319929.00000000	0.16737744	-0.07064514	0.64852777
3314929.00000000	0.24799573	-0.08572202	0.61799875
3309929.00000000	0.32478003	-0.09826495	0.57725729
3304929.00000000	0.39725537	-0.10788077	0.52632806
3299929.00000000	0.46228430	-0.11411826	0.46773187
3294929.00000000	0.51784207	-0.11722012	0.40449930
3289929.00000000	0.56495239	-0.11803143	0.33653183
3284929.00000000	0.60340234	-0.11746490	0.26489883
3279929.00000000	0.63189673	-0.11640201	0.19393198
3274929.00000000	0.65311694	-0.11495795	0.11827744
3269929.00000000	0.66592468	-0.11315036	0.04028915
3264929.00000000	0.66973837	-0.11056433	-0.03812628
3259929.00000000	0.66425623	-0.10667874	-0.11882321
3254929.00000000	0.64845679	-0.10097903	-0.19883185
3249929.00000000	0.62190518	-0.09332260	-0.27730750
3244929.00000000	0.58535364	-0.08401123	-0.35099908
3239929.00000000	0.53852737	-0.07323242	-0.42023517
3234929.00000000	0.48450497	-0.06126849	-0.48080435
3229929.00000000	0.42410333	-0.04913361	-0.53277151
3224929.00000000	0.35648096	-0.03659650	-0.57764084
3219929.00000000	0.28800775	-0.02487979	-0.61231143
3214929.00000000	0.21499051	-0.01262888	-0.63985690
3209929.00000000	0.13930994	-0.00095294	-0.65941144
3204929.00000000	0.06135593	0.01050568	-0.67075433
3199929.00000000	-0.01734247	0.02244705	-0.67314536
3194929.00000000	-0.09770526	0.03489456	-0.66614972
3189929.00000000	-0.17907309	0.04792773	-0.64852567
3184929.00000000	-0.25635742	0.06031339	-0.62108600
3179929.00000000	-0.33081155	0.07256012	-0.58342035
3174929.00000000	-0.39957358	0.08343771	-0.53672296
3169929.00000000	-0.46152307	0.09268469	-0.48191998
3164929.00000000	-0.51477493	0.09989670	-0.42150354
3159929.00000000	-0.56006616	0.10536713	-0.35569855
3154929.00000000	-0.59673907	0.10967197	-0.28659540
3149929.00000000	-0.62500363	0.11321661	-0.21532379
3144929.00000000	-0.64593369	0.11654434	-0.13865076
3139929.00000000	-0.65794827	0.11932346	-0.06263605
3134929.00000000	-0.66159192	0.12126593	0.01845819
3129929.00000000	-0.65567120	0.12133777	0.10093292
3124929.00000000	-0.63954489	0.11851288	0.18409451
3119929.00000000	-0.61290549	0.11277097	0.26684995
3114929.00000000	-0.57603870	0.10269992	0.34506259
3109929.00000000	-0.52858978	0.08925327	0.41854498
3104929.00000000	-0.47465045	0.07417178	0.48125650
3099929.00000000	-0.41380963	0.05836090	0.53524945
3094929.00000000	-0.34718033	0.04290799	0.58030969
3089929.00000000	-0.27757370	0.02858554	0.61584946
3084929.00000000	-0.20486124	0.01524875	0.64306912
3079929.00000000	-0.12886401	0.00191394	0.66222226
3074929.00000000	-0.05207059	-0.01115186	0.67257852
3069929.00000000	0.02795108	-0.02521567	0.67389780
3064929.00000000	0.10921851	-0.03961139	0.66473416
3059929.00000000	0.18741333	-0.05343756	0.64522620
3054929.00000000	0.26465381	-0.06619882	0.61482425
3049929.00000000	0.33779129	-0.07695508	0.57413943
3044929.00000000	0.40586914	-0.08533487	0.52398474
3039929.00000000	0.46582175	-0.09096417	0.46703598
3034929.00000000	0.51776703	-0.09465729	0.40445596
3029929.00000000	0.56194971	-0.09668900	0.33640494
3024929.00000000	0.59607690	-0.09782663	0.26784558
3019929.00000000	0.62294937	-0.09863043	0.19471146
3014929.00000000	0.64135748	-0.09934964	0.11958621
3009929.00000000	0.65127515	-0.09992731	0.04238123
3004929.00000000	0.65211389	-0.09976431	-0.03820456
2999929.00000000	0.64306570	-0.09815240	-0.11935007
2994929.00000000	0.62332678	-0.09424435	-0.20088983
2989929.00000000	0.59274887	-0.08748880	-0.27993225
2984929.00000000	0.55125815	-0.07815225	-0.35527286
2979929.00000000	0.50131494	-0.06676437	-0.42228336
2974929.00000000	0.44368051	-0.05424408	-0.48148276
2969929.00000000	0.37974539	-0.04139307	-0.53225238
2964929.00000000	0.31164215	-0.02896533	-0.57402716
2959929.00000000	0.24071680	-0.01722324	-0.60703238
2954929.00000000	0.16627307	-0.00584055	-0.63229538
2949929.00000000	0.08847195	0.00554770	-0.64939127
2944929.00000000	0.01099939	0.01684283	-0.65739105
2939929.00000000	-0.06892657	0.02891046	-0.65596158
2934929.00000000	-0.14954816	0.04138177	-0.64391879
2929929.00000000	-0.22924341	0.05339978	-0.62040814
2924929.00000000	-0.30555185	0.06394104	-0.58578885
2919929.00000000	-0.37670987	0.07219281	-0.54088480
2914929.00000000	-0.44132547	0.07812192	-0.48712347
2909929.00000000	-0.49802734	0.08182965	-0.42678970
2904929.00000000	-0.54746164	0.08368005	-0.35961658
2899929.00000000	-0.58612549	0.08429855	-0.29262088
2894929.00000000	-0.61800677	0.08432632	-0.22079874
2889929.00000000	-0.64224020	0.08393225	-0.14540768
2884929.00000000	-0.65809906	0.08346960	-0.06940903
2879929.00000000	-0.66587460	0.08255786	0.00966205
2874929.00000000	-0.66463315	0.08080457	0.09031354
2869929.00000000	-0.65326520	0.07747305	0.17292139
2864929.00000000	-0.63175079	0.07257150	0.25237936
2859929.00000000	-0.59959225	0.06589511	0.32881665
2854929.00000000	-0.55712274	0.05781717	0.40037659
2849929.00000000	-0.50654227	0.04937582	0.46395071
2844929.00000000	-0.44898553	0.04062720	0.51919110
2839929.00000000	-0.38498126	0.03185577	0.56662689
2834929.00000000	-0.31791327	0.02383932	0.60481363
2829929.00000000	-0.24654446	0.01611810	0.63536462
2824929.00000000	-0.17225388	0.00866400	0.65786340
2819929.00000000	-0.09742853	0.00074664	0.67175851
2814929.00000000	-0.01855737	-0.00800211	0.67714966
2809929.00000000	0.06162161	-0.01797830	0.67278546
2804929.00000000	0.14273984	-0.02862021	0.65781009
2799929.00000000	0.22436191	-0.03953198	0.63108298
2794929.00000000	0.30157764	-0.04975436	0.59431891
2789929.00000000	0.37689404	-0.05834766	0.54587018
2784929.00000000	0.44195963	-0.06447495	0.49191669
2779929.00000000	0.49978955	-0.06868164	0.43152673
2774929.00000000	0.55022092	-0.07136841	0.36509766
2769929.00000000	0.59027292	-0.07305441	0.29777554
2764929.00000000	0.62300766	-0.07429788	0.22584210
2759929.00000000	0.64719724	-0.07534723	0.15236563
2754929.00000000	0.66304401	-0.07632147	0.07740842
2749929.00000000	0.67036316	-0.07691107	-0.00140677
2744929.00000000	0.66788031	-0.07669797	-0.08108011
2739929.00000000	0.65523767	-0.07512021	-0.15949365
2734929.00000000	0.63145554	-0.07177768	-0.23769604
2729929.00000000	0.59701450	-0.06664523	-0.31223175
2724929.00000000	0.55167856	-0.05966385	-0.38304346
2719929.00000000	0.49836819	-0.05175671	-0.44600076
2714929.00000000	0.43834714	-0.04333487	-0.50107675
2709929.00000000	0.37166382	-0.03480316	-0.54871161
2704929.00000000	0.30319186	-0.02672409	-0.58680460
2699929.00000000	0.23018692	-0.01882166	-0.61758289
2694929.00000000	0.15401312	-0.01101746	-0.64016995
2689929.00000000	0.07824625	-0.00335623	-0.65400027
2684929.00000000	-0.00208536	0.00493665	-0.65921765
2679929.00000000	-0.08253442	0.01343134	-0.65456079
2674929.00000000	-0.16529224	0.02219037	-0.63904218
2669929.00000000	-0.24580603	0.03044537	-0.61280963
2664929.00000000	-0.32559439	0.03796695	-0.57468604
2659929.00000000	-0.39787665	0.04402701	-0.52826447
2654929.00000000	-0.46282993	0.04858691	-0.47434470
2649929.00000000	-0.52127701	0.05200027	-0.41262891
2644929.00000000	-0.56905814	0.05421472	-0.34829669
2639929.00000000	-0.60814828	0.05570837	-0.28060547
2634929.00000000	-0.63938870	0.05687625	-0.20911996
2629929.00000000	-0.66190979	0.05794589	-0.13617157
2624929.00000000	-0.67623203	0.05897644	-0.06020160
2619929.00000000	-0.68131509	0.05984607	0.01794232
2614929.00000000	-0.67632846	0.06042807	0.09698941
2609929.00000000	-0.66070667	0.06050558	0.17461987
2604929.00000000	-0.63411414	0.05984183	0.25053464
2599929.00000000	-0.59661768	0.05813684	0.32352957
2594929.00000000	-0.54894415	0.05523254	0.39218903
2589929.00000000	-0.49434906	0.05100433	0.45254166
2584929.00000000	-0.43241055	0.04560867	0.50625958
2579929.00000000	-0.36660165	0.03972073	0.55070203
2574929.00000000	-0.29716006	0.03345334	0.58698752
2569929.00000000	-0.22230850	0.02696216	0.61583017
2564929.00000000	-0.14954550	0.02097269	0.63513010
2559929.00000000	-0.07209195	0.01434106	0.64666254
2554929.00000000	0.00728693	0.00711847	0.64924173
2549929.00000000	0.08760849	-0.00070337	0.64214139
2544929.00000000	0.16930228	-0.00938425	0.62428534
2539929.00000000	0.24873383	-0.01804144	0.59597318
2534929.00000000	0.32632697	-0.02660519	0.55654413
2529929.00000000	0.39663339	-0.03425916	0.50918582
2524929.00000000	0.46064435	-0.04091483	0.45389789
2519929.00000000	0.51747498	-0.04649597	0.39207251
2514929.00000000	0.56485965	-0.05091208	0.32665918
2509929.00000000	0.60460107	-0.05464600	0.25686633
2504929.00000000	0.63583850	-0.05794043	0.18434274
2499929.00000000	0.65859372	-0.06092596	0.11056454
2494929.00000000	0.67335751	-0.06381076	0.03335068
2489929.00000000	0.67916663	-0.06646741	-0.04645050
2484929.00000000	0.67521307	-0.06848853	-0.12475558
2479929.00000000	0.66054095	-0.06960959	-0.20458908
2474929.00000000	0.63508502	-0.06946835	-0.28087140
2469929.00000000	0.59805936	-0.06771371	-0.35416891
2464929.00000000	0.55127621	-0.06447620	-0.42053891
2459929.00000000	0.49614911	-0.06003000	-0.47905627
2454929.00000000	0.43259747	-0.05470447	-0.53061188
2449929.00000000	0.36704376	-0.04922842	-0.57162820
2444929.00000000	0.29593182	-0.04366742	-0.60565579
2439929.00000000	0.22155316	-0.03820773	-0.63186343
2434929.00000000	0.14548181	-0.03274936	-0.64983148
2429929.00000000	0.06523544	-0.02692203	-0.66017770
2424929.00000000	-0.01596301	-0.02083990	-0.66167380
2419929.00000000	-0.09851550	-0.01397882	-0.65391071
2414929.00000000	-0.18202060	-0.00622296	-0.63615262
2409929.00000000	-0.26411407	0.00209485	-0.60813022
2404929.00000000	-0.34095831	0.01035834	-0.57072382
2399929.00000000	-0.41161896	0.01840271	-0.52440134
2394929.00000000	-0.47477698	0.02577814	-0.47033740
2389929.00000000	-0.52936108	0.03205981	-0.41020737
2384929.00000000	-0.57481329	0.03710904	-0.34570496
2379929.00000000	-0.61222897	0.04140173	-0.27700015
2374929.00000000	-0.64168420	0.04526889	-0.20434344
2369929.00000000	-0.66221881	0.04876062	-0.13175330
2364929.00000000	-0.67509714	0.05235187	-0.05442477
2359929.00000000	-0.67884207	0.05571622	0.02397287
2354929.00000000	-0.67288824	0.05858304	0.10370486
2349929.00000000	-0.65642889	0.06044696	0.18413705
2344929.00000000	-0.62940302	0.06080576	0.26133420
2339929.00000000	-0.59139850	0.05944431	0.33551666
2334929.00000000	-0.54435959	0.05670172	0.40263095
2329929.00000000	-0.48895560	0.05298853	0.46236923
2324929.00000000	-0.42746103	0.04874899	0.51357733
2319929.00000000	-0.36185709	0.04463370	0.55591037
2314929.00000000	-0.29167883	0.04067673	0.59056119
2309929.00000000	-0.21889334	0.03724820	0.61703665
2304929.00000000	-0.14306201	0.03410596	0.63553326
2299929.00000000	-0.06426367	0.03099847	0.64557291
2294929.00000000	0.01689835	0.02767422	0.64650830
2289929.00000000	0.09792960	0.02367761	0.63793094
2284929.00000000	0.18049692	0.01876334	0.61916714
2279929.00000000	0.26111646	0.01280927	0.59038666
2274929.00000000	0.33735553	0.00614053	0.55245135
2269929.00000000	0.40711984	-0.00109787	0.50652350
2264929.00000000	0.47061609	-0.00829846	0.45255502
2259929.00000000	0.52517749	-0.01493405	0.39333551
2254929.00000000	0.57080313	-0.02068948	0.33024493
2249929.00000000	0.60906607	-0.02586118	0.26158496
2244929.00000000	0.63779346	-0.03042651	0.19271094
2239929.00000000	0.65915256	-0.03486472	0.11947504
2234929.00000000	0.67188947	-0.03907910	0.04431107
2229929.00000000	0.67551047	-0.04281696	-0.03224850
2224929.00000000	0.66909863	-0.04587408	-0.11113806
2219929.00000000	0.65195425	-0.04762366	-0.18942325
2214929.00000000	0.62285223	-0.04766019	-0.26786282
2209929.00000000	0.58487650	-0.04615909	-0.33857642
2204929.00000000	0.53742212	-0.04334738	-0.40415329
2199929.00000000	0.48076309	-0.03968161	-0.46391388
2194929.00000000	0.41989496	-0.03568411	-0.51375574
2189929.00000000	0.35363297	-0.03176147	-0.55601093
2184929.00000000	0.28269675	-0.02797330	-0.59044220
2179929.00000000	0.21026266	-0.02475757	-0.61617746
2174929.00000000	0.13403799	-0.02170569	-0.63416727
2169929.00000000	0.05470355	-0.01882773	-0.64367493
2164929.00000000	-0.02496423	-0.01578964	-0.64438736
2159929.00000000	-0.10823975	-0.01238089	-0.63540994
2154929.00000000	-0.19157373	-0.00850986	-0.61634631
2149929.00000000	-0.27152420	-0.00449765	-0.58769653
2144929.00000000	-0.34871490	-0.00032703	-0.54902826
2139929.00000000	-0.41901395	0.00365314	-0.50210324
2134929.00000000	-0.48296771	0.00727802	-0.44645633
2129929.00000000	-0.53603717	0.01023492	-0.38685159
2124929.00000000	-0.58090811	0.01259250	-0.32179095
2119929.00000000	-0.61745844	0.01458148	-0.25207111
2114929.00000000	-0.64437735	0.01613425	-0.18194974
2109929.00000000	-0.66374136	0.01760443	-0.10751608
2104929.00000000	-0.67434238	0.01907843	-0.03158044
2099929.00000000	-0.67577328	0.02068423	0.04700107
2094929.00000000	-0.66697714	0.02241086	0.12671542
2089929.00000000	-0.64734161	0.02397125	0.20515070
2084929.00000000	-0.61649182	0.02546381	0.28100134
2079929.00000000	-0.57535184	0.02649411	0.35154691
2074929.00000000	-0.52366626	0.02700266	0.41686758
2069929.00000000	-0.46550253	0.02709897	0.47312112
2064929.00000000	-0.40154965	0.02659015	0.52101370
2059929.00000000	-0.33181763	0.02605481	0.56132980
2054929.00000000	-0.25924573	0.02541330	0.59292923
2049929.00000000	-0.18500955	0.02511325	0.61587329
2044929.00000000	-0.10648206	0.02469171	0.63102988
2039929.00000000	-0.02523407	0.02432968	0.63715317
2034929.00000000	0.05641013	0.02374200	0.63404477
2029929.00000000	0.14028070	0.02266507	0.62085443
2024929.00000000	0.22141681	0.02089093	0.59792587
2019929.00000000	0.30218524	0.01823868	0.56414441
2014929.00000000	0.37547748	0.01500870	0.52233133
2009929.00000000	0.44194382	0.01126312	0.47257880
2004929.00000000	0.50054041	0.00732755	0.41611310
1999929.00000000	0.54927921	0.00342035	0.35581815
1994929.00000000	0.59079596	-0.00048517	0.28915945
1989929.00000000	0.62188309	-0.00411859	0.22271902
1984929.00000000	0.64544128	-0.00788599	0.15182608
1979929.00000000	0.66040381	-0.01185834	0.07752298
1974929.00000000	0.66589719	-0.01622217	0.00168088
1969929.00000000	0.66113684	-0.02093927	-0.07652991
1964929.00000000	0.64560574	-0.02589154	-0.15439624
1959929.00000000	0.61840497	-0.03079312	-0.23274500
1954929.00000000	0.58105310	-0.03513742	-0.30682532
1949929.00000000	0.53461938	-0.03849368	-0.37582883
1944929.00000000	0.47940646	-0.04084085	-0.43956152
1939929.00000000	0.41834949	-0.04196158	-0.49542218
1934929.00000000	0.35316156	-0.04241940	-0.54274088
1929929.00000000	0.28285834	-0.04243854	-0.58284756
1924929.00000000	0.21076770	-0.04251782	-0.61401419
1919929.00000000	0.13604456	-0.04255804	-0.63702237
1914929.00000000	0.05688141	-0.04241223	-0.65216919
1909929.00000000	-0.02145441	-0.04172626	-0.65803867
1904929.00000000	-0.10349951	-0.03967535	-0.65428537
1899929.00000000	-0.18462094	-0.03616409	-0.64020593
1894929.00000000	-0.26512326	-0.03064954	-0.61489044
1889929.00000000	-0.34156311	-0.02378885	-0.57891714
1884929.00000000	-0.41043884	-0.01617203	-0.53420190
1879929.00000000	-0.47512326	-0.00805585	-0.47868512
1874929.00000000	-0.52748657	-0.00096521	-0.42075482
1869929.00000000	-0.57328845	0.00567981	-0.35661392
1864929.00000000	-0.61112582	0.01176480	-0.28839255
1859929.00000000	-0.64053488	0.01730759	-0.21829199
1854929.00000000	-0.66260690	0.02293298	-0.14371390
1849929.00000000	-0.67572534	0.02846130	-0.06737329
1844929.00000000	-0.67933121	0.03403647	0.01100903
1839929.00000000	-0.67213620	0.03939835	0.09190225
1834929.00000000	-0.65347989	0.04383154	0.17222977
1829929.00000000	-0.62353128	0.04667392	0.24999234
1824929.00000000	-0.58203357	0.04755048	0.32539197
1819929.00000000	-0.53191824	0.04654733	0.39392191
1814929.00000000	-0.47273285	0.04397433	0.45678195
1809929.00000000	-0.40925955	0.04069482	0.50990262
1804929.00000000	-0.34095990	0.03692493	0.55532513
1799929.00000000	-0.26703345	0.03318661	0.59343323
1794929.00000000	-0.19443970	0.03002411	0.62158740
1789929.00000000	-0.11615048	0.02707709	0.64306665
1784929.00000000	-0.03678943	0.02419949	0.65618863
1779929.00000000	0.04511444	0.02148380	0.66064169
1774929.00000000	0.12799301	0.01868115	0.65542889
1769929.00000000	0.20789651	0.01613797	0.64030045
1764929.00000000	0.28730020	0.01372464	0.61397018
1759929.00000000	0.36039664	0.01178110	0.57768497
1754929.00000000	0.42849704	0.01007214	0.53080902
1749929.00000000	0.48695978	0.00847830	0.47725952
1744929.00000000	0.53730823	0.00705652	0.41729181
1739929.00000000	0.58010284	0.00573492	0.35129611
1734929.00000000	0.61433185	0.00443689	0.28229187
1729929.00000000	0.64076187	0.00308734	0.21006921
1724929.00000000	0.65962640	0.00157733	0.13395349
1719929.00000000	0.67003122	-0.00034055	0.05562317
1714929.00000000	0.67129010	-0.00275928	-0.02324533
1709929.00000000	0.66264929	-0.00571323	-0.10432089
1704929.00000000	0.64381000	-0.00911810	-0.18375705
1699929.00000000	0.61368253	-0.01300778	-0.26278003
1694929.00000000	0.57403226	-0.01685425	-0.33561469
1689929.00000000	0.52539993	-0.02053973	-0.40217035
1684929.00000000	0.46860681	-0.02380884	-0.46181137
1679929.00000000	0.40717300	-0.02659937	-0.51221207
1674929.00000000	0.33859546	-0.02897739	-0.55593692
1669929.00000000	0.26980966	-0.03107681	-0.58973978
1664929.00000000	0.19604831	-0.03301675	-0.61666049
1659929.00000000	0.11736090	-0.03490814	-0.63603464
1654929.00000000	0.03848383	-0.03639990	-0.64661646
1649929.00000000	-0.04491476	-0.03730176	-0.64806128
1644929.00000000	-0.12788937	-0.03741620	-0.63956815
1639929.00000000	-0.21111041	-0.03624548	-0.62032062
1634929.00000000	-0.29075357	-0.03409671	-0.59074451
1629929.00000000	-0.36441788	-0.03078616	-0.55177347
1624929.00000000	-0.43304974	-0.02690353	-0.50300571
1619929.00000000	-0.49315408	-0.02279214	-0.44738837
1614929.00000000	-0.54390167	-0.01895795	-0.38732327
1609929.00000000	-0.58775775	-0.01521002	-0.32089383
1604929.00000000	-0.62213763	-0.01179007	-0.25327777
1599929.00000000	-0.64912842	-0.00828662	-0.18159927
1594929.00000000	-0.66830511	-0.00445410	-0.10541125
1589929.00000000	-0.67815314	-0.00062384	-0.03064182
1584929.00000000	-0.67900055	0.00429691	0.04954547
1579929.00000000	-0.66968839	0.00960028	0.12812173
1574929.00000000	-0.64955002	0.01532718	0.20708167
1569929.00000000	-0.61840448	0.02091492	0.28362854
1564929.00000000	-0.57831418	0.02578149	0.35336511
1559929.00000000	-0.52701562	0.02996686	0.42014420
1554929.00000000	-0.47169937	0.03309549	0.47558575
1549929.00000000	-0.40946310	0.03502191	0.52501614
1544929.00000000	-0.34180576	0.03603745	0.56702716
1539929.00000000	-0.27223172	0.03672632	0.60060678
1534929.00000000	-0.19797495	0.03718384	0.62712741
1529929.00000000	-0.12189978	0.03768564	0.64551965
1524929.00000000	-0.04363968	0.03788400	0.65571265
1519929.00000000	0.03910541	0.03773969	0.65688007
1514929.00000000	0.12255206	0.03720462	0.64790503
1509929.00000000	0.20313596	0.03619949	0.62923550
1504929.00000000	0.28403125	0.03477719	0.59959882
1499929.00000000	0.36055170	0.03299231	0.56037842
1494929.00000000	0.43109723	0.03112741	0.51242633
1489929.00000000	0.49311728	0.02889709	0.45820477
1484929.00000000	0.54758023	0.02644061	0.39761487
1479929.00000000	0.59468262	0.02414255	0.33060083
1474929.00000000	0.63071277	0.02178043	0.26451834
1469929.00000000	0.65965054	0.01771585	0.19509814
1464929.00000000	0.68110944	0.01433206	0.12055392
1459929.00000000	0.69391516	0.01019485	0.04344894
1454929.00000000	0.69710284	0.00514572	-0.03671091
1449929.00000000	0.68973187	-0.00098416	-0.11599756
1444929.00000000	0.67041760	-0.00801840	-0.19667145
1439929.00000000	0.64030243	-0.01613565	-0.27213071
1434929.00000000	0.59800632	-0.02252496	-0.34575424
1429929.00000000	0.54643863	-0.02797775	-0.41217072
1424929.00000000	0.48776004	-0.03223865	-0.47060608
1419929.00000000	0.42096756	-0.03573337	-0.52245551
1414929.00000000	0.35222079	-0.03868231	-0.56424139
1409929.00000000	0.27995688	-0.04110522	-0.59807028
1404929.00000000	0.20262112	-0.04377417	-0.62464362
1399929.00000000	0.12260559	-0.04642673	-0.64279810
1394929.00000000	0.04227261	-0.04910028	-0.65201038
1389929.00000000	-0.04296387	-0.05138382	-0.65228015
1384929.00000000	-0.12899527	-0.05258640	-0.64219125
1379929.00000000	-0.21427151	-0.05241107	-0.62166156
1374929.00000000	-0.29637607	-0.05029248	-0.59054770
1369929.00000000	-0.37387231	-0.04651132	-0.54943271
1364929.00000000	-0.44454474	-0.04121985	-0.49916797
1359929.00000000	-0.50545685	-0.03538379	-0.44282050
1354929.00000000	-0.55861081	-0.02903290	-0.37972607
1349929.00000000	-0.60209531	-0.02282101	-0.31333496
1344929.00000000	-0.63737866	-0.01678647	-0.24298044
1339929.00000000	-0.66494623	-0.01066974	-0.16745947
1334929.00000000	-0.68291452	-0.00439377	-0.09238748
1329929.00000000	-0.69212875	0.00250601	-0.01266858
1324929.00000000	-0.69098306	0.00913821	0.06897647
1319929.00000000	-0.67866617	0.01591541	0.15085675
1314929.00000000	-0.65461276	0.02203714	0.23213412
1309929.00000000	-0.61986108	0.02683960	0.30876505
1304929.00000000	-0.57404797	0.03016092	0.38164835
1299929.00000000	-0.52107538	0.03169473	0.44572775
1294929.00000000	-0.46118515	0.03211884	0.50255713
1289929.00000000	-0.39481064	0.03173727	0.55234634
1284929.00000000	-0.32594614	0.03122592	0.59284381
1279929.00000000	-0.25220142	0.03083533	0.62632727
1274929.00000000	-0.17495502	0.03066071	0.65187784
1269929.00000000	-0.09551523	0.03072583	0.66898428
1264929.00000000	-0.01089154	0.03080096	0.67733682
1259929.00000000	0.07503394	0.03065048	0.67563748
1254929.00000000	0.15960031	0.03009854	0.66388980
1249929.00000000	0.24485077	0.02883508	0.64088480
1244929.00000000	0.32445529	0.02678604	0.60822525
1239929.00000000	0.39931091	0.02410834	0.56564868
1234929.00000000	0.46607813	0.02097229	0.51509094
1229929.00000000	0.52413138	0.01778302	0.45794348
1224929.00000000	0.57435117	0.01450238	0.39381473
1219929.00000000	0.61328815	0.01155511	0.32942609
1214929.00000000	0.64546591	0.00869620	0.25871625
1209929.00000000	0.66887610	0.00582312	0.18619250
1204929.00000000	0.68375540	0.00291440	0.11092313
1199929.00000000	0.68946445	-0.00004041	0.03211823
1194929.00000000	0.68510950	-0.00275418	-0.04762360
1189929.00000000	0.66984033	-0.00527197	-0.12950925
1184929.00000000	0.64366116	-0.00753555	-0.20931424
1179929.00000000	0.60707281	-0.00922946	-0.28618604
1174929.00000000	0.56085031	-0.01073920	-0.35845633
1169929.00000000	0.50770984	-0.01208005	-0.42263846
1164929.00000000	0.44812872	-0.01366281	-0.47929355
1159929.00000000	0.38229135	-0.01542685	-0.52865158
1154929.00000000	0.31385788	-0.01740005	-0.56890137
1149929.00000000	0.23983606	-0.01943732	-0.60230759
1144929.00000000	0.16205405	-0.02112512	-0.62803082
1139929.00000000	0.08470547	-0.02273102	-0.64507660
1134929.00000000	0.00112292	-0.02388525	-0.65431808
1129929.00000000	-0.08090515	-0.02454391	-0.65414728
1124929.00000000	-0.16461798	-0.02442087	-0.64361041
1119929.00000000	-0.24586023	-0.02371521	-0.62224280
1114929.00000000	-0.32076825	-0.02257950	-0.59079550
1109929.00000000	-0.39137424	-0.02115710	-0.54826721
1104929.00000000	-0.45298889	-0.01978180	-0.49806985
1099929.00000000	-0.50757855	-0.01842740	-0.43989270
1094929.00000000	-0.55330798	-0.01720599	-0.37686664
1089929.00000000	-0.59056683	-0.01600488	-0.31075464
1084929.00000000	-0.62108228	-0.01475552	-0.23856927
1079929.00000000	-0.64275168	-0.01364636	-0.16494540
1074929.00000000	-0.65607373	-0.01265836	-0.08782645
1069929.00000000	-0.66031708	-0.01180106	-0.00517404
1064929.00000000	-0.65445480	-0.01107764	0.07846591
1059929.00000000	-0.63834192	-0.01048123	0.16206079
1054929.00000000	-0.61178235	-0.00935510	0.24530460
1049929.00000000	-0.57569864	-0.00750751	0.32392664
1044929.00000000	-0.52959094	-0.00476163	0.39863745
1039929.00000000	-0.47729843	-0.00143066	0.46335138
1034929.00000000	-0.41735541	0.00251077	0.52139545
1029929.00000000	-0.35356100	0.00646756	0.57009750
1024929.00000000	-0.28601398	0.01051022	0.61056940
1019929.00000000	-0.21205359	0.01470099	0.64466150
1014929.00000000	-0.13887906	0.01869635	0.66944818
1009929.00000000	-0.06005118	0.02308002	0.68733450
1004929.00000000	0.02033710	0.02759967	0.69641614
999929.00000000	0.10073099	0.03207452	0.69594937
994929.00000000	0.18246805	0.03631946	0.68443109
989929.00000000	0.26010397	0.03969818	0.66246628
984929.00000000	0.33615311	0.04196536	0.62833350
979929.00000000	0.40417038	0.04284189	0.58516052
974929.00000000	0.46475418	0.04244226	0.53372397
969929.00000000	0.51910751	0.04113235	0.47399750
964929.00000000	0.56462039	0.03916052	0.40989130
959929.00000000	0.60167810	0.03699860	0.34303146
954929.00000000	0.63355945	0.03432458	0.26699939
949929.00000000	0.65541772	0.03155072	0.19240942
944929.00000000	0.66920746	0.02835211	0.11398816
939929.00000000	0.67401245	0.02395544	0.02601868
934929.00000000	0.66887524	0.01913031	-0.05246320
929929.00000000	0.65122351	0.01257672	-0.14461743
924929.00000000	0.62395145	0.00616794	-0.22733713
919929.00000000	0.58778217	-0.00014383	-0.30405270
914929.00000000	0.53854364	-0.00684579	-0.38120126
909929.00000000	0.48812698	-0.01221344	-0.44204489
904929.00000000	0.42361145	-0.01775143	-0.50300113
899929.00000000	0.35964935	-0.02229358	-0.55028885
894929.00000000	0.29334647	-0.02618069	-0.58888135
889929.00000000	0.21594131	-0.03013510	-0.62325171
884929.00000000	0.14442850	-0.03326437	-0.64638223
879929.00000000	0.06023578	-0.03667426	-0.66367245
874929.00000000	-0.02215283	-0.03940018	-0.67067725
869929.00000000	-0.10156326	-0.04145682	-0.66780164
864929.00000000	-0.19021341	-0.04292618	-0.65283887
859929.00000000	-0.26975732	-0.04326962	-0.62769214
854929.00000000	-0.34426736	-0.04265076	-0.59256161
849929.00000000	-0.41307471	-0.04129327	-0.54761801
844929.00000000	-0.47354126	-0.03925537	-0.49529358
839929.00000000	-0.52780319	-0.03676114	-0.43440359
834929.00000000	-0.57170914	-0.03430844	-0.37113632
829929.00000000	-0.60884622	-0.03191132	-0.30169470
824929.00000000	-0.63834106	-0.02943784	-0.22742743
819929.00000000	-0.65842935	-0.02639633	-0.15429010
814929.00000000	-0.67124503	-0.02282468	-0.07256631
809929.00000000	-0.67432904	-0.01921933	0.00820074
804929.00000000	-0.66752197	-0.01532101	0.09283621
799929.00000000	-0.65050653	-0.01033075	0.17690005
794929.00000000	-0.62400888	-0.00497327	0.25644263
789929.00000000	-0.58611279	0.00130536	0.33499176
784929.00000000	-0.54043811	0.00725223	0.40453644
779929.00000000	-0.48767596	0.01328265	0.46569193
774929.00000000	-0.42703244	0.01858331	0.52025769
769929.00000000	-0.36390933	0.02301563	0.56461111
764929.00000000	-0.29307065	0.02704514	0.60298483
759929.00000000	-0.22135391	0.03057639	0.63188693
754929.00000000	-0.14495117	0.03390372	0.65360550
749929.00000000	-0.06359268	0.03699677	0.66701816
744929.00000000	0.01981235	0.03952209	0.67114029
739929.00000000	0.10574805	0.04132837	0.66523123
734929.00000000	0.19060248	0.04196289	0.64880692
729929.00000000	0.27406317	0.04132086	0.62131158
724929.00000000	0.35218182	0.03949335	0.58361438
719929.00000000	0.42239276	0.03659595	0.53739816
714929.00000000	0.48637030	0.03286127	0.48182904
709929.00000000	0.53968353	0.02899490	0.42211865
704929.00000000	0.58496570	0.02510458	0.35733173
699929.00000000	0.62265045	0.02062988	0.28777414
694929.00000000	0.65139478	0.01608768	0.21660782
689929.00000000	0.67276465	0.01119452	0.13992178
684929.00000000	0.68485455	0.00615204	0.05991003
679929.00000000	0.68696082	-0.00066632	-0.02045053
674929.00000000	0.67797192	-0.00787476	-0.10464713
669929.00000000	0.65703040	-0.01453021	-0.18820663
664929.00000000	0.62313943	-0.02098785	-0.27229974
659929.00000000	0.58035941	-0.02680313	-0.34758084
654929.00000000	0.52768994	-0.03230130	-0.41789404
649929.00000000	0.46675104	-0.03731894	-0.48084744
644929.00000000	0.40148947	-0.04122864	-0.53409396
639929.00000000	0.33127628	-0.04470953	-0.57910037
634929.00000000	0.25724091	-0.04801816	-0.61589154
629929.00000000	0.18061542	-0.05121143	-0.64424167
624929.00000000	0.09516989	-0.05493369	-0.66509973
619929.00000000	0.01122159	-0.05716217	-0.67599515
614929.00000000	-0.07704001	-0.05861551	-0.67684384
609929.00000000	-0.16544348	-0.05821136	-0.66655930
604929.00000000	-0.25128119	-0.05580862	-0.64507462
599929.00000000	-0.33280795	-0.05109918	-0.61242896
594929.00000000	-0.40485388	-0.04471423	-0.57105228
589929.00000000	-0.46953857	-0.03714536	-0.52106558
584929.00000000	-0.52833084	-0.02891653	-0.46114172
579929.00000000	-0.57346625	-0.02102908	-0.40174548
574929.00000000	-0.61381204	-0.01333215	-0.33338846
569929.00000000	-0.64652325	-0.00572449	-0.25958252
564929.00000000	-0.66925211	0.00204977	-0.18630551
559929.00000000	-0.68361676	0.01045392	-0.10840466
554929.00000000	-0.68828766	0.01929669	-0.02952045
549929.00000000	-0.68246194	0.02866946	0.05467737
544929.00000000	-0.66580472	0.03760141	0.13833508
539929.00000000	-0.63862726	0.04575641	0.22014450
534929.00000000	-0.60097787	0.05333148	0.29935638
529929.00000000	-0.55582791	0.05946234	0.37070132
524929.00000000	-0.50232111	0.06435693	0.43619901
519929.00000000	-0.44520877	0.06781833	0.49129968
514929.00000000	-0.38309912	0.07029611	0.53887476
509929.00000000	-0.31556668	0.07236111	0.57923767
504929.00000000	-0.24377863	0.07420319	0.61170010
499929.00000000	-0.17271268	0.07590222	0.63493143
494929.00000000	-0.09458386	0.07733640	0.65130249
489929.00000000	-0.01251294	0.07796848	0.65890842
484929.00000000	0.07234680	0.07714743	0.65677249
479929.00000000	0.16075916	0.07444016	0.64367322
474929.00000000	0.24207141	0.06891287	0.62130490
469929.00000000	0.32203464	0.06063889	0.58901022
464929.00000000	0.39521774	0.05085040	0.54879453
459929.00000000	0.46261099	0.03972577	0.50026089
454929.00000000	0.52108514	0.02880725	0.44652609
449929.00000000	0.57061603	0.01874634	0.38864511
444929.00000000	0.61345511	0.00899631	0.32497037
439929.00000000	0.64603152	0.00039236	0.26151257
434929.00000000	0.67151385	-0.00805304	0.19188312
429929.00000000	0.68732999	-0.01686197	0.12101782
424929.00000000	0.69314990	-0.02614169	0.04912143
419929.00000000	0.68777072	-0.03542554	-0.02797607
414929.00000000	0.67093433	-0.04354517	-0.10327695
409929.00000000	0.64164139	-0.05087714	-0.17884583
404929.00000000	0.60318671	-0.05623093	-0.24774771
399929.00000000	0.55527335	-0.05952734	-0.31210327
394929.00000000	0.49754147	-0.06077768	-0.37173306
389929.00000000	0.43476093	-0.06085281	-0.42107446
384929.00000000	0.36585001	-0.05987579	-0.46140332
379929.00000000	0.29032980	-0.05738797	-0.49317038
374929.00000000	0.21426523	-0.05592548	-0.51260196
369929.00000000	0.13421683	-0.05417172	-0.52278143
364929.00000000	0.05352319	-0.05181653	-0.52463724
359929.00000000	-0.02661993	-0.04889081	-0.52001535
354929.00000000	-0.10829211	-0.04492877	-0.50957983
349929.00000000	-0.18586618	-0.03968762	-0.49424628
344929.00000000	-0.25863834	-0.03429105	-0.47428134
339929.00000000	-0.35129327	-0.00327826	-0.42564865
334929.00000000	-0.40859393	0.00463675	-0.38856482
329929.00000000	-0.45668762	0.01215253	-0.34485666
324929.00000000	-0.49057935	0.01799484	-0.30093567
319929.00000000	-0.51384073	0.02275336	-0.25366202
314929.00000000	-0.52420230	0.02610803	-0.20884583
309929.00000000	-0.52213123	0.02857809	-0.16758356
304929.00000000	-0.50888098	0.03071381	-0.12765445
299929.00000000	-0.48606079	0.03247403	-0.09169315
294929.00000000	-0.45496622	0.03398117	-0.05830820
289929.00000000	-0.41880368	0.03525598	-0.02734189
284929.00000000	-0.37756769	0.03616119	0.00281772
279929.00000000	-0.33280661	0.03633890	0.03075671
274929.00000000	-0.28493521	0.03525577	0.05538641
269929.00000000	-0.23268259	0.03250763	0.07606049
264929.00000000	-0.17879269	0.02793317	0.09180438
259929.00000000	-0.12529236	0.02203696	0.10248178
254929.00000000	-0.07422256	0.01558603	0.10850699
249929.00000000	-0.02825891	0.00949982	0.11090811
244929.00000000	0.00974063	0.00480121	0.11076892
239929.00000000	0.04289624	0.00145856	0.10903348
234929.00000000	0.07004291	-0.00033954	0.10653085
229929.00000000	0.09299216	-0.00115234	0.10370010
224929.00000000	0.11129272	-0.00149115	0.10072351
219929.00000000	0.12491714	-0.00196811	0.09726245
214929.00000000	0.13318643	-0.00282016	0.09306958
209929.00000000	0.13511127	-0.00405371	0.08799631
204929.00000000	0.13092667	-0.00545926	0.08177295
199929.00000000	0.12237476	-0.00649976	0.07517435
194929.00000000	0.11104611	-0.00700800	0.06819681
189929.00000000	0.09861865	-0.00701447	0.06109482
184929.00000000	0.08682721	-0.00667221	0.05468262
179929.00000000	0.07583340	-0.00606653	0.04876245
174929.00000000	0.06623303	-0.00541122	0.04365692
169929.00000000	0.05770685	-0.00479282	0.03916580
164929.00000000	0.05070026	-0.00414899	0.03523984
159929.00000000	0.04468796	-0.00360965	0.03185071
154929.00000000	0.03951242	-0.00313181	0.02882590
149929.00000000	0.03510373	-0.00274860	0.02618600
144929.00000000	0.03135254	-0.00239087	0.02386609
139929.00000000	0.02808130	-0.00208151	0.02175388
