8046866.00000000	0.01093558	0.00048303	0.02957678
8041866.00000000	0.01160291	0.00043994	0.03252115
8036866.00000000	0.01238718	0.00042184	0.03606375
8031866.00000000	0.01326385	0.00043542	0.04015137
8026866.00000000	0.01421793	0.00039102	0.04491156
8021866.00000000	0.01528522	0.00031525	0.05054120
8016866.00000000	0.01639136	0.00023376	0.05680130
8011866.00000000	0.01764957	0.00011032	0.06444357
8006866.00000000	0.01897293	-0.00008139	0.07324832
8001866.00000000	0.02046289	-0.00032437	0.08368066
7996866.00000000	0.02210135	-0.00063754	0.09592581
7991866.00000000	0.02381241	-0.00105704	0.10904083
7986866.00000000	0.02589532	-0.00149484	0.12378674
7981866.00000000	0.02823370	-0.00187268	0.13801843
7976866.00000000	0.03112732	-0.00207898	0.15076648
7971866.00000000	0.03470511	-0.00205020	0.15948773
7966866.00000000	0.03889761	-0.00174915	0.16241263
7961866.00000000	0.04405734	-0.00108618	0.15853293
7956866.00000000	0.05076657	-0.00026428	0.14813043
7951866.00000000	0.05914771	0.00057581	0.13207895
7946866.00000000	0.06900278	0.00119879	0.11113187
7941866.00000000	0.08026392	0.00157816	0.08565240
7936866.00000000	0.09278192	0.00150870	0.05566168
7931866.00000000	0.10693588	0.00085977	0.01956174
7926866.00000000	0.12203610	-0.00025259	-0.02252380
7921866.00000000	0.13758911	-0.00171179	-0.07062357
7916866.00000000	0.15191776	-0.00302975	-0.12304697
7911866.00000000	0.16299210	-0.00376709	-0.17639413
7906866.00000000	0.16928409	-0.00342664	-0.23038364
7901866.00000000	0.16968903	-0.00212900	-0.28205240
7896866.00000000	0.16424042	-0.00053003	-0.33227109
7891866.00000000	0.15382739	0.00086459	-0.37917850
7886866.00000000	0.13901212	0.00153635	-0.42391202
7881866.00000000	0.12004828	0.00156259	-0.46474048
7876866.00000000	0.09664532	0.00122293	-0.50003220
7871866.00000000	0.06662082	0.00077335	-0.52937424
7866866.00000000	0.02997943	0.00041907	-0.55009772
7861866.00000000	-0.01547168	0.00032410	-0.56173471
7856866.00000000	-0.06659076	0.00051300	-0.56307272
7851866.00000000	-0.12191483	0.00097906	-0.55387167
7846866.00000000	-0.18048416	0.00143491	-0.53339279
7841866.00000000	-0.23802673	0.00220703	-0.50239612
7836866.00000000	-0.29436322	0.00318164	-0.46080872
7831866.00000000	-0.34679788	0.00418954	-0.41141095
7826866.00000000	-0.39632120	0.00543414	-0.35510925
7821866.00000000	-0.44370810	0.00663660	-0.29208521
7816866.00000000	-0.48656537	0.00778214	-0.22534579
7811866.00000000	-0.52359094	0.00855096	-0.15617761
7806866.00000000	-0.55377414	0.00902762	-0.08397821
7801866.00000000	-0.57506104	0.00908896	-0.01109091
7796866.00000000	-0.58714767	0.00871683	0.06424228
7791866.00000000	-0.58913724	0.00769693	0.14082285
7786866.00000000	-0.58091391	0.00623532	0.21802896
7781866.00000000	-0.56157788	0.00427316	0.29862369
7776866.00000000	-0.53335849	0.00202042	0.37395773
7771866.00000000	-0.49395206	-0.00034732	0.44950409
7766866.00000000	-0.44494138	-0.00229337	0.51957599
7761866.00000000	-0.38821320	-0.00351501	0.58067844
7756866.00000000	-0.32173724	-0.00393616	0.63425601
7751866.00000000	-0.25338330	-0.00367267	0.67489441
7746866.00000000	-0.17924579	-0.00323697	0.70644186
7741866.00000000	-0.10163107	-0.00276718	0.72840701
7736866.00000000	-0.02152057	-0.00207742	0.74128940
7731866.00000000	0.05773480	-0.00143637	0.74501727
7726866.00000000	0.13934619	-0.00086734	0.74003210
7721866.00000000	0.22238168	-0.00022528	0.72513803
7716866.00000000	0.30713687	-0.00007425	0.69901431
7711866.00000000	0.38687436	0.00000992	0.66253000
7706866.00000000	0.46513834	-0.00002710	0.61295459
7701866.00000000	0.53599203	-0.00044061	0.55242758
7696866.00000000	0.59531738	-0.00098734	0.48513095
7691866.00000000	0.64600430	-0.00172144	0.40889520
7686866.00000000	0.68481454	-0.00224664	0.33023138
7681866.00000000	0.71423013	-0.00269724	0.24692386
7676866.00000000	0.73389600	-0.00316632	0.16187473
7671866.00000000	0.74406845	-0.00366684	0.07994934
7666866.00000000	0.74584708	-0.00432767	-0.00619318
7661866.00000000	0.73856406	-0.00500317	-0.09160721
7656866.00000000	0.72108124	-0.00572861	-0.17874490
7651866.00000000	0.69230734	-0.00691656	-0.26647293
7646866.00000000	0.65278418	-0.00837769	-0.35022156
7641866.00000000	0.60039053	-0.01036255	-0.43260641
7636866.00000000	0.53874606	-0.01180481	-0.50664893
7631866.00000000	0.46771942	-0.01281470	-0.57287695
7626866.00000000	0.39005515	-0.01315414	-0.62868307
7621866.00000000	0.31005429	-0.01277869	-0.67220566
7616866.00000000	0.22721289	-0.01194769	-0.70521164
7611866.00000000	0.14407376	-0.01087744	-0.72798676
7606866.00000000	0.05942355	-0.00947043	-0.74143005
7601866.00000000	-0.02684213	-0.00796606	-0.74598447
7596866.00000000	-0.11348068	-0.00630133	-0.74122211
7591866.00000000	-0.19995465	-0.00406638	-0.72656549
7586866.00000000	-0.28812265	-0.00128650	-0.70036542
7581866.00000000	-0.37168546	0.00202274	-0.66331302
7576866.00000000	-0.45261411	0.00581165	-0.61372372
7571866.00000000	-0.52424475	0.00945297	-0.55484360
7566866.00000000	-0.58875500	0.01236050	-0.48484448
7561866.00000000	-0.64118314	0.01466599	-0.40946045
7556866.00000000	-0.68177084	0.01587372	-0.33112250
7551866.00000000	-0.71247220	0.01670340	-0.24770746
7546866.00000000	-0.73234409	0.01717804	-0.16565234
7541866.00000000	-0.74327277	0.01749899	-0.08089059
7536866.00000000	-0.74493945	0.01936588	-0.01415045
7531866.00000000	-0.73941284	0.02038794	0.07189682
7526866.00000000	-0.72315720	0.02143582	0.16165387
7521866.00000000	-0.69537314	0.02188977	0.25215186
7516866.00000000	-0.65553229	0.02153397	0.34167078
7511866.00000000	-0.60435043	0.02050247	0.42709879
7506866.00000000	-0.54468301	0.01854373	0.50384436
7501866.00000000	-0.47426288	0.01576736	0.57370413
7496866.00000000	-0.39979977	0.01296954	0.63009573
7491866.00000000	-0.32220996	0.01057932	0.67418176
7486866.00000000	-0.24003299	0.00867532	0.70781754
7481866.00000000	-0.15958685	0.00725409	0.72988419
7476866.00000000	-0.07571420	0.00611090	0.74272644
7471866.00000000	0.00870212	0.00502759	0.74577667
7466866.00000000	0.09378140	0.00382263	0.73859610
7461866.00000000	0.18503018	0.00222711	0.71922104
7456866.00000000	0.26866226	0.00026550	0.68994324
7451866.00000000	0.35318777	-0.00189206	0.64804596
7446866.00000000	0.43527646	-0.00472894	0.59385803
7441866.00000000	0.50750540	-0.00749463	0.53234161
7436866.00000000	0.57373459	-0.01027432	0.46038290
7431866.00000000	0.62629175	-0.01262912	0.38707135
7426866.00000000	0.66997809	-0.01450806	0.30768127
7421866.00000000	0.70284656	-0.01625226	0.22571802
7416866.00000000	0.72496579	-0.01758633	0.14523376
7411866.00000000	0.73846277	-0.01873770	0.06065631
7406866.00000000	0.74229620	-0.01975388	-0.02329782
7401866.00000000	0.73625934	-0.02085648	-0.10920428
7396866.00000000	0.71846671	-0.02187732	-0.19890302
7391866.00000000	0.68974786	-0.02197717	-0.28429041
7386866.00000000	0.64727884	-0.02128387	-0.37110617
7381866.00000000	0.59226132	-0.01912793	-0.45363107
7376866.00000000	0.52978436	-0.01649292	-0.52538373
7371866.00000000	0.45559689	-0.01305914	-0.59130466
7366866.00000000	0.38210770	-0.00970340	-0.64165628
7361866.00000000	0.30215146	-0.00675262	-0.68298737
7356866.00000000	0.22090158	-0.00438968	-0.71326517
7351866.00000000	0.14021021	-0.00267868	-0.73318408
7346866.00000000	0.05618079	-0.00134070	-0.74413504
7341866.00000000	-0.02602698	-0.00001340	-0.74547922
7336866.00000000	-0.11206314	0.00125906	-0.73678873
7331866.00000000	-0.19771927	0.00257056	-0.71680319
7326866.00000000	-0.28099741	0.00398782	-0.68570731
7321866.00000000	-0.36487024	0.00542221	-0.64116388
7316866.00000000	-0.44325049	0.00683801	-0.58564337
7311866.00000000	-0.51226654	0.00839609	-0.52358304
7306866.00000000	-0.57543442	0.01001028	-0.45208670
7301866.00000000	-0.62804059	0.01103897	-0.37671249
7296866.00000000	-0.67011740	0.01197806	-0.29887634
7291866.00000000	-0.70254178	0.01259262	-0.21833499
7286866.00000000	-0.72546729	0.01311038	-0.13738422
7281866.00000000	-0.73978030	0.01352420	-0.05302429
7276866.00000000	-0.74477908	0.01405457	0.03064999
7271866.00000000	-0.74000046	0.01495004	0.11789456
7266866.00000000	-0.72457544	0.01611017	0.20462408
7261866.00000000	-0.69707245	0.01741904	0.29170517
7256866.00000000	-0.65659561	0.01868900	0.37764011
7251866.00000000	-0.60606573	0.01967090	0.45564508
7246866.00000000	-0.54380508	0.01980252	0.52842828
7241866.00000000	-0.47401920	0.01941592	0.59082492
7236866.00000000	-0.39697626	0.01812564	0.64345871
7231866.00000000	-0.31962778	0.01639539	0.68275140
7226866.00000000	-0.23848172	0.01517017	0.71263919
7221866.00000000	-0.15431744	0.01395877	0.73312204
7216866.00000000	-0.07085864	0.01298248	0.74376685
7211866.00000000	0.01440286	0.01182660	0.74520187
7206866.00000000	0.10027115	0.01040115	0.73688174
7201866.00000000	0.18703156	0.00835385	0.71763382
7196866.00000000	0.27384824	0.00536444	0.68680151
7191866.00000000	0.36015204	0.00047736	0.64305008
7186866.00000000	0.43983191	-0.00478339	0.58933014
7181866.00000000	0.51471951	-0.01066815	0.52415936
7176866.00000000	0.57853467	-0.01641275	0.45364902
7171866.00000000	0.63132455	-0.02124377	0.37913116
7166866.00000000	0.67458188	-0.02534918	0.29938113
7161866.00000000	0.70610687	-0.02868884	0.22040182
7156866.00000000	0.72877173	-0.03099194	0.13751117
7151866.00000000	0.74175711	-0.03353113	0.05436685
7146866.00000000	0.74521857	-0.03588275	-0.02986322
7141866.00000000	0.73809976	-0.03807925	-0.11974753
7136866.00000000	0.72051993	-0.03962186	-0.20482227
7131866.00000000	0.68988092	-0.03971918	-0.29359647
7126866.00000000	0.64709671	-0.03777081	-0.37931369
7121866.00000000	0.59397098	-0.03376984	-0.45867126
7116866.00000000	0.52817932	-0.02823416	-0.53395490
7111866.00000000	0.45920102	-0.02245673	-0.59473886
7106866.00000000	0.38415955	-0.01677106	-0.64553900
7101866.00000000	0.30534659	-0.01166721	-0.68560825
7096866.00000000	0.22623242	-0.00747119	-0.71440250
7091866.00000000	0.14312973	-0.00377121	-0.73438428
7086866.00000000	0.06017365	-0.00027054	-0.74459702
7081866.00000000	-0.02466235	0.00271951	-0.74521051
7076866.00000000	-0.11267871	0.00596295	-0.73539841
7071866.00000000	-0.19917462	0.00918073	-0.71445639
7066866.00000000	-0.28776288	0.01225082	-0.68080411
7061866.00000000	-0.37461792	0.01498779	-0.63473111
7056866.00000000	-0.45195096	0.01700473	-0.58105832
7051866.00000000	-0.52604593	0.01879919	-0.51572934
7046866.00000000	-0.58823117	0.02015439	-0.44567996
7041866.00000000	-0.64033282	0.02124002	-0.37009470
7036866.00000000	-0.68182712	0.02187756	-0.29044821
7031866.00000000	-0.71138644	0.02200876	-0.21238333
7026866.00000000	-0.73243033	0.02259360	-0.12895663
7021866.00000000	-0.74346979	0.02338748	-0.04634863
7016866.00000000	-0.74489105	0.02452548	0.03857562
7011866.00000000	-0.73545047	0.02564841	0.12667587
7006866.00000000	-0.71170300	0.02657599	0.22342099
7001866.00000000	-0.68142166	0.02701422	0.30201947
6996866.00000000	-0.63600433	0.02693524	0.38743384
6991866.00000000	-0.58125418	0.02556696	0.46519714
6986866.00000000	-0.51590891	0.02332361	0.53712244
6981866.00000000	-0.44494388	0.02070401	0.59765759
6976866.00000000	-0.36739990	0.01812991	0.64833365
6971866.00000000	-0.28676431	0.01589505	0.68774417
6966866.00000000	-0.20610547	0.01393048	0.71606116
6961866.00000000	-0.12121027	0.01213135	0.73548511
6956866.00000000	-0.03700577	0.01031049	0.74522101
6951866.00000000	0.05135681	0.00805954	0.74540720
6946866.00000000	0.14063412	0.00500763	0.73489182
6941866.00000000	0.22897946	0.00125320	0.71308295
6936866.00000000	0.31994455	-0.00374518	0.67743710
6931866.00000000	0.40404761	-0.00892245	0.63079074
6926866.00000000	0.48302393	-0.01415323	0.57240216
6921866.00000000	0.55267560	-0.01838406	0.50507544
6916866.00000000	0.61107516	-0.02130881	0.43148538
6911866.00000000	0.65845135	-0.02318204	0.35341315
6906866.00000000	0.69446045	-0.02427466	0.27385223
6901866.00000000	0.72089297	-0.02486191	0.19197733
6896866.00000000	0.73803772	-0.02521384	0.10789728
6891866.00000000	0.74570694	-0.02595221	0.02291406
6886866.00000000	0.74344012	-0.02745157	-0.06364960
6881866.00000000	0.73033398	-0.02918912	-0.15173026
6876866.00000000	0.70546857	-0.03003354	-0.23960693
6871866.00000000	0.66753302	-0.03094247	-0.32823868
6866866.00000000	0.61878003	-0.03138385	-0.41097543
6861866.00000000	0.55875970	-0.03148825	-0.48907373
6856866.00000000	0.49124240	-0.03049649	-0.55740421
6851866.00000000	0.41655878	-0.02891583	-0.61597491
6846866.00000000	0.33939938	-0.02694037	-0.66212140
6841866.00000000	0.25954562	-0.02539209	-0.69748737
6836866.00000000	0.17541736	-0.02373871	-0.72347217
6831866.00000000	0.09171561	-0.02204980	-0.73917224
6826866.00000000	0.00516095	-0.01998758	-0.74552051
6821866.00000000	-0.08344333	-0.01683395	-0.74173267
6816866.00000000	-0.17293130	-0.01278571	-0.72701321
6811866.00000000	-0.26469086	-0.00740207	-0.69967300
6806866.00000000	-0.35287540	-0.00108560	-0.66024219
6801866.00000000	-0.43559537	0.00526437	-0.60967471
6796866.00000000	-0.51232294	0.01166696	-0.54804517
6791866.00000000	-0.57715912	0.01685968	-0.48062299
6786866.00000000	-0.63255429	0.02127188	-0.40544196
6781866.00000000	-0.67478525	0.02441394	-0.32986871
6776866.00000000	-0.70685361	0.02649130	-0.25186069
6771866.00000000	-0.72970325	0.02871655	-0.17031912
6766866.00000000	-0.74269025	0.03081744	-0.08887943
6761866.00000000	-0.74634946	0.03333496	-0.00476343
6756866.00000000	-0.73962909	0.03638306	0.08220340
6751866.00000000	-0.72189615	0.03987659	0.16880600
6746866.00000000	-0.69117151	0.04314563	0.25909549
6741866.00000000	-0.64956308	0.04526508	0.34495752
6736866.00000000	-0.59706625	0.04565149	0.42724512
6731866.00000000	-0.53410837	0.04419272	0.50456290
6726866.00000000	-0.46673538	0.04132697	0.56973535
6721866.00000000	-0.39280890	0.03705377	0.62552866
6716866.00000000	-0.31562930	0.03235376	0.66993753
6711866.00000000	-0.23778583	0.02816470	0.70299973
6706866.00000000	-0.15456775	0.02424023	0.72724719
6701866.00000000	-0.07408014	0.02121460	0.74093060
6696866.00000000	0.01056229	0.01832639	0.74560983
6691866.00000000	0.09885126	0.01522986	0.73972198
6686866.00000000	0.18433405	0.01199808	0.72302283
6681866.00000000	0.27382019	0.00918433	0.69301263
6676866.00000000	0.35743597	0.00660727	0.65218948
6671866.00000000	0.43830377	0.00456717	0.59947574
6666866.00000000	0.51348154	0.00256335	0.53634280
6661866.00000000	0.57777933	0.00029956	0.46758728
6656866.00000000	0.63222705	-0.00284430	0.39256439
6651866.00000000	0.67478851	-0.00636252	0.31537671
6646866.00000000	0.70674057	-0.01001505	0.23624481
6641866.00000000	0.72922583	-0.01403683	0.15430374
6636866.00000000	0.74186798	-0.01828409	0.07319165
6631866.00000000	0.74529144	-0.02308542	-0.01242554
6626866.00000000	0.73829379	-0.02838333	-0.09870547
6621866.00000000	0.72035812	-0.03380151	-0.18510989
6616866.00000000	0.68992172	-0.03884177	-0.27331232
6611866.00000000	0.64712250	-0.04229388	-0.35973547
6606866.00000000	0.59477908	-0.04341882	-0.43924460
6601866.00000000	0.53209412	-0.04245834	-0.51314523
6596866.00000000	0.46394516	-0.04009784	-0.57591760
6591866.00000000	0.38866324	-0.03693088	-0.62987286
6586866.00000000	0.31038339	-0.03315189	-0.67241791
6581866.00000000	0.23199799	-0.02958731	-0.70420212
6576866.00000000	0.15078622	-0.02571729	-0.72723849
6571866.00000000	0.06865466	-0.02239810	-0.74123315
6566866.00000000	-0.01740460	-0.01882944	-0.74617218
6561866.00000000	-0.10329535	-0.01519925	-0.74132962
6556866.00000000	-0.19196588	-0.01081152	-0.72561536
6551866.00000000	-0.28097498	-0.00596597	-0.69786319
6546866.00000000	-0.36719449	-0.00080792	-0.65871622
6541866.00000000	-0.44968213	0.00442456	-0.60781070
6536866.00000000	-0.52327890	0.00920767	-0.54823352
6531866.00000000	-0.58735507	0.01310553	-0.48087228
6526866.00000000	-0.63927725	0.01674176	-0.40928516
6521866.00000000	-0.68031818	0.01948499	-0.33403723
6516866.00000000	-0.71152563	0.02174106	-0.25497849
6511866.00000000	-0.73294485	0.02345633	-0.17473019
6506866.00000000	-0.74523145	0.02587518	-0.09216464
6501866.00000000	-0.74817938	0.02888501	-0.00699185
6496866.00000000	-0.74091272	0.03163806	0.07895102
6491866.00000000	-0.72225247	0.03505634	0.16774594
6486866.00000000	-0.69120306	0.03796094	0.25709293
6481866.00000000	-0.64879526	0.04095181	0.34329428
6476866.00000000	-0.59417865	0.04267569	0.42739053
6471866.00000000	-0.53173483	0.04273682	0.50247800
6466866.00000000	-0.46206702	0.04148914	0.56876477
6461866.00000000	-0.38739847	0.03977716	0.62439365
6456866.00000000	-0.31073288	0.03753720	0.66821732
6451866.00000000	-0.22781305	0.03452432	0.70314777
6446866.00000000	-0.14785699	0.03220575	0.72631250
6441866.00000000	-0.06373633	0.02979367	0.74087064
6436866.00000000	0.02266995	0.02731689	0.74564493
6431866.00000000	0.10982379	0.02394977	0.74001700
6426866.00000000	0.20217520	0.01970740	0.72190424
6421866.00000000	0.28997824	0.01448233	0.69244547
6416866.00000000	0.37576480	0.00846039	0.65062720
6411866.00000000	0.45814392	0.00226807	0.59658960
6406866.00000000	0.53049472	-0.00392474	0.53465375
6401866.00000000	0.59357053	-0.01040540	0.46433545
6396866.00000000	0.64456345	-0.01591510	0.38984674
6391866.00000000	0.68360062	-0.02098251	0.31334528
6386866.00000000	0.71306662	-0.02600497	0.23240344
6381866.00000000	0.73182751	-0.03049661	0.15246057
6376866.00000000	0.74151105	-0.03559659	0.07006912
6371866.00000000	0.74148309	-0.04169968	-0.01626633
6366866.00000000	0.73133319	-0.04776114	-0.10038675
6361866.00000000	0.70917734	-0.05429547	-0.19003104
6356866.00000000	0.67559537	-0.05962482	-0.27812225
6351866.00000000	0.63081512	-0.06312515	-0.36421698
6346866.00000000	0.57485538	-0.06376486	-0.44742651
6341866.00000000	0.51339017	-0.06101242	-0.51945966
6336866.00000000	0.44388055	-0.05610400	-0.58389993
6331866.00000000	0.37028952	-0.04973758	-0.63661929
6326866.00000000	0.29368909	-0.04329913	-0.67819196
6321866.00000000	0.21344638	-0.03719540	-0.70974301
6316866.00000000	0.13335297	-0.03121149	-0.73084338
6311866.00000000	0.05024741	-0.02534802	-0.74274973
6306866.00000000	-0.03410516	-0.02001865	-0.74489493
6301866.00000000	-0.12053522	-0.01390021	-0.73637198
6296866.00000000	-0.21047562	-0.00710391	-0.71568570
6291866.00000000	-0.29907214	-0.00016440	-0.68255243
6286866.00000000	-0.38361081	0.00656366	-0.63796967
6281866.00000000	-0.46388290	0.01285321	-0.58200793
6276866.00000000	-0.53467719	0.01844205	-0.51868622
6271866.00000000	-0.59831879	0.02316605	-0.44546021
6266866.00000000	-0.64924338	0.02681744	-0.36892899
6261866.00000000	-0.68824921	0.02974103	-0.29141855
6256866.00000000	-0.71780847	0.03236615	-0.20985788
6251866.00000000	-0.73720444	0.03469400	-0.12881445
6246866.00000000	-0.74779614	0.03748709	-0.04361185
6241866.00000000	-0.74884705	0.04083606	0.04157971
6236866.00000000	-0.73942337	0.04467899	0.13007889
6231866.00000000	-0.71843021	0.04739227	0.21964670
6226866.00000000	-0.68582458	0.04993311	0.30710187
6221866.00000000	-0.64091879	0.05101514	0.39218961
6216866.00000000	-0.58516245	0.05052097	0.47130099
6211866.00000000	-0.52085587	0.04844870	0.54132382
6206866.00000000	-0.45056253	0.04480579	0.60035309
6201866.00000000	-0.37500284	0.04112717	0.64898401
6196866.00000000	-0.29676718	0.03765646	0.68688620
6191866.00000000	-0.21599243	0.03458337	0.71507941
6186866.00000000	-0.13250613	0.03151120	0.73418741
6181866.00000000	-0.04720370	0.02859308	0.74387817
6176866.00000000	0.03974933	0.02547906	0.74397388
6171866.00000000	0.12962979	0.02106311	0.73320343
6166866.00000000	0.22097400	0.01522821	0.71058765
6161866.00000000	0.31003436	0.00799188	0.67663644
6156866.00000000	0.39763303	-0.00063629	0.63033014
6151866.00000000	0.47763910	-0.00909854	0.57466315
6146866.00000000	0.54818939	-0.01751361	0.51151312
6141866.00000000	0.60887103	-0.02428989	0.44145624
6136866.00000000	0.65697400	-0.03001978	0.36884113
6131866.00000000	0.69570944	-0.03473065	0.29048166
6126866.00000000	0.72282788	-0.03857803	0.21335672
6121866.00000000	0.74081851	-0.04250543	0.13321503
6116866.00000000	0.74939343	-0.04671954	0.04922632
6111866.00000000	0.74754132	-0.05107657	-0.03455548
6106866.00000000	0.73401923	-0.05620776	-0.12359830
6101866.00000000	0.70885577	-0.06028336	-0.21042392
6096866.00000000	0.67137930	-0.06281729	-0.29726462
6091866.00000000	0.62112912	-0.06293250	-0.38380804
6086866.00000000	0.56236865	-0.06046539	-0.46306522
6081866.00000000	0.49488672	-0.05600580	-0.53561490
6076866.00000000	0.42261975	-0.05009235	-0.59724222
6071866.00000000	0.34825650	-0.04405591	-0.64693106
6066866.00000000	0.26982883	-0.03786209	-0.68686761
6061866.00000000	0.19132220	-0.03241138	-0.71575031
6056866.00000000	0.11073526	-0.02734790	-0.73540244
6051866.00000000	0.02569470	-0.02228973	-0.74558603
6046866.00000000	-0.05668234	-0.01728275	-0.74479745
6041866.00000000	-0.14401999	-0.01199765	-0.73216479
6036866.00000000	-0.22897351	-0.00721265	-0.70748572
6031866.00000000	-0.31391574	-0.00330295	-0.66991345
6026866.00000000	-0.39814447	-0.00053421	-0.61924927
6021866.00000000	-0.47251962	0.00137949	-0.56218994
6016866.00000000	-0.54176434	0.00332657	-0.49608676
6011866.00000000	-0.60114835	0.00560394	-0.42482965
6006866.00000000	-0.64945541	0.00827518	-0.35055917
6001866.00000000	-0.68814273	0.01112280	-0.27203726
5996866.00000000	-0.71607706	0.01421552	-0.19372806
5991866.00000000	-0.73567545	0.01763995	-0.11065485
5986866.00000000	-0.74615021	0.02176801	-0.02542313
5981866.00000000	-0.74707809	0.02674457	0.06111234
5976866.00000000	-0.73775034	0.03267770	0.15240421
5971866.00000000	-0.71673495	0.03924677	0.24522543
5966866.00000000	-0.68491470	0.04568097	0.33442654
5961866.00000000	-0.63951569	0.05153952	0.42354135
5956866.00000000	-0.58564786	0.05453900	0.50136423
5951866.00000000	-0.52006308	0.05527841	0.57211166
5946866.00000000	-0.44767398	0.05392273	0.63003983
5941866.00000000	-0.37280167	0.05137448	0.67434348
5936866.00000000	-0.29273782	0.04809290	0.70858334
5931866.00000000	-0.21184796	0.04458307	0.73178119
5926866.00000000	-0.12730695	0.04097717	0.74533658
5921866.00000000	-0.04212064	0.03716559	0.74832352
5916866.00000000	0.04683441	0.03278708	0.74022275
5911866.00000000	0.13983090	0.02791544	0.71930804
5906866.00000000	0.23078314	0.02237393	0.68642920
5901866.00000000	0.32354907	0.01620316	0.64001547
5896866.00000000	0.41025586	0.00990738	0.58419678
5891866.00000000	0.48978867	0.00398965	0.52035577
5886866.00000000	0.55898468	-0.00173080	0.45139267
5881866.00000000	0.61597958	-0.00692963	0.37946558
5876866.00000000	0.66208044	-0.01153119	0.30426605
5871866.00000000	0.69720731	-0.01563132	0.22715909
5866866.00000000	0.72226056	-0.01910638	0.14867975
5861866.00000000	0.73803488	-0.02300705	0.06838129
5856866.00000000	0.74429529	-0.02696783	-0.01287320
5851866.00000000	0.74068536	-0.03138870	-0.09681772
5846866.00000000	0.72576459	-0.03635269	-0.18344473
5841866.00000000	0.69946445	-0.04091394	-0.26790656
5836866.00000000	0.66032843	-0.04535794	-0.35284430
5831866.00000000	0.61093130	-0.04773438	-0.43181421
5826866.00000000	0.55188229	-0.04863687	-0.50435016
5821866.00000000	0.48377148	-0.04708487	-0.56927817
5816866.00000000	0.41175195	-0.04520383	-0.62284106
5811866.00000000	0.33296588	-0.04159665	-0.66755429
5806866.00000000	0.25499600	-0.03795126	-0.70071082
5801866.00000000	0.17403519	-0.03447888	-0.72505542
5796866.00000000	0.08985846	-0.03085638	-0.74073227
5791866.00000000	0.00517990	-0.02698935	-0.74678961
5786866.00000000	-0.08434180	-0.02263333	-0.74262344
5781866.00000000	-0.17109494	-0.01799640	-0.72775635
5776866.00000000	-0.25908270	-0.01280377	-0.70126187
5771866.00000000	-0.34693039	-0.00699429	-0.66258945
5766866.00000000	-0.42911411	-0.00159583	-0.61372339
5761866.00000000	-0.50496622	0.00376199	-0.55555496
5756866.00000000	-0.57110159	0.00895731	-0.49052014
5751866.00000000	-0.62636826	0.01359848	-0.42057944
5746866.00000000	-0.67074915	0.01853632	-0.34677725
5741866.00000000	-0.70443167	0.02287845	-0.27161566
5736866.00000000	-0.72903577	0.02704337	-0.19406088
5731866.00000000	-0.74534561	0.03119226	-0.11154745
5726866.00000000	-0.75221960	0.03573096	-0.03178244
5721866.00000000	-0.75000906	0.04056619	0.05449808
5716866.00000000	-0.73738251	0.04556592	0.14163437
5711866.00000000	-0.71325497	0.04999292	0.23001450
5706866.00000000	-0.67570068	0.05299719	0.32079974
5701866.00000000	-0.62891501	0.05357556	0.40338321
5696866.00000000	-0.57008362	0.05179489	0.48263260
5691866.00000000	-0.49977408	0.04791571	0.55533313
5686866.00000000	-0.43211221	0.04384167	0.60959329
5681866.00000000	-0.35453796	0.03948297	0.65748837
5676866.00000000	-0.27628967	0.03572034	0.69347742
5671866.00000000	-0.19440826	0.03252353	0.72035764
5666866.00000000	-0.10838644	0.02958078	0.73773761
5661866.00000000	-0.02306064	0.02669553	0.74495743
5656866.00000000	0.06832147	0.02345322	0.74160492
5651866.00000000	0.16138718	0.01960587	0.72606082
5646866.00000000	0.25250613	0.01527213	0.69837070
5641866.00000000	0.34476065	0.01045407	0.65694565
5636866.00000000	0.42884354	0.00537442	0.60583432
5631866.00000000	0.50716287	-0.00031577	0.54403894
5626866.00000000	0.57383517	-0.00661160	0.47561206
5621866.00000000	0.62784766	-0.01248654	0.40371170
5616866.00000000	0.67179846	-0.01811359	0.32648978
5611866.00000000	0.70423965	-0.02309360	0.24913849
5606866.00000000	0.72767230	-0.02818048	0.16850293
5601866.00000000	0.74152335	-0.03351675	0.08759915
5596866.00000000	0.74611938	-0.03916940	0.00468683
5591866.00000000	0.74043030	-0.04542401	-0.08309402
5586866.00000000	0.72354700	-0.05142078	-0.17135950
5581866.00000000	0.69521771	-0.05669193	-0.25937427
5576866.00000000	0.65536551	-0.06026532	-0.34588571
5571866.00000000	0.60570840	-0.06153040	-0.42704886
5566866.00000000	0.54553961	-0.06031085	-0.50278497
5561866.00000000	0.47853223	-0.05711844	-0.56830585
5556866.00000000	0.40457758	-0.05274750	-0.62385684
5551866.00000000	0.32837598	-0.04810907	-0.66728519
5546866.00000000	0.24903030	-0.04348282	-0.70075641
5541866.00000000	0.16779501	-0.03914285	-0.72453424
5536866.00000000	0.08409845	-0.03509335	-0.73927744
5531866.00000000	-0.00289423	-0.03071994	-0.74481116
5526866.00000000	-0.09443903	-0.02580594	-0.74000912
5521866.00000000	-0.18692416	-0.01973065	-0.72392615
5516866.00000000	-0.28260583	-0.01260577	-0.69482236
5511866.00000000	-0.37394424	-0.00459122	-0.65406656
5506866.00000000	-0.45982623	0.00403232	-0.60174658
5501866.00000000	-0.53454895	0.01217572	-0.54187146
5496866.00000000	-0.59686188	0.01920490	-0.47623993
5491866.00000000	-0.64956769	0.02529614	-0.40280411
5486866.00000000	-0.68959760	0.03018036	-0.32702997
5481866.00000000	-0.71889267	0.03426099	-0.24837994
5476866.00000000	-0.73775754	0.03823019	-0.16863773
5471866.00000000	-0.74660712	0.04233768	-0.08770328
5466866.00000000	-0.74494681	0.04687244	-0.00181940
5461866.00000000	-0.73137119	0.05164941	0.08583939
5456866.00000000	-0.70569913	0.05610779	0.17392804
5451866.00000000	-0.66560483	0.05936465	0.26626611
5446866.00000000	-0.61513251	0.06015112	0.35386139
5441866.00000000	-0.55474847	0.05764981	0.43739066
5436866.00000000	-0.48663351	0.05377109	0.51378757
5431866.00000000	-0.41530405	0.04846887	0.57821869
5426866.00000000	-0.33693164	0.04243683	0.63386554
5421866.00000000	-0.25990594	0.03669913	0.67573648
5416866.00000000	-0.18030469	0.03107626	0.70759695
5411866.00000000	-0.09709027	0.02619977	0.73031250
5406866.00000000	-0.01441571	0.02141916	0.74289349
5401866.00000000	0.07473465	0.01619907	0.74566507
5396866.00000000	0.16136734	0.01063275	0.73742178
5391866.00000000	0.24870349	0.00481885	0.71750565
5386866.00000000	0.33734879	-0.00138657	0.68424634
5381866.00000000	0.41911664	-0.00702991	0.64063715
5376866.00000000	0.49591873	-0.01207465	0.58587451
5371866.00000000	0.56309109	-0.01624597	0.52350244
5366866.00000000	0.61922629	-0.01966138	0.45602225
5361866.00000000	0.66581360	-0.02278229	0.38263995
5356866.00000000	0.70127744	-0.02525754	0.30775891
5351866.00000000	0.72764438	-0.02768695	0.23024875
5346866.00000000	0.74532068	-0.03040970	0.14861502
5341866.00000000	0.75351193	-0.03340991	0.06861337
5336866.00000000	0.75228571	-0.03700192	-0.01761011
5331866.00000000	0.74029666	-0.04081586	-0.10539148
5326866.00000000	0.71599863	-0.04447632	-0.19692679
5321866.00000000	0.68022876	-0.04716592	-0.28684958
5316866.00000000	0.63480142	-0.04806467	-0.37194168
5311866.00000000	0.57804321	-0.04690756	-0.45477155
5306866.00000000	0.51446362	-0.04341968	-0.52774567
5301866.00000000	0.44619211	-0.03920987	-0.58919119
5296866.00000000	0.37144818	-0.03452979	-0.64113754
5291866.00000000	0.29597012	-0.03000790	-0.68077377
5286866.00000000	0.21666568	-0.02544400	-0.71096738
5281866.00000000	0.13547040	-0.02121249	-0.73155347
5276866.00000000	0.05237701	-0.01751663	-0.74252496
5271866.00000000	-0.03649982	-0.01325925	-0.74341785
5266866.00000000	-0.12640424	-0.00916296	-0.73327219
5261866.00000000	-0.21771326	-0.00503247	-0.71149286
5256866.00000000	-0.30963882	-0.00110977	-0.67756833
5251866.00000000	-0.39588538	0.00296167	-0.63386731
5246866.00000000	-0.47771725	0.00697687	-0.57950552
5241866.00000000	-0.54898569	0.01133148	-0.51802081
5236866.00000000	-0.60787814	0.01545993	-0.45165802
5231866.00000000	-0.65633328	0.01915891	-0.37985535
5226866.00000000	-0.69312619	0.02225827	-0.30610934
5221866.00000000	-0.72100092	0.02517380	-0.22714838
5216866.00000000	-0.73886627	0.02801147	-0.14718500
5211866.00000000	-0.74722186	0.03140280	-0.06387119
5206866.00000000	-0.74528848	0.03496854	0.02304135
5201866.00000000	-0.73230963	0.03846478	0.11092783
5196866.00000000	-0.70702841	0.04163477	0.20227557
5191866.00000000	-0.66946609	0.04426059	0.29401398
5186866.00000000	-0.62095517	0.04545242	0.38214627
5181866.00000000	-0.56453867	0.04518045	0.46240491
5176866.00000000	-0.50021265	0.04301440	0.53441129
5171866.00000000	-0.42849060	0.03968469	0.59723230
5166866.00000000	-0.35588055	0.03603372	0.64631064
5161866.00000000	-0.27851886	0.03183249	0.68568542
5156866.00000000	-0.19994543	0.02755893	0.71451892
5151866.00000000	-0.11914548	0.02343277	0.73401944
5146866.00000000	-0.03380365	0.01911401	0.74443463
5141866.00000000	0.05263684	0.01456451	0.74475882
5136866.00000000	0.14067612	0.00955817	0.73416907
5131866.00000000	0.23233734	0.00400500	0.71127533
5126866.00000000	0.31983023	-0.00126111	0.67709055
5121866.00000000	0.40534814	-0.00725726	0.63093689
5116866.00000000	0.48503589	-0.01303989	0.57405276
5111866.00000000	0.55370853	-0.01798456	0.51053351
5106866.00000000	0.61436987	-0.02288846	0.43735898
5101866.00000000	0.66108890	-0.02691040	0.36319131
5096866.00000000	0.69714435	-0.03019971	0.28681177
5091866.00000000	0.72420502	-0.03317630	0.20585852
5086866.00000000	0.74151221	-0.03661990	0.12394034
5081866.00000000	0.74956784	-0.04087793	0.03546945
5076866.00000000	0.74703992	-0.04643674	-0.05188599
5071866.00000000	0.73331204	-0.05190497	-0.14290970
5066866.00000000	0.70750021	-0.05760681	-0.23675586
5061866.00000000	0.67105060	-0.06137717	-0.32713092
5056866.00000000	0.62281500	-0.06268570	-0.41622748
5051866.00000000	0.56538898	-0.06081653	-0.49764444
5046866.00000000	0.50175815	-0.05627927	-0.56705954
5041866.00000000	0.43066525	-0.04987363	-0.62611127
5036866.00000000	0.35682083	-0.04304468	-0.67153906
5031866.00000000	0.27889682	-0.03641183	-0.70630704
5026866.00000000	0.19591623	-0.02981433	-0.73098508
5021866.00000000	0.11517001	-0.02373038	-0.74430075
5016866.00000000	0.02773746	-0.01674194	-0.74748062
5011866.00000000	-0.06060687	-0.00922873	-0.73935452
5006866.00000000	-0.15346863	-0.00068091	-0.71837732
5001866.00000000	-0.24971979	0.00853595	-0.68289810
4996866.00000000	-0.33875314	0.01710101	-0.63791714
4991866.00000000	-0.42652881	0.02506268	-0.58071759
4986866.00000000	-0.50472610	0.03188303	-0.51666376
4981866.00000000	-0.57202112	0.03787766	-0.44704791
4976866.00000000	-0.62785068	0.04301807	-0.37331036
4971866.00000000	-0.67091327	0.04686053	-0.29862726
4966866.00000000	-0.70385873	0.05073486	-0.22076752
4961866.00000000	-0.72983783	0.05475650	-0.12739395
4956866.00000000	-0.74028299	0.05725427	-0.06080243
4951866.00000000	-0.74420026	0.06017426	0.02412332
4946866.00000000	-0.73733469	0.06296979	0.11047586
4941866.00000000	-0.71896561	0.06506805	0.19774237
4936866.00000000	-0.68749301	0.06498346	0.28678006
4931866.00000000	-0.64450067	0.06319565	0.37131427
4926866.00000000	-0.58946301	0.05896921	0.45217545
4921866.00000000	-0.52496741	0.05344138	0.52518256
4916866.00000000	-0.45540213	0.04658524	0.58635394
4911866.00000000	-0.38073416	0.03931967	0.63752441
4906866.00000000	-0.30542328	0.03262305	0.67715714
4901866.00000000	-0.22516736	0.02616110	0.70863992
4896866.00000000	-0.14540643	0.02008661	0.73019440
4891866.00000000	-0.06272702	0.01385046	0.74291534
4886866.00000000	0.02413766	0.00679758	0.74602176
4881866.00000000	0.11061536	-0.00079327	0.73826114
4876866.00000000	0.20076141	-0.00904935	0.71836786
4871866.00000000	0.28957803	-0.01753473	0.68655444
4866866.00000000	0.37765646	-0.02621249	0.64227301
4861866.00000000	0.45850565	-0.03428317	0.58858743
4856866.00000000	0.53070181	-0.04142850	0.52716614
4851866.00000000	0.59332471	-0.04720840	0.45870670
4846866.00000000	0.64487695	-0.05176346	0.38546466
4841866.00000000	0.68456070	-0.05510867	0.31068112
4836866.00000000	0.71498474	-0.05806085	0.23179440
4831866.00000000	0.73546576	-0.06072156	0.15278357
4826866.00000000	0.74709494	-0.06338351	0.06948563
4821866.00000000	0.74881332	-0.06611050	-0.01612802
4816866.00000000	0.73995581	-0.06846042	-0.10265271
4811866.00000000	0.71897079	-0.06998181	-0.19317233
4806866.00000000	0.68673111	-0.07020627	-0.28141354
4801866.00000000	0.64252341	-0.06864438	-0.36907114
4796866.00000000	0.58796423	-0.06468021	-0.45213196
4791866.00000000	0.52709210	-0.05875681	-0.52501538
4786866.00000000	0.45648792	-0.05122531	-0.59092123
4781866.00000000	0.38576242	-0.04381277	-0.64168848
4776866.00000000	0.30923767	-0.03644415	-0.68320718
4771866.00000000	0.23161072	-0.02995505	-0.71347043
4766866.00000000	0.15281726	-0.02402539	-0.73375635
4761866.00000000	0.06928186	-0.01785583	-0.74500793
4756866.00000000	-0.01533920	-0.01119653	-0.74595779
4751866.00000000	-0.10262073	-0.00342279	-0.73592242
4746866.00000000	-0.19354904	0.00585663	-0.71316171
4741866.00000000	-0.28107227	0.01538235	-0.67931421
4736866.00000000	-0.36974435	0.02513031	-0.63216144
4731866.00000000	-0.45152057	0.03374078	-0.57605988
4726866.00000000	-0.52452951	0.04070093	-0.51291559
4721866.00000000	-0.58872876	0.04627118	-0.44293073
4716866.00000000	-0.64034119	0.05019711	-0.37062891
4711866.00000000	-0.68251605	0.05318427	-0.29322250
4706866.00000000	-0.71428360	0.05551608	-0.21270267
4701866.00000000	-0.73542984	0.05780731	-0.13290924
4696866.00000000	-0.74759238	0.06006506	-0.04488589
4691866.00000000	-0.74926254	0.06213379	0.04042191
4686866.00000000	-0.73986557	0.06388779	0.13018857
4681866.00000000	-0.71820752	0.06496341	0.22179214
4676866.00000000	-0.68455090	0.06483725	0.31163150
4671866.00000000	-0.63735422	0.06279068	0.40081018
4666866.00000000	-0.58045563	0.05866968	0.48132236
4661866.00000000	-0.51460831	0.05305679	0.55251480
4656866.00000000	-0.44139075	0.04640564	0.61288428
4651866.00000000	-0.36611661	0.03984143	0.65974954
4646866.00000000	-0.28481613	0.03324362	0.69730768
4641866.00000000	-0.20379010	0.02736655	0.72342963
4636866.00000000	-0.12063931	0.02132507	0.74016809
4631866.00000000	-0.03317184	0.01439011	0.74742566
4626866.00000000	0.05615433	0.00666986	0.74395981
4621866.00000000	0.14692361	-0.00209979	0.72904929
4616866.00000000	0.24093878	-0.01207373	0.70072552
4611866.00000000	0.32883804	-0.02185916	0.66179279
4606866.00000000	0.41565570	-0.03136411	0.61018759
4601866.00000000	0.49262164	-0.03960605	0.55105673
4596866.00000000	0.57375131	-0.04784784	0.46893588
4591866.00000000	0.61672443	-0.05181436	0.41308963
4586866.00000000	0.66070892	-0.05570770	0.34042191
4581866.00000000	0.69558917	-0.05876746	0.26279196
4576866.00000000	0.72007181	-0.06130551	0.18515472
4571866.00000000	0.73591397	-0.06379486	0.10431699
4566866.00000000	0.74273779	-0.06613544	0.01998175
4561866.00000000	0.73979065	-0.06820105	-0.06460489
4556866.00000000	0.72598898	-0.06984833	-0.15392383
4551866.00000000	0.70103458	-0.06999667	-0.24249911
4546866.00000000	0.66379187	-0.06829761	-0.33202762
4541866.00000000	0.61656628	-0.06420758	-0.41617682
4536866.00000000	0.56000534	-0.05768396	-0.49375748
4531866.00000000	0.49657086	-0.04933945	-0.56115384
4526866.00000000	0.42662772	-0.03985153	-0.61828574
4521866.00000000	0.35370761	-0.03060544	-0.66343030
4516866.00000000	0.27571127	-0.02161792	-0.69932465
4511866.00000000	0.19766794	-0.01329959	-0.72463205
4506866.00000000	0.11513101	-0.00484286	-0.74149985
4501866.00000000	0.03029871	0.00420691	-0.74829565
4496866.00000000	-0.05643460	0.01400043	-0.74479745
4491866.00000000	-0.14833017	0.02512564	-0.72911981
4486866.00000000	-0.23915704	0.03632681	-0.70104773
4481866.00000000	-0.32993115	0.04713293	-0.66009204
4476866.00000000	-0.41726816	0.05611108	-0.60747058
4471866.00000000	-0.49479956	0.06301273	-0.54781815
4466866.00000000	-0.56610175	0.06794144	-0.47810840
4461866.00000000	-0.62197336	0.07076654	-0.40846896
4456866.00000000	-0.66869177	0.07241113	-0.33303348
4451866.00000000	-0.70427087	0.07349939	-0.25619675
4446866.00000000	-0.72983209	0.07457877	-0.17817862
4441866.00000000	-0.74650107	0.07585779	-0.09523151
4436866.00000000	-0.75310904	0.07718353	-0.01095712
4431866.00000000	-0.74924887	0.07799625	0.07576846
4426866.00000000	-0.73338739	0.07785303	0.16708124
4421866.00000000	-0.70597775	0.07581378	0.25687183
4416866.00000000	-0.66600009	0.07122012	0.34757166
4411866.00000000	-0.61605133	0.06380847	0.43277808
4406866.00000000	-0.55775494	0.05396494	0.50982541
4401866.00000000	-0.48990140	0.04218237	0.57886258
4396866.00000000	-0.42106976	0.03096387	0.63233521
4391866.00000000	-0.34682526	0.02026828	0.67565677
4386866.00000000	-0.26787698	0.01011026	0.70900076
4381866.00000000	-0.18959290	0.00142331	0.73127701
4376866.00000000	-0.09225876	-0.00881357	0.74602136
4371866.00000000	-0.02247501	-0.01618948	0.74808261
4366866.00000000	0.06432803	-0.02524844	0.74075266
4361866.00000000	0.15424881	-0.03448129	0.72117587
4356866.00000000	0.24174780	-0.04235358	0.69012646
4351866.00000000	0.32984506	-0.04880453	0.64668420
4346866.00000000	0.41294797	-0.05309589	0.59344199
4341866.00000000	0.48824799	-0.05518939	0.53295203
4336866.00000000	0.55499023	-0.05557434	0.46569077
4331866.00000000	0.60954932	-0.05513892	0.39637570
4326866.00000000	0.65467239	-0.05401947	0.32233237
4321866.00000000	0.68923785	-0.05281393	0.24699533
4316866.00000000	0.71413803	-0.05203131	0.17093552
4311866.00000000	0.73083850	-0.05170432	0.08869690
4306866.00000000	0.73755038	-0.05194153	0.00772192
4301866.00000000	0.73416745	-0.05243356	-0.07761026
4296866.00000000	0.71941135	-0.05288861	-0.16491122
4291866.00000000	0.69267761	-0.05299536	-0.25207742
4286866.00000000	0.65284219	-0.05214050	-0.34032269
4281866.00000000	0.60245941	-0.04976193	-0.42313525
4276866.00000000	0.54255829	-0.04568301	-0.49946866
4271866.00000000	0.47441693	-0.03974460	-0.56724554
4266866.00000000	0.40223047	-0.03305087	-0.62294489
4261866.00000000	0.32517542	-0.02608221	-0.66839005
4256866.00000000	0.24530807	-0.01942038	-0.70329581
4251866.00000000	0.16631860	-0.01339832	-0.72764127
4246866.00000000	0.08234766	-0.00743695	-0.74331818
4241866.00000000	-0.00347940	-0.00137408	-0.74914548
4236866.00000000	-0.08976889	0.00486960	-0.74440704
4231866.00000000	-0.18010474	0.01152979	-0.72751376
4226866.00000000	-0.26660141	0.01764700	-0.69904080
4221866.00000000	-0.35444656	0.02321130	-0.65698434
4216866.00000000	-0.43563800	0.02734869	-0.60489609
4211866.00000000	-0.51042932	0.03061383	-0.54329144
4206866.00000000	-0.57513449	0.03268643	-0.47526361
4201866.00000000	-0.62849734	0.03416608	-0.40370941
4196866.00000000	-0.67234457	0.03506693	-0.32746658
4191866.00000000	-0.70511603	0.03580704	-0.25087534
4186866.00000000	-0.72897128	0.03648682	-0.17189856
4181866.00000000	-0.74391046	0.03747592	-0.08993524
4176866.00000000	-0.74932977	0.03875906	-0.00713083
4171866.00000000	-0.74461404	0.04044669	0.07900342
4166866.00000000	-0.72879443	0.04242761	0.16638852
4161866.00000000	-0.70084692	0.04420496	0.25489218
4156866.00000000	-0.66139081	0.04513315	0.34134387
4151866.00000000	-0.61106378	0.04445676	0.42360925
4146866.00000000	-0.55222937	0.04182626	0.49824252
4141866.00000000	-0.48596802	0.03754645	0.56403979
4136866.00000000	-0.41412482	0.03222720	0.61959247
4131866.00000000	-0.33730127	0.02672461	0.66554877
4126866.00000000	-0.25976440	0.02197568	0.70056265
4121866.00000000	-0.17762103	0.01712024	0.72707614
4116866.00000000	-0.09401248	0.01199521	0.74441461
4111866.00000000	-0.00745477	0.00667206	0.75246408
4106866.00000000	0.08301263	0.00116138	0.75009036
4101866.00000000	0.17462885	-0.00503043	0.73592462
4096866.00000000	0.26725003	-0.01136469	0.70908078
4091866.00000000	0.35782858	-0.01738019	0.66939377
4086866.00000000	0.44117075	-0.02273120	0.61938297
4081866.00000000	0.51827631	-0.02766589	0.55806409
4076866.00000000	0.58134308	-0.03152957	0.49246042
4071866.00000000	0.63497461	-0.03468170	0.41934970
4066866.00000000	0.67660272	-0.03708347	0.34392520
4061866.00000000	0.70816055	-0.03897922	0.26561191
4056866.00000000	0.73085934	-0.04076483	0.18274362
4051866.00000000	0.74375455	-0.04251532	0.09813593
4046866.00000000	0.74691675	-0.04427563	0.01011621
4041866.00000000	0.73910138	-0.04590994	-0.08335068
4036866.00000000	0.71991287	-0.04675815	-0.17763174
4031866.00000000	0.68844879	-0.04616626	-0.27455203
4026866.00000000	0.64623499	-0.04361209	-0.36774655
4021866.00000000	0.59424939	-0.03904031	-0.45475943
4016866.00000000	0.53293906	-0.03259796	-0.53296121
4011866.00000000	0.46648245	-0.02562747	-0.59729605
4006866.00000000	0.39457785	-0.01894479	-0.64973358
4001866.00000000	0.31781305	-0.01268750	-0.69098657
3996866.00000000	0.24178574	-0.00739313	-0.71991171
3991866.00000000	0.15919214	-0.00219745	-0.73994623
3986866.00000000	0.07753461	0.00303030	-0.74923416
3981866.00000000	-0.00925955	0.00826999	-0.74788782
3976866.00000000	-0.09950308	0.01416803	-0.73408408
3971866.00000000	-0.18986792	0.01998557	-0.70784708
3966866.00000000	-0.28174817	0.02566592	-0.66806955
3961866.00000000	-0.36834445	0.03029538	-0.61822476
3956866.00000000	-0.44939191	0.03406232	-0.55918906
3951866.00000000	-0.52225229	0.03665503	-0.49292044
3946866.00000000	-0.58310983	0.03805450	-0.42345206
3941866.00000000	-0.63438681	0.03849631	-0.34899466
3936866.00000000	-0.67505344	0.03819067	-0.27213687
3931866.00000000	-0.70562061	0.03744324	-0.19401889
3926866.00000000	-0.72776541	0.03638550	-0.11123996
3921866.00000000	-0.74045337	0.03498773	-0.02730399
3916866.00000000	-0.74363983	0.03300192	0.06218137
3911866.00000000	-0.73580359	0.03001825	0.15665683
3906866.00000000	-0.71663254	0.02610526	0.25000140
3901866.00000000	-0.68482306	0.02120520	0.34664526
3896866.00000000	-0.64230508	0.01579355	0.43810809
3891866.00000000	-0.58864960	0.01059671	0.52408636
3886866.00000000	-0.52725381	0.00647647	0.59811273
3881866.00000000	-0.45940784	0.00300162	0.65934906
3876866.00000000	-0.38630319	0.00034015	0.70819983
3871866.00000000	-0.31239233	-0.00150656	0.74397867
3866866.00000000	-0.23446097	-0.00296927	0.77004709
3861866.00000000	-0.15382443	-0.00411035	0.78587231
3856866.00000000	-0.07116733	-0.00512973	0.79109018
3851866.00000000	0.01335712	-0.00634741	0.78520538
3846866.00000000	0.10069559	-0.00786499	0.76670126
3841866.00000000	0.18966620	-0.00951746	0.73536517
3836866.00000000	0.27882318	-0.01090591	0.69164728
3831866.00000000	0.36578021	-0.01189731	0.63746625
3826866.00000000	0.44576285	-0.01222742	0.57694574
3821866.00000000	0.51886954	-0.01214948	0.51013071
3816866.00000000	0.58250958	-0.01168378	0.43892163
3811866.00000000	0.63629483	-0.01098566	0.36365659
3806866.00000000	0.67879703	-0.01030038	0.28737845
3801866.00000000	0.71224542	-0.00976834	0.20746442
3796866.00000000	0.73608401	-0.00954123	0.12640924
3791866.00000000	0.75072147	-0.00986734	0.04201892
3786866.00000000	0.75542493	-0.01074152	-0.04522409
3781866.00000000	0.74920135	-0.01222980	-0.13418796
3776866.00000000	0.73024316	-0.01414844	-0.22713492
3771866.00000000	0.69918564	-0.01593576	-0.31666394
3766866.00000000	0.65559665	-0.01686993	-0.40306583
3761866.00000000	0.59982965	-0.01660901	-0.48414352
3756866.00000000	0.53736850	-0.01482809	-0.55256458
3751866.00000000	0.46576471	-0.01175101	-0.61186765
3746866.00000000	0.39039569	-0.00799478	-0.65870642
3741866.00000000	0.31187109	-0.00413013	-0.69492963
3736866.00000000	0.22857751	-0.00034702	-0.72217444
3731866.00000000	0.14455649	0.00319952	-0.73925748
3726866.00000000	0.05646811	0.00642151	-0.74692740
3721866.00000000	-0.03522067	0.00957019	-0.74404797
3716866.00000000	-0.12775458	0.01262970	-0.72991772
3711866.00000000	-0.22328735	0.01533801	-0.70263742
3706866.00000000	-0.31570148	0.01753595	-0.66350848
3701866.00000000	-0.40520837	0.01931369	-0.61209067
3696866.00000000	-0.48806754	0.02057339	-0.55032120
3691866.00000000	-0.55681656	0.02139810	-0.48471893
3686866.00000000	-0.61727728	0.02199619	-0.41082315
3681866.00000000	-0.66355862	0.02218405	-0.33768262
3676866.00000000	-0.70024606	0.02200839	-0.26071680
3671866.00000000	-0.72743204	0.02147528	-0.18122003
3666866.00000000	-0.74487143	0.02050638	-0.10100461
3661866.00000000	-0.75278915	0.01898175	-0.01787112
3656866.00000000	-0.75020169	0.01679529	0.06792014
3651866.00000000	-0.73627457	0.01371130	0.15465396
3646866.00000000	-0.71003131	0.00979083	0.24328976
3641866.00000000	-0.67260596	0.00490192	0.32900180
3636866.00000000	-0.62401773	-0.00076245	0.41197101
3631866.00000000	-0.56596768	-0.00663110	0.48870251
3626866.00000000	-0.50193082	-0.01201016	0.55483063
3621866.00000000	-0.43104272	-0.01664502	0.61189224
3616866.00000000	-0.35541037	-0.02031567	0.65846411
3611866.00000000	-0.27882196	-0.02305487	0.69388037
3606866.00000000	-0.19621146	-0.02495227	0.72115329
3601866.00000000	-0.11371863	-0.02612329	0.73862784
3596866.00000000	-0.02593347	-0.02651489	0.74740225
3591866.00000000	0.06441461	-0.02600351	0.74603381
3586866.00000000	0.15684119	-0.02438910	0.73363480
3581866.00000000	0.25078036	-0.02171759	0.70896524
3576866.00000000	0.34093820	-0.01909753	0.67270190
3571866.00000000	0.42684409	-0.01635898	0.62478897
3566866.00000000	0.50324728	-0.01429434	0.56814319
3561866.00000000	0.56955081	-0.01297430	0.50390662
3556866.00000000	0.62539420	-0.01226318	0.43298279
3551866.00000000	0.66933292	-0.01210471	0.35924738
3546866.00000000	0.70311362	-0.01212183	0.28213657
3541866.00000000	0.72747971	-0.01243298	0.20149518
3536866.00000000	0.74221503	-0.01305972	0.11787274
3531866.00000000	0.74690463	-0.01364868	0.03237094
3526866.00000000	0.74078494	-0.01439835	-0.05742502
3521866.00000000	0.72293533	-0.01474448	-0.14962906
3516866.00000000	0.69383011	-0.01470584	-0.24164261
3511866.00000000	0.65419836	-0.01396069	-0.33213046
3506866.00000000	0.60455676	-0.01182748	-0.41891031
3501866.00000000	0.54729196	-0.00874994	-0.49713141
3496866.00000000	0.48359717	-0.00523642	-0.56477036
3491866.00000000	0.41362704	-0.00162149	-0.62159637
3486866.00000000	0.34113382	0.00214053	-0.66624997
3481866.00000000	0.26450656	0.00544174	-0.70113928
3476866.00000000	0.18538699	0.00830450	-0.72604056
3471866.00000000	0.10368066	0.01079370	-0.74137762
3466866.00000000	0.01698499	0.01425739	-0.74694702
3461866.00000000	-0.07130878	0.01692105	-0.74146561
3456866.00000000	-0.16500851	0.02006381	-0.72387408
3451866.00000000	-0.25617642	0.02244000	-0.69490750
3446866.00000000	-0.34712250	0.02413379	-0.65398019
3441866.00000000	-0.43266855	0.02521732	-0.60298755
3436866.00000000	-0.50690082	0.02600766	-0.54589960
3431866.00000000	-0.57272659	0.02662143	-0.48059204
3426866.00000000	-0.62957974	0.02719464	-0.40670059
3421866.00000000	-0.67025162	0.02734595	-0.33683566
3416866.00000000	-0.70364835	0.02760941	-0.25915417
3411866.00000000	-0.72715451	0.02786127	-0.17968195
3406866.00000000	-0.74155411	0.02798453	-0.09632736
3401866.00000000	-0.74629251	0.02799786	-0.00894620
3396866.00000000	-0.74047925	0.02744171	0.08015982
3391866.00000000	-0.72310947	0.02636050	0.17277063
3386866.00000000	-0.69377597	0.02422412	0.26604697
3381866.00000000	-0.65279584	0.02124725	0.35664935
3376866.00000000	-0.60043567	0.01673227	0.44293658
3371866.00000000	-0.54104440	0.01213107	0.51767542
3366866.00000000	-0.47208569	0.00763440	0.58409995
3361866.00000000	-0.39946246	0.00324683	0.63736649
3356866.00000000	-0.32410049	-0.00051978	0.67904886
3351866.00000000	-0.24451416	-0.00453369	0.71105838
3346866.00000000	-0.16277954	-0.00753827	0.73300620
3341866.00000000	-0.07708066	-0.01038696	0.74528091
3336866.00000000	0.01129303	-0.01288773	0.74682147
3331866.00000000	0.10225540	-0.01556760	0.73709824
3326866.00000000	0.19515756	-0.01807880	0.71519971
3321866.00000000	0.28768591	-0.01964645	0.68139731
3316866.00000000	0.37722525	-0.02093005	0.63646533
3311866.00000000	0.46070401	-0.02163962	0.58195865
3306866.00000000	0.53365173	-0.02198038	0.52089227
3301866.00000000	0.59613992	-0.02167834	0.45384039
3296866.00000000	0.64717596	-0.02113174	0.38251056
3291866.00000000	0.68710205	-0.02004678	0.30852289
3286866.00000000	0.71807648	-0.01916644	0.22954434
3281866.00000000	0.73864355	-0.01818094	0.15060785
3276866.00000000	0.75015503	-0.01708817	0.06882040
3271866.00000000	0.75176254	-0.01632559	-0.01810138
3266866.00000000	0.74261121	-0.01562262	-0.10466553
3261866.00000000	0.72121005	-0.01523993	-0.19575461
3256866.00000000	0.68842831	-0.01478821	-0.28469867
3251866.00000000	0.64404861	-0.01441565	-0.37187399
3246866.00000000	0.59023294	-0.01365662	-0.45251492
3241866.00000000	0.52896967	-0.01264548	-0.52421094
3236866.00000000	0.46054279	-0.01112717	-0.58615485
3231866.00000000	0.38846640	-0.00926630	-0.63619220
3226866.00000000	0.31336481	-0.00734964	-0.67563751
3221866.00000000	0.23501712	-0.00585059	-0.70531845
3216866.00000000	0.15455542	-0.00472421	-0.72522995
3211866.00000000	0.07223807	-0.00336731	-0.73528094
3206866.00000000	-0.01453998	-0.00193915	-0.73454706
3201866.00000000	-0.09953577	-0.00089771	-0.72228296
3196866.00000000	-0.18566562	0.00014255	-0.69776788
3191866.00000000	-0.26813501	0.00138400	-0.66199023
3186866.00000000	-0.34670151	0.00299533	-0.61577753
3181866.00000000	-0.41806650	0.00446371	-0.56167953
3176866.00000000	-0.48041354	0.00698318	-0.50204501
3171866.00000000	-0.53477625	0.00980215	-0.43689200
3166866.00000000	-0.57905832	0.01270422	-0.36971014
3161866.00000000	-0.61536487	0.01552618	-0.29899161
3156866.00000000	-0.64346313	0.01817731	-0.22560202
3151866.00000000	-0.66330524	0.02083432	-0.15064673
3146866.00000000	-0.67506528	0.02347638	-0.07247568
3141866.00000000	-0.67789194	0.02588788	0.00758344
3136866.00000000	-0.67082419	0.02819095	0.09074341
3131866.00000000	-0.65359839	0.02955750	0.17258011
3126866.00000000	-0.62556189	0.02996243	0.25409637
3121866.00000000	-0.58766782	0.02918600	0.33081198
3116866.00000000	-0.54024765	0.02730231	0.40252536
3111866.00000000	-0.48480258	0.02533401	0.46688422
3106866.00000000	-0.42278680	0.02259412	0.52310101
3101866.00000000	-0.35597653	0.01961606	0.57044778
3096866.00000000	-0.28498853	0.01704694	0.60927005
3091866.00000000	-0.21072357	0.01538770	0.64003867
3086866.00000000	-0.13309366	0.01455048	0.66301547
3081866.00000000	-0.05102536	0.01512564	0.67832919
3076866.00000000	0.03482611	0.01688733	0.68552481
3071866.00000000	0.12644980	0.02055823	0.68421014
3066866.00000000	0.22255606	0.02555734	0.67350107
3061866.00000000	0.33032507	0.03165521	0.65074725
3056866.00000000	0.42398386	0.03546353	0.62129639
3051866.00000000	0.51726404	0.03655722	0.58021301
3046866.00000000	0.60100037	0.03457214	0.52835287
3041866.00000000	0.67004639	0.03079208	0.46805655
3036866.00000000	0.72451849	0.02596210	0.40044406
3031866.00000000	0.76556531	0.02112241	0.32807541
3026866.00000000	0.79464368	0.01593634	0.25208246
3021866.00000000	0.81230545	0.00949643	0.17152048
3016866.00000000	0.81761667	0.00154630	0.08802994
3011866.00000000	0.80872177	-0.00853421	0.00154300
3006866.00000000	0.78306320	-0.02013153	-0.08777072
3001866.00000000	0.74004935	-0.03125348	-0.17654416
2996866.00000000	0.68158289	-0.03895560	-0.26318579
2991866.00000000	0.61265060	-0.04284763	-0.34343936
2986866.00000000	0.53896075	-0.04243954	-0.41503830
2981866.00000000	0.46156552	-0.03941556	-0.47841769
2976866.00000000	0.38600372	-0.03585358	-0.52995279
2971866.00000000	0.31118054	-0.03213510	-0.57180652
2966866.00000000	0.23452487	-0.02818985	-0.60571100
2961866.00000000	0.15755881	-0.02468314	-0.63091956
2956866.00000000	0.07865561	-0.02151849	-0.64817313
2951866.00000000	-0.00102432	-0.01878018	-0.65657373
2946866.00000000	-0.08231952	-0.01594043	-0.65582681
2941866.00000000	-0.16431674	-0.01326575	-0.64481873
2936866.00000000	-0.24347729	-0.01128802	-0.62370932
2931866.00000000	-0.32071631	-0.00922977	-0.59152380
2926866.00000000	-0.39212527	-0.00743594	-0.54967517
2921866.00000000	-0.45586688	-0.00622870	-0.50009796
2916866.00000000	-0.51346503	-0.00527762	-0.44204001
2911866.00000000	-0.56210590	-0.00451358	-0.37936301
2906866.00000000	-0.60291724	-0.00379053	-0.31227676
2901866.00000000	-0.63691879	-0.00304962	-0.23969293
2896866.00000000	-0.66236880	-0.00247174	-0.16664951
2891866.00000000	-0.68068616	-0.00190475	-0.09045242
2886866.00000000	-0.69134564	-0.00121286	-0.01123367
2881866.00000000	-0.69364023	-0.00030630	0.07093185
2876866.00000000	-0.68644208	0.00121262	0.15589432
2871866.00000000	-0.66893213	0.00289035	0.24064554
2866866.00000000	-0.63971024	0.00482156	0.32625528
2861866.00000000	-0.59876776	0.00662726	0.40833298
2856866.00000000	-0.54687720	0.00871957	0.48423706
2851866.00000000	-0.48520291	0.01034988	0.55208456
2846866.00000000	-0.41704251	0.01191953	0.60923453
2841866.00000000	-0.34321576	0.01323325	0.65662201
2836866.00000000	-0.26624075	0.01425995	0.69370590
2831866.00000000	-0.18499194	0.01500827	0.72172949
2826866.00000000	-0.09993918	0.01558850	0.74030478
2821866.00000000	-0.01039474	0.01575854	0.74847253
2816866.00000000	0.08134097	0.01531650	0.74514426
2811866.00000000	0.17225064	0.01363171	0.72961209
2806866.00000000	0.26470947	0.01094077	0.70076062
2801866.00000000	0.35480783	0.00777512	0.65900143
2796866.00000000	0.43691742	0.00464868	0.60709683
2791866.00000000	0.51086237	0.00193372	0.54650589
2786866.00000000	0.57438995	-0.00018188	0.47996063
2781866.00000000	0.62688440	-0.00178949	0.40979837
2776866.00000000	0.66985086	-0.00305450	0.33543958
2771866.00000000	0.70305237	-0.00413055	0.25929272
2766866.00000000	0.72735886	-0.00520709	0.18075177
2761866.00000000	0.74305643	-0.00624530	0.09802554
2756866.00000000	0.74899203	-0.00753903	0.01350031
2751866.00000000	0.74399402	-0.00907516	-0.07596994
2746866.00000000	0.72793173	-0.01056467	-0.16299554
2741866.00000000	0.69905124	-0.01182242	-0.25355673
2736866.00000000	0.65807773	-0.01268057	-0.34271710
2731866.00000000	0.60770233	-0.01294427	-0.42527966
2726866.00000000	0.54775742	-0.01293625	-0.50142270
2721866.00000000	0.48098166	-0.01287567	-0.56777225
2716866.00000000	0.40981171	-0.01279514	-0.62289215
2711866.00000000	0.33390247	-0.01264896	-0.66834607
2706866.00000000	0.25628372	-0.01249524	-0.70305750
2701866.00000000	0.17510049	-0.01233878	-0.72829816
2696866.00000000	0.09177048	-0.01268729	-0.74369717
2691866.00000000	0.00503656	-0.01283002	-0.74844006
2686866.00000000	-0.08533493	-0.01310037	-0.74128482
2681866.00000000	-0.17600125	-0.01389532	-0.72156506
2676866.00000000	-0.26750412	-0.01455621	-0.68843188
2671866.00000000	-0.35704419	-0.01535880	-0.64304675
2666866.00000000	-0.43958139	-0.01563010	-0.58825632
2661866.00000000	-0.51591934	-0.01538303	-0.52384644
2656866.00000000	-0.57890646	-0.01455188	-0.45660510
2651866.00000000	-0.63123935	-0.01355145	-0.38595764
2646866.00000000	-0.67503601	-0.01274234	-0.30936615
2641866.00000000	-0.70815741	-0.01219153	-0.23188861
2636866.00000000	-0.73223993	-0.01114737	-0.15187622
2631866.00000000	-0.74713165	-0.00976840	-0.06952631
2626866.00000000	-0.75236383	-0.00785410	0.01512381
2621866.00000000	-0.74686984	-0.00493182	0.10406879
2616866.00000000	-0.72975787	-0.00099869	0.19349579
2611866.00000000	-0.70027292	0.00409100	0.28387668
2606866.00000000	-0.65898480	0.01027905	0.37204019
2601866.00000000	-0.60861133	0.01644406	0.45283441
2596866.00000000	-0.54792999	0.02143915	0.52760770
2591866.00000000	-0.48195935	0.02472751	0.59042917
2586866.00000000	-0.41091098	0.02701260	0.64233209
2581866.00000000	-0.33463278	0.02836887	0.68429132
2576866.00000000	-0.25756735	0.02926990	0.71484454
2571866.00000000	-0.17769766	0.03016000	0.73559543
2566866.00000000	-0.09454788	0.03111859	0.74637396
2561866.00000000	-0.00794205	0.03194601	0.74633606
2556866.00000000	0.08201550	0.03238220	0.73411584
2551866.00000000	0.17198532	0.03192075	0.70922842
2546866.00000000	0.26318237	0.03048422	0.67123477
2541866.00000000	0.35122049	0.02792618	0.62245938
2536866.00000000	0.43343240	0.02438150	0.56519952
2531866.00000000	0.50821661	0.02015298	0.50054895
2526866.00000000	0.57223340	0.01561148	0.43171628
2521866.00000000	0.62605481	0.01118335	0.35908023
2516866.00000000	0.66999008	0.00714926	0.28275403
2511866.00000000	0.70331046	0.00354065	0.20614777
2506866.00000000	0.72814966	0.00000916	0.12546906
2501866.00000000	0.74386975	-0.00369153	0.04125766
2496866.00000000	0.74930722	-0.00768542	-0.04425464
2491866.00000000	0.74388895	-0.01231107	-0.13143646
2486866.00000000	0.72642770	-0.01741495	-0.22031696
2481866.00000000	0.69582285	-0.02265283	-0.30954013
2476866.00000000	0.65079880	-0.02787207	-0.39813977
2471866.00000000	0.59986157	-0.03153775	-0.47194952
2466866.00000000	0.53649457	-0.03435974	-0.54188467
2461866.00000000	0.46759717	-0.03617975	-0.60005252
2456866.00000000	0.39268875	-0.03702380	-0.64886353
2451866.00000000	0.31529251	-0.03761777	-0.68709723
2446866.00000000	0.23503598	-0.03799802	-0.71619025
2441866.00000000	0.15047723	-0.03854361	-0.73648007
2436866.00000000	0.06404596	-0.03976364	-0.74711737
2431866.00000000	-0.02548569	-0.04047278	-0.74765952
2426866.00000000	-0.11909824	-0.04131244	-0.73693375
2421866.00000000	-0.21255545	-0.04130353	-0.71467114
2416866.00000000	-0.30910062	-0.04023428	-0.67901120
2411866.00000000	-0.39595074	-0.03765997	-0.63460944
2406866.00000000	-0.47639777	-0.03393372	-0.58047849
2401866.00000000	-0.54734045	-0.02944403	-0.51833405
2396866.00000000	-0.60633325	-0.02497501	-0.45146710
2391866.00000000	-0.65530698	-0.02071030	-0.37926001
2386866.00000000	-0.69383429	-0.01677332	-0.30395615
2381866.00000000	-0.72321313	-0.01314685	-0.22526303
2376866.00000000	-0.74383301	-0.00941934	-0.14276651
2371866.00000000	-0.75507690	-0.00539282	-0.05631036
2366866.00000000	-0.75614273	-0.00067133	0.03290274
2361866.00000000	-0.74592697	0.00496866	0.12621817
2356866.00000000	-0.72403183	0.01106317	0.21978787
2351866.00000000	-0.68965488	0.01699628	0.31441653
2346866.00000000	-0.64485828	0.02234457	0.40316226
2341866.00000000	-0.59018542	0.02675253	0.48448502
2336866.00000000	-0.52669754	0.03016953	0.55612524
2331866.00000000	-0.46067874	0.03247247	0.61309988
2326866.00000000	-0.38772287	0.03450296	0.66100510
2321866.00000000	-0.31273331	0.03627689	0.69774945
2316866.00000000	-0.23422556	0.03851996	0.72499783
2311866.00000000	-0.15290350	0.04131082	0.74235068
2306866.00000000	-0.06887888	0.04466754	0.74946948
2301866.00000000	0.01998300	0.04831732	0.74522296
2296866.00000000	0.11167859	0.05124100	0.72906754
2291866.00000000	0.20688062	0.05262961	0.69986658
2286866.00000000	0.29880923	0.05182703	0.66037357
2281866.00000000	0.38812674	0.04888519	0.61127432
2276866.00000000	0.47129813	0.04402649	0.55377670
2271866.00000000	0.54342749	0.03824692	0.49138361
2266866.00000000	0.60404330	0.03247641	0.42503687
2261866.00000000	0.65443655	0.02706122	0.35409253
2256866.00000000	0.69423035	0.02228741	0.28026196
2251866.00000000	0.72432861	0.01808615	0.20435956
2246866.00000000	0.74560330	0.01377463	0.12465244
2241866.00000000	0.75740506	0.00924829	0.04178525
2236866.00000000	0.75889050	0.00417990	-0.04586713
2231866.00000000	0.74881372	-0.00111374	-0.13552676
2226866.00000000	0.72602121	-0.00629498	-0.22874521
2221866.00000000	0.69183246	-0.01065961	-0.31925015
2216866.00000000	0.64703534	-0.01439325	-0.40598941
2211866.00000000	0.59049506	-0.01754745	-0.48910718
2206866.00000000	0.52881592	-0.01982657	-0.55868457
2201866.00000000	0.45980768	-0.02159232	-0.61835376
2196866.00000000	0.38672549	-0.02292139	-0.66621265
2191866.00000000	0.31011157	-0.02418414	-0.70340659
2186866.00000000	0.23118045	-0.02560214	-0.73033374
2181866.00000000	0.14921814	-0.02729892	-0.74765042
2176866.00000000	0.06337491	-0.02939438	-0.75471851
2171866.00000000	-0.02698795	-0.03165683	-0.75073990
2166866.00000000	-0.11953568	-0.03374640	-0.73502417
2161866.00000000	-0.21600763	-0.03523752	-0.70667361
2156866.00000000	-0.31078293	-0.03587848	-0.66731018
2151866.00000000	-0.40105850	-0.03546951	-0.61831900
2146866.00000000	-0.48517560	-0.03408517	-0.55989429
2141866.00000000	-0.55540036	-0.03220258	-0.49764734
2136866.00000000	-0.61590683	-0.03008698	-0.42850461
2131866.00000000	-0.66508594	-0.02805899	-0.35462387
2126866.00000000	-0.70188321	-0.02629388	-0.28068915
2121866.00000000	-0.73017435	-0.02469980	-0.20118765
2116866.00000000	-0.74885828	-0.02308392	-0.11911691
2111866.00000000	-0.75806570	-0.02089169	-0.03107755
2106866.00000000	-0.75657187	-0.01800809	0.05686475
2101866.00000000	-0.74376904	-0.01400601	0.15009308
2096866.00000000	-0.71834409	-0.00894562	0.24634390
2091866.00000000	-0.68103754	-0.00336871	0.34023184
2086866.00000000	-0.63220865	0.00237418	0.42972775
2081866.00000000	-0.57338153	0.00780301	0.51080020
2076866.00000000	-0.50811429	0.01259079	0.57905392
2071866.00000000	-0.43590616	0.01654199	0.63642932
2066866.00000000	-0.36056570	0.01997406	0.68139334
2061866.00000000	-0.28185696	0.02290143	0.71556873
2056866.00000000	-0.19986850	0.02605789	0.73949109
2051866.00000000	-0.11362665	0.02944528	0.75343597
2046866.00000000	-0.02414923	0.03333148	0.75626245
2041866.00000000	0.06911615	0.03732486	0.74702988
2036866.00000000	0.16492490	0.04120355	0.72521140
2031866.00000000	0.26535086	0.04372360	0.68922375
2026866.00000000	0.35612021	0.04431851	0.64538889
2021866.00000000	0.44419135	0.04287796	0.59134390
2016866.00000000	0.52212308	0.03959424	0.53101651
2011866.00000000	0.58665610	0.03566803	0.46745969
2006866.00000000	0.64149005	0.03130872	0.39756693
2001866.00000000	0.68344650	0.02721170	0.32670688
1996866.00000000	0.71574374	0.02329260	0.25194620
1991866.00000000	0.73815591	0.01940717	0.17433331
1986866.00000000	0.75050400	0.01515311	0.09400409
1981866.00000000	0.75202081	0.01012622	0.00828326
1976866.00000000	0.74148743	0.00424786	-0.08001196
1971866.00000000	0.71735501	-0.00249710	-0.17367047
1966866.00000000	0.68153580	-0.00945868	-0.26519153
1961866.00000000	0.63442950	-0.01630698	-0.35567740
1956866.00000000	0.57766275	-0.02243863	-0.44153845
1951866.00000000	0.51353799	-0.02775494	-0.51877066
1946866.00000000	0.44744934	-0.03161279	-0.58202728
1941866.00000000	0.37519067	-0.03481436	-0.63629361
1936866.00000000	0.30076996	-0.03741052	-0.67910220
1931866.00000000	0.22370389	-0.04009488	-0.71173303
1926866.00000000	0.14355899	-0.04311240	-0.73483142
1921866.00000000	0.06036191	-0.04620023	-0.74797214
1916866.00000000	-0.02763437	-0.04931351	-0.75045612
1911866.00000000	-0.11773895	-0.05115652	-0.74087463
1906866.00000000	-0.21017355	-0.05116632	-0.71828326
1901866.00000000	-0.30124448	-0.04826459	-0.68325360
1896866.00000000	-0.38790210	-0.04294604	-0.63708228
1891866.00000000	-0.46977448	-0.03572794	-0.58013010
1886866.00000000	-0.53983902	-0.02813821	-0.51775967
1881866.00000000	-0.60027017	-0.02073260	-0.44991727
1876866.00000000	-0.65074152	-0.01393494	-0.37790781
1871866.00000000	-0.69150598	-0.00779031	-0.30305472
1866866.00000000	-0.72285724	-0.00200546	-0.22606833
1861866.00000000	-0.74517212	0.00376862	-0.14708948
1856866.00000000	-0.75812991	0.01010095	-0.06416537
1851866.00000000	-0.76036563	0.01700833	0.02295657
1846866.00000000	-0.75062128	0.02374872	0.11165915
1841866.00000000	-0.72768430	0.02976450	0.20386688
1836866.00000000	-0.69213928	0.03421829	0.29503537
1831866.00000000	-0.64538010	0.03663916	0.38253589
1826866.00000000	-0.58678992	0.03727823	0.46649823
1821866.00000000	-0.52459967	0.03650369	0.53604581
1816866.00000000	-0.45480539	0.03493958	0.59695770
1811866.00000000	-0.37945950	0.03311728	0.64752170
1806866.00000000	-0.30353909	0.03157236	0.68608511
1801866.00000000	-0.22184100	0.03017245	0.71633780
1796866.00000000	-0.13862198	0.02920425	0.73705338
1791866.00000000	-0.04913702	0.02848279	0.74865085
1786866.00000000	0.04100354	0.02804547	0.74996423
1781866.00000000	0.13423730	0.02795096	0.74017511
1776866.00000000	0.22975940	0.02821939	0.71842789
1771866.00000000	0.32174200	0.02865375	0.68538110
1766866.00000000	0.40961667	0.02860919	0.64118060
1761866.00000000	0.48943143	0.02790540	0.58742636
1756866.00000000	0.55761288	0.02651553	0.52692941
1751866.00000000	0.61557547	0.02469458	0.45929855
1746866.00000000	0.66255392	0.02273019	0.38733298
1741866.00000000	0.69890060	0.02076431	0.31312027
1736866.00000000	0.72695660	0.01865646	0.23391061
1731866.00000000	0.74572253	0.01624188	0.15241504
1726866.00000000	0.75557184	0.01311325	0.06481580
1721866.00000000	0.75504285	0.00916272	-0.02612488
1716866.00000000	0.74331662	0.00426880	-0.12028915
1711866.00000000	0.71870477	-0.00151761	-0.22081021
1706866.00000000	0.68442465	-0.00729913	-0.31480515
1701866.00000000	0.63855453	-0.01328082	-0.40742722
1696866.00000000	0.58384201	-0.01907272	-0.49096191
1691866.00000000	0.52280591	-0.02415570	-0.56183112
1686866.00000000	0.45423340	-0.02861102	-0.62226224
1681866.00000000	0.38266583	-0.03202820	-0.66944812
1676866.00000000	0.30655774	-0.03509268	-0.70666226
1671866.00000000	0.22668945	-0.03785556	-0.73387418
1666866.00000000	0.14253049	-0.04062888	-0.75123523
1661866.00000000	0.05408124	-0.04348108	-0.75810806
1656866.00000000	-0.03794562	-0.04622363	-0.75296490
1651866.00000000	-0.13385400	-0.04822739	-0.73470798
1646866.00000000	-0.23076755	-0.04856024	-0.70322778
1641866.00000000	-0.32370996	-0.04672675	-0.66035416
1636866.00000000	-0.41256491	-0.04276364	-0.60694284
1631866.00000000	-0.49244577	-0.03772269	-0.54589551
1626866.00000000	-0.55938950	-0.03217508	-0.48104745
1621866.00000000	-0.61687842	-0.02687125	-0.41072202
1616866.00000000	-0.66253967	-0.02233957	-0.33883380
1611866.00000000	-0.69889658	-0.01812662	-0.26326971
1606866.00000000	-0.72603708	-0.01405817	-0.18505457
1601866.00000000	-0.74386383	-0.00970410	-0.10428979
1596866.00000000	-0.75221976	-0.00468082	-0.01746472
1591866.00000000	-0.74979257	0.00103793	0.07028214
1586866.00000000	-0.73565173	0.00765610	0.16304132
1581866.00000000	-0.70968918	0.01468768	0.25605319
1576866.00000000	-0.67303894	0.02157697	0.34561493
1571866.00000000	-0.62437421	0.02825076	0.43305850
1566866.00000000	-0.56768356	0.03374133	0.50999136
1561866.00000000	-0.50513687	0.03771640	0.57494400
1556866.00000000	-0.43592542	0.04020547	0.63032913
1551866.00000000	-0.36423444	0.04161615	0.67416830
1546866.00000000	-0.28766608	0.04252960	0.70915027
1541866.00000000	-0.20940649	0.04313211	0.73428732
1536866.00000000	-0.12721951	0.04372751	0.75030502
1531866.00000000	-0.04060266	0.04413293	0.75599692
1526866.00000000	0.06244708	0.04408722	0.74788376
1521866.00000000	0.14092728	0.04352347	0.73118781
1516866.00000000	0.23182254	0.04211072	0.70041763
1511866.00000000	0.32155496	0.04009378	0.65832529
1506866.00000000	0.40769601	0.03754630	0.60616321
1501866.00000000	0.48527951	0.03473849	0.54763904
1496866.00000000	0.55341687	0.03159393	0.48324844
1491866.00000000	0.61148535	0.02844562	0.41425821
1486866.00000000	0.65917316	0.02527051	0.34165955
1481866.00000000	0.69674994	0.02226364	0.26724371
1476866.00000000	0.72540015	0.01898889	0.19030637
1471866.00000000	0.74581427	0.01498151	0.10910242
1466866.00000000	0.75723093	0.01000162	0.02384369
1461866.00000000	0.75839291	0.00382004	-0.06358716
1456866.00000000	0.74813647	-0.00398907	-0.15631863
1451866.00000000	0.72587061	-0.01243015	-0.24825668
1446866.00000000	0.69108444	-0.02096323	-0.33970956
1441866.00000000	0.64351492	-0.02900888	-0.42819446
1436866.00000000	0.58825815	-0.03547849	-0.50453836
1431866.00000000	0.52289072	-0.04071835	-0.57286707
1426866.00000000	0.45258990	-0.04441971	-0.62866602
1421866.00000000	0.37597180	-0.04719757	-0.67463968
1416866.00000000	0.29785635	-0.04936972	-0.70911481
1411866.00000000	0.21631619	-0.05147498	-0.73395090
1406866.00000000	0.12973737	-0.05365146	-0.74937936
1401866.00000000	0.03920435	-0.05594205	-0.75378592
1396866.00000000	-0.05394696	-0.05758582	-0.74622879
1391866.00000000	-0.15170468	-0.05797992	-0.72530020
1386866.00000000	-0.24734720	-0.05652457	-0.69190671
1381866.00000000	-0.34092978	-0.05252200	-0.64644464
1376866.00000000	-0.42804553	-0.04655615	-0.59126874
1371866.00000000	-0.50433215	-0.03903424	-0.52997485
1366866.00000000	-0.57098538	-0.03095255	-0.46208206
1361866.00000000	-0.62619467	-0.02300439	-0.39033920
1356866.00000000	-0.66980634	-0.01576999	-0.31741089
1351866.00000000	-0.70496069	-0.00870251	-0.23973489
1346866.00000000	-0.73035696	-0.00174783	-0.16102530
1341866.00000000	-0.74736484	0.00582260	-0.07571036
1336866.00000000	-0.75364825	0.01351175	0.00882614
1331866.00000000	-0.74871445	0.02161627	0.09829306
1326866.00000000	-0.73103003	0.02929129	0.19030740
1321866.00000000	-0.70103738	0.03552930	0.27961356
1316866.00000000	-0.65825742	0.03992371	0.36723801
1311866.00000000	-0.60461389	0.04217651	0.44827048
1306866.00000000	-0.53872543	0.04253461	0.52390973
1301866.00000000	-0.47421759	0.04165317	0.58156821
1296866.00000000	-0.40063797	0.04009418	0.63324957
1291866.00000000	-0.32473755	0.03839703	0.67461673
1286866.00000000	-0.24552756	0.03699869	0.70693414
1281866.00000000	-0.16379544	0.03587723	0.73023138
1276866.00000000	-0.07447079	0.03511218	0.74508896
1271866.00000000	0.01316583	0.03432031	0.74923987
1266866.00000000	0.10720999	0.03343768	0.74232404
1261866.00000000	0.20317834	0.03256454	0.72314178
1256866.00000000	0.29669611	0.03095447	0.69255673
1251866.00000000	0.38747665	0.02731848	0.65014395
1246866.00000000	0.46858786	0.02296906	0.59968381
1241866.00000000	0.54058774	0.01723718	0.54099734
1236866.00000000	0.60184741	0.01140854	0.47594879
1231866.00000000	0.65126431	0.00601904	0.40787524
1226866.00000000	0.69158600	0.00061600	0.33497763
1221866.00000000	0.72232770	-0.00478268	0.25979453
1216866.00000000	0.74470215	-0.01020990	0.17947867
1211866.00000000	0.75735315	-0.01563907	0.09734207
1206866.00000000	0.76010803	-0.02092899	0.01115350
1201866.00000000	0.75157996	-0.02556808	-0.08035492
1196866.00000000	0.73079892	-0.02875818	-0.17482669
1191866.00000000	0.69964313	-0.03010364	-0.26533481
1186866.00000000	0.65628979	-0.03000241	-0.35647073
1181866.00000000	0.60500290	-0.02892242	-0.43841061
1176866.00000000	0.54538889	-0.02784830	-0.51210779
1171866.00000000	0.47730429	-0.02690591	-0.57694885
1166866.00000000	0.40638776	-0.02652502	-0.62874640
1161866.00000000	0.32911594	-0.02629776	-0.67160062
1156866.00000000	0.25030066	-0.02630847	-0.70358853
1151866.00000000	0.16594229	-0.02621133	-0.72725854
1146866.00000000	0.07512186	-0.02629031	-0.74191086
1141866.00000000	-0.01757556	-0.02606418	-0.74615445
1136866.00000000	-0.11892285	-0.02571094	-0.73914261
1131866.00000000	-0.21465067	-0.02474536	-0.72140344
1126866.00000000	-0.31168747	-0.02255844	-0.69165869
1121866.00000000	-0.40410104	-0.01904437	-0.65074994
1116866.00000000	-0.48713879	-0.01478122	-0.59999820
1111866.00000000	-0.55708725	-0.01078735	-0.54265475
1106866.00000000	-0.61584384	-0.00725662	-0.47880914
1101866.00000000	-0.66406796	-0.00409406	-0.40998410
1096866.00000000	-0.70257895	-0.00105493	-0.33635605
1091866.00000000	-0.73074390	0.00235410	-0.26096909
1086866.00000000	-0.74967731	0.00593533	-0.17983502
1081866.00000000	-0.75756320	0.00975092	-0.09565015
1076866.00000000	-0.75362152	0.01336212	-0.00853473
1071866.00000000	-0.73617670	0.01610184	0.08674454
1066866.00000000	-0.70723157	0.01737323	0.17938687
1061866.00000000	-0.66672659	0.01788406	0.27216751
1056866.00000000	-0.61620355	0.01821735	0.36125916
1051866.00000000	-0.55943448	0.01886688	0.44070563
1046866.00000000	-0.49480994	0.02011954	0.51273773
1041866.00000000	-0.42724744	0.02172238	0.57248520
1036866.00000000	-0.35442380	0.02361859	0.62314496
1031866.00000000	-0.28009378	0.02591379	0.66350665
1026866.00000000	-0.20279074	0.02822714	0.69522937
1021866.00000000	-0.11984695	0.03093240	0.71968088
1016866.00000000	-0.03509708	0.03381525	0.73526239
1011866.00000000	0.05281625	0.03641037	0.74162979
1006866.00000000	0.14533578	0.03875928	0.73772708
1001866.00000000	0.23571527	0.04017242	0.72256693
996866.00000000	0.32557443	0.04036871	0.69540030
991866.00000000	0.41051767	0.03866006	0.65655069
986866.00000000	0.48515466	0.03530981	0.60883356
981866.00000000	0.55281558	0.03063123	0.55049933
976866.00000000	0.60893616	0.02563705	0.48682559
971866.00000000	0.65645718	0.02053363	0.41677011
966866.00000000	0.69463794	0.01554266	0.34293323
961866.00000000	0.72361526	0.01050522	0.26676053
956866.00000000	0.74498129	0.00484766	0.18257224
951866.00000000	0.75574854	-0.00141849	0.09898691
946866.00000000	0.75640231	-0.00852164	0.01125272
941866.00000000	0.74360941	-0.01729724	-0.09227573
936866.00000000	0.72164728	-0.02441040	-0.18034506
931866.00000000	0.68488690	-0.03157083	-0.27829227
926866.00000000	0.63895563	-0.03696078	-0.36801294
921866.00000000	0.58724579	-0.04056345	-0.44558319
916866.00000000	0.52140070	-0.04291467	-0.52219684
911866.00000000	0.45457257	-0.04412204	-0.58230698
906866.00000000	0.38422192	-0.04483966	-0.63197821
901866.00000000	0.30745154	-0.04509055	-0.67350034
896866.00000000	0.23325299	-0.04503821	-0.70374844
891866.00000000	0.14328610	-0.04455179	-0.72903668
886866.00000000	0.05581400	-0.04384381	-0.74273584
881866.00000000	-0.03530487	-0.04253232	-0.74618915
876866.00000000	-0.13513046	-0.04042938	-0.73767889
871866.00000000	-0.22829349	-0.03791293	-0.71807599
866866.00000000	-0.32530093	-0.03428674	-0.68508548
861866.00000000	-0.41200021	-0.03009528	-0.64308099
856866.00000000	-0.49038214	-0.02544955	-0.59172318
851866.00000000	-0.56024109	-0.02066751	-0.53092191
846866.00000000	-0.61693808	-0.01654181	-0.46614029
841866.00000000	-0.66482602	-0.01295004	-0.39468600
836866.00000000	-0.70198499	-0.00970731	-0.32137442
831866.00000000	-0.73058292	-0.00653409	-0.24333868
826866.00000000	-0.74996390	-0.00319003	-0.16035706
821866.00000000	-0.75905661	0.00046982	-0.07446429
816866.00000000	-0.75702945	0.00478598	0.01815033
811866.00000000	-0.74321964	0.00923563	0.11254065
806866.00000000	-0.71862140	0.01355960	0.20613095
801866.00000000	-0.68220627	0.01832953	0.30170435
796866.00000000	-0.63705234	0.02289008	0.38924365
791866.00000000	-0.58345703	0.02725143	0.46850894
786866.00000000	-0.52277200	0.03095444	0.53785037
781866.00000000	-0.45692700	0.03393970	0.59588403
776866.00000000	-0.38497449	0.03629611	0.64494055
771866.00000000	-0.31063016	0.03802130	0.68346399
766866.00000000	-0.23128165	0.03959387	0.71340668
761866.00000000	-0.14862967	0.04107047	0.73415033
756866.00000000	-0.06105331	0.04165622	0.74532321
751866.00000000	0.03459604	0.04189566	0.74581177
746866.00000000	0.12844409	0.04006931	0.73460385
741866.00000000	0.22643225	0.03732895	0.71079105
736866.00000000	0.31994397	0.03333762	0.67586008
731866.00000000	0.40803574	0.02854068	0.62995923
726866.00000000	0.48650235	0.02344434	0.57549118
721866.00000000	0.55315228	0.01865866	0.51512393
716866.00000000	0.61140115	0.01359647	0.44700854
711866.00000000	0.65793634	0.00847806	0.37673294
706866.00000000	0.69570566	0.00332797	0.30259671
701866.00000000	0.72508167	-0.00042871	0.22418823
696866.00000000	0.74521597	-0.00514697	0.14280823
691866.00000000	0.75573865	-0.01177573	0.05652194
686866.00000000	0.75473767	-0.01649420	-0.03431918
681866.00000000	0.74136282	-0.02121204	-0.12661661
676866.00000000	0.71361188	-0.02487473	-0.22405676
671866.00000000	0.67240930	-0.02749014	-0.31918259
666866.00000000	0.61932034	-0.02836655	-0.40823523
661866.00000000	0.55717450	-0.02859503	-0.48735712
656866.00000000	0.49114050	-0.03033704	-0.55290826
651866.00000000	0.41775885	-0.03209811	-0.61002243
646866.00000000	0.34431284	-0.03363535	-0.65478043
641866.00000000	0.26544800	-0.03517493	-0.69159128
636866.00000000	0.17898483	-0.03683786	-0.72053262
631866.00000000	0.09353134	-0.03890857	-0.73844696
626866.00000000	-0.00005917	-0.04097534	-0.74677203
621866.00000000	-0.09474039	-0.04274646	-0.74352432
616866.00000000	-0.18913663	-0.04309192	-0.72856061
611866.00000000	-0.28497815	-0.04204810	-0.70081616
606866.00000000	-0.37323401	-0.03834943	-0.66261676
601866.00000000	-0.45515253	-0.03155054	-0.61375647
596866.00000000	-0.52548456	-0.02391663	-0.55807043
591866.00000000	-0.58391028	-0.01379834	-0.49796265
586866.00000000	-0.63726776	-0.00701770	-0.42723755
581866.00000000	-0.67758313	-0.00037888	-0.35785953
576866.00000000	-0.71276312	0.00699701	-0.27659482
571866.00000000	-0.73965961	0.01095541	-0.18379123
566866.00000000	-0.75267352	0.01614276	-0.09784830
561866.00000000	-0.75464380	0.02377417	-0.00890280
556866.00000000	-0.74524588	0.03136255	0.08275488
551866.00000000	-0.72350171	0.03833588	0.17920938
546866.00000000	-0.69053757	0.04456970	0.27498062
541866.00000000	-0.64812650	0.04965726	0.36607068
536866.00000000	-0.59600168	0.05367117	0.45231833
531866.00000000	-0.53699750	0.05633130	0.52785294
526866.00000000	-0.47276016	0.05695569	0.59106412
521866.00000000	-0.40307028	0.05748935	0.64350104
516866.00000000	-0.33142676	0.05791779	0.68390790
511866.00000000	-0.25455841	0.05839896	0.71524344
506866.00000000	-0.17599103	0.05901752	0.73665256
501866.00000000	-0.09610223	0.05947278	0.74831384
496866.00000000	-0.00745547	0.05930322	0.75018921
491866.00000000	0.08565097	0.05755194	0.73969067
486866.00000000	0.17687595	0.05373413	0.71784155
481866.00000000	0.27024759	0.04751401	0.68422849
476866.00000000	0.35918118	0.03910022	0.64108749
471866.00000000	0.44297641	0.02956775	0.58927356
466866.00000000	0.51684918	0.01973410	0.53200583
461866.00000000	0.58021954	0.01048770	0.47029468
456866.00000000	0.63388824	0.00217187	0.40438602
451866.00000000	0.67684442	-0.00498587	0.33680011
446866.00000000	0.71089944	-0.01180511	0.26558167
441866.00000000	0.73482703	-0.01819928	0.19334915
436866.00000000	0.74870679	-0.02456641	0.11709341
431866.00000000	0.75057886	-0.03214932	0.03629001
426866.00000000	0.74025409	-0.03887363	-0.03871289
421866.00000000	0.71616803	-0.04497394	-0.11700284
416866.00000000	0.67945682	-0.04935309	-0.19243219
411866.00000000	0.63046552	-0.05173380	-0.26524939
406866.00000000	0.57356644	-0.05180881	-0.32998444
401866.00000000	0.50958447	-0.04998764	-0.38697510
396866.00000000	0.43823639	-0.04737814	-0.43609555
391866.00000000	0.36558572	-0.04473956	-0.47362845
386866.00000000	0.28936243	-0.04183749	-0.50163760
381866.00000000	0.20833688	-0.03843121	-0.52040637
376866.00000000	0.10438995	-0.01617191	-0.53777478
371866.00000000	0.01977753	-0.00966013	-0.53514685
366866.00000000	-0.06544485	-0.00375119	-0.52548373
361866.00000000	-0.14845593	0.00189075	-0.50999857
356866.00000000	-0.23006696	0.00764944	-0.48849475
351866.00000000	-0.30344098	0.01345389	-0.46198676
346866.00000000	-0.36664560	0.01919177	-0.43061725
341866.00000000	-0.42117340	0.02453302	-0.39308908
336866.00000000	-0.46545557	0.02884882	-0.35005072
331866.00000000	-0.49891843	0.03157108	-0.30274844
326866.00000000	-0.51963107	0.03252551	-0.25591696
321866.00000000	-0.52851871	0.03200012	-0.20972772
316866.00000000	-0.52518674	0.03075870	-0.16611844
311866.00000000	-0.51091501	0.02948132	-0.12825632
306866.00000000	-0.48681046	0.02844312	-0.09239618
301866.00000000	-0.45578467	0.02787695	-0.05957452
296866.00000000	-0.41912769	0.02755463	-0.02823584
291866.00000000	-0.37803497	0.02706055	0.00199582
286866.00000000	-0.33357297	0.02589154	0.02970346
281866.00000000	-0.28452838	0.02342438	0.05494272
276866.00000000	-0.23272659	0.01943774	0.07558450
271866.00000000	-0.17889725	0.01424179	0.09119345
266866.00000000	-0.12552225	0.00848874	0.10159903
261866.00000000	-0.07550589	0.00300833	0.10743347
256866.00000000	-0.02984396	-0.00159973	0.10981485
251866.00000000	0.00979803	-0.00490265	0.10971167
246866.00000000	0.04185110	-0.00655206	0.10811426
241866.00000000	0.06986343	-0.00707834	0.10565201
236866.00000000	0.09244611	-0.00661966	0.10296317
231866.00000000	0.11085419	-0.00579666	0.09995258
226866.00000000	0.12436340	-0.00489249	0.09652451
221866.00000000	0.13220609	-0.00423395	0.09249451
216866.00000000	0.13397586	-0.00389291	0.08728094
211866.00000000	0.12914926	-0.00382874	0.08051993
206866.00000000	0.12113889	-0.00393622	0.07439023
201866.00000000	0.10991385	-0.00397064	0.06715643
196866.00000000	0.09781567	-0.00388455	0.06033795
191866.00000000	0.08564810	-0.00371710	0.05374692
186866.00000000	0.07518042	-0.00347174	0.04797424
181866.00000000	0.06570627	-0.00313791	0.04280954
176866.00000000	0.05756512	-0.00273386	0.03824323
171866.00000000	0.05043460	-0.00238953	0.03433066
166866.00000000	0.04454706	-0.00211392	0.03097488
161866.00000000	0.03946164	-0.00182657	0.02807074
156866.00000000	0.03513452	-0.00159525	0.02550323
151866.00000000	0.03132523	-0.00138361	0.02321957
146866.00000000	0.02809619	-0.00122787	0.02119226
141866.00000000	0.02526651	-0.00108560	0.01942526
136866.00000000	0.02281958	-0.00095154	0.01784064
