8054929.00000000	0.00868417	0.00035501	0.01865045
8049929.00000000	0.00914761	0.00032556	0.02015692
8044929.00000000	0.00937836	0.00037891	0.02214050
8039929.00000000	0.00988629	0.00036945	0.02429483
8034929.00000000	0.01050555	0.00037573	0.02665372
8029929.00000000	0.01116495	0.00037866	0.02934109
8024929.00000000	0.01192609	0.00032736	0.03246866
8019929.00000000	0.01280353	0.00037231	0.03615286
8014929.00000000	0.01367480	0.00033725	0.04018839
8009929.00000000	0.01467184	0.00028680	0.04497348
8004929.00000000	0.01576422	0.00021988	0.05040338
7999929.00000000	0.01695193	0.00011194	0.05696533
7994929.00000000	0.01825909	-0.00004324	0.06452756
7989929.00000000	0.01964697	-0.00021844	0.07342841
7984929.00000000	0.02124332	-0.00049323	0.08400439
7979929.00000000	0.02289090	-0.00085168	0.09571918
7974929.00000000	0.02482651	-0.00131479	0.10944110
7969929.00000000	0.02701709	-0.00177951	0.12412634
7964929.00000000	0.02942636	-0.00217468	0.13838101
7959929.00000000	0.03241782	-0.00232480	0.15113165
7954929.00000000	0.03599496	-0.00225516	0.15964496
7949929.00000000	0.04032071	-0.00184506	0.16249219
7944929.00000000	0.04522171	-0.00114340	0.15858752
7939929.00000000	0.05218991	-0.00021860	0.14787186
7934929.00000000	0.06036667	0.00066922	0.13193433
7929929.00000000	0.07001547	0.00138199	0.11126184
7924929.00000000	0.08116528	0.00182236	0.08592303
7919929.00000000	0.09373575	0.00184940	0.05539151
7914929.00000000	0.10757132	0.00138998	0.01962259
7909929.00000000	0.12268823	0.00045859	-0.02315338
7904929.00000000	0.13779834	-0.00092871	-0.07074774
7899929.00000000	0.15175955	-0.00221063	-0.12273663
7894929.00000000	0.16266736	-0.00285779	-0.17692435
7889929.00000000	0.16873578	-0.00261911	-0.23061179
7884929.00000000	0.16894885	-0.00135992	-0.28289313
7879929.00000000	0.16335318	0.00021860	-0.33234244
7874929.00000000	0.15274948	0.00146234	-0.37949689
7869929.00000000	0.13782019	0.00202780	-0.42409698
7864929.00000000	0.11929984	0.00189270	-0.46404642
7859929.00000000	0.09477856	0.00132681	-0.50083960
7854929.00000000	0.06559909	0.00062338	-0.52901855
7849929.00000000	0.02897565	-0.00010510	-0.54947955
7844929.00000000	-0.01578244	-0.00058078	-0.56084470
7839929.00000000	-0.06571075	-0.00092783	-0.56192700
7834929.00000000	-0.12139377	-0.00087967	-0.55254910
7829929.00000000	-0.17886780	-0.00062521	-0.53211694
7824929.00000000	-0.23541614	-0.00015793	-0.50122388
7819929.00000000	-0.29112839	0.00045227	-0.45952805
7814929.00000000	-0.34273633	0.00117477	-0.41017722
7809929.00000000	-0.39323401	0.00226947	-0.35138333
7804929.00000000	-0.43832877	0.00328870	-0.28977536
7799929.00000000	-0.47937115	0.00431265	-0.22365164
7794929.00000000	-0.51543546	0.00525601	-0.15331729
7789929.00000000	-0.54328400	0.00585629	-0.08250589
7784929.00000000	-0.56255295	0.00609457	-0.00951523
7779929.00000000	-0.57187808	0.00610138	0.06596912
7774929.00000000	-0.57069586	0.00586578	0.13881952
7769929.00000000	-0.55829889	0.00534048	0.21578299
7764929.00000000	-0.53541422	0.00443155	0.29016003
7759929.00000000	-0.50210333	0.00324692	0.36280350
7754929.00000000	-0.45876273	0.00206573	0.43233923
7749929.00000000	-0.40836957	0.00107440	0.49416550
7744929.00000000	-0.34932590	0.00031491	0.55015253
7739929.00000000	-0.28645447	0.00005038	0.59546512
7734929.00000000	-0.21971948	0.00012222	0.63162357
7729929.00000000	-0.14804520	0.00048480	0.65935651
7724929.00000000	-0.07894678	0.00086725	0.67703836
7719929.00000000	-0.00413553	0.00136981	0.68745914
7714929.00000000	0.07030301	0.00183835	0.68954813
7709929.00000000	0.14490384	0.00236044	0.68332605
7704929.00000000	0.22153165	0.00309659	0.66820844
7699929.00000000	0.29601184	0.00351862	0.64392496
7694929.00000000	0.36829129	0.00400262	0.60979691
7689929.00000000	0.43796378	0.00438016	0.56453271
7684929.00000000	0.49962088	0.00464151	0.51131592
7679929.00000000	0.55488464	0.00470587	0.44841336
7674929.00000000	0.60036603	0.00457034	0.37992194
7669929.00000000	0.63641733	0.00448822	0.30648087
7664929.00000000	0.66304395	0.00411432	0.22961627
7659929.00000000	0.68009277	0.00352679	0.15318130
7654929.00000000	0.68886581	0.00283395	0.07382373
7649929.00000000	0.68896048	0.00195969	-0.00597171
7644929.00000000	0.68035260	0.00103174	-0.08534845
7639929.00000000	0.66178040	-0.00037280	-0.16664233
7634929.00000000	0.63398334	-0.00243777	-0.24399228
7629929.00000000	0.59454858	-0.00503162	-0.32156503
7624929.00000000	0.54613040	-0.00774265	-0.39242102
7619929.00000000	0.48710217	-0.01047012	-0.45852737
7614929.00000000	0.42240039	-0.01290720	-0.51476245
7609929.00000000	0.35313669	-0.01455496	-0.56153940
7604929.00000000	0.27714020	-0.01578433	-0.60061691
7599929.00000000	0.20075369	-0.01622363	-0.62950040
7594929.00000000	0.12337967	-0.01642386	-0.64947565
7589929.00000000	0.04250281	-0.01602570	-0.66161017
7584929.00000000	-0.03650259	-0.01565762	-0.66504962
7579929.00000000	-0.11721036	-0.01493710	-0.66009253
7574929.00000000	-0.19783524	-0.01380154	-0.64598853
7569929.00000000	-0.27711771	-0.01209171	-0.62203052
7564929.00000000	-0.35281244	-0.00979611	-0.58838174
7559929.00000000	-0.42220636	-0.00699973	-0.54558945
7554929.00000000	-0.48430103	-0.00376944	-0.49452658
7549929.00000000	-0.54103159	-0.00036646	-0.43248047
7544929.00000000	-0.58633743	0.00256656	-0.36660028
7539929.00000000	-0.62411810	0.00507028	-0.29195328
7534929.00000000	-0.65029398	0.00684164	-0.21912369
7529929.00000000	-0.66336185	0.01051022	-0.16496466
7524929.00000000	-0.67587015	0.01244464	-0.08421924
7519929.00000000	-0.67924796	0.01377829	-0.00733765
7514929.00000000	-0.67377887	0.01531540	0.07423541
7509929.00000000	-0.65927859	0.01666409	0.15274353
7504929.00000000	-0.63443628	0.01776541	0.23295071
7499929.00000000	-0.59792142	0.01852109	0.31313812
7494929.00000000	-0.55286667	0.01853012	0.38568832
7489929.00000000	-0.49550406	0.01779379	0.45537888
7484929.00000000	-0.43321664	0.01688715	0.51337491
7479929.00000000	-0.36525165	0.01577606	0.56193143
7474929.00000000	-0.29092023	0.01471921	0.60203217
7469929.00000000	-0.21658499	0.01401233	0.63136154
7464929.00000000	-0.13955093	0.01340729	0.65182544
7459929.00000000	-0.06046588	0.01300082	0.66371869
7454929.00000000	0.01795044	0.01283981	0.66674048
7449929.00000000	0.10003427	0.01272473	0.66051102
7444929.00000000	0.18144821	0.01233701	0.64460263
7439929.00000000	0.25926840	0.01170151	0.61953259
7434929.00000000	0.33759506	0.01026147	0.58288184
7429929.00000000	0.40878763	0.00852148	0.53789932
7424929.00000000	0.47664679	0.00631174	0.48157327
7419929.00000000	0.53426544	0.00393579	0.41974261
7414929.00000000	0.58285709	0.00137448	0.35199731
7409929.00000000	0.62317532	-0.00121719	0.27748383
7404929.00000000	0.65199075	-0.00327127	0.20431281
7399929.00000000	0.67261871	-0.00522543	0.12666711
7394929.00000000	0.68407516	-0.00720245	0.04865302
7389929.00000000	0.68659546	-0.00932547	-0.02989801
7384929.00000000	0.67944571	-0.01175385	-0.11192416
7379929.00000000	0.66200208	-0.01370364	-0.19228323
7374929.00000000	0.63348291	-0.01536295	-0.27212134
7369929.00000000	0.59329520	-0.01673141	-0.34938422
7364929.00000000	0.54262918	-0.01775162	-0.42123874
7359929.00000000	0.48263440	-0.01770517	-0.48611224
7354929.00000000	0.41696066	-0.01694244	-0.54090878
7349929.00000000	0.34540259	-0.01588297	-0.58701419
7344929.00000000	0.27083258	-0.01483536	-0.62307794
7339929.00000000	0.19655548	-0.01431396	-0.64909119
7334929.00000000	0.11802100	-0.01363922	-0.66700778
7329929.00000000	0.03925848	-0.01324127	-0.67586655
7324929.00000000	-0.03851263	-0.01289267	-0.67593921
7319929.00000000	-0.11922745	-0.01276398	-0.66643011
7314929.00000000	-0.19713785	-0.01240277	-0.64762451
7309929.00000000	-0.27654691	-0.01180600	-0.61754898
7304929.00000000	-0.35149524	-0.01084061	-0.57764252
7299929.00000000	-0.42156815	-0.00936935	-0.52854547
7294929.00000000	-0.48637656	-0.00751108	-0.47038025
7289929.00000000	-0.54207025	-0.00563895	-0.40726059
7284929.00000000	-0.59105548	-0.00358371	-0.33614838
7279929.00000000	-0.62863690	-0.00129453	-0.26481583
7274929.00000000	-0.65739441	0.00093869	-0.19083087
7269929.00000000	-0.67793982	0.00267166	-0.11287756
7264929.00000000	-0.68928674	0.00404617	-0.03566833
7259929.00000000	-0.69191483	0.00583926	0.04346530
7254929.00000000	-0.68506058	0.00819443	0.12335916
7249929.00000000	-0.66812881	0.01086105	0.20282047
7244929.00000000	-0.64031921	0.01343127	0.28121570
7239929.00000000	-0.60179852	0.01591730	0.35592398
7234929.00000000	-0.55223346	0.01822250	0.42654868
7229929.00000000	-0.49461276	0.01997894	0.48894223
7224929.00000000	-0.43121060	0.02079843	0.54198441
7219929.00000000	-0.35943280	0.02117664	0.58800470
7214929.00000000	-0.28691928	0.02089188	0.62303946
7209929.00000000	-0.21186295	0.02092377	0.64907245
7204929.00000000	-0.13125906	0.02104257	0.66714600
7199929.00000000	-0.05568484	0.02107428	0.67566815
7194929.00000000	0.02502786	0.02115152	0.67587866
7189929.00000000	0.10691998	0.02088773	0.66659604
7184929.00000000	0.18502832	0.02047299	0.64825409
7179929.00000000	0.26654843	0.01938782	0.61822168
7174929.00000000	0.34252435	0.01720282	0.57901880
7169929.00000000	0.41722113	0.01412790	0.52769458
7164929.00000000	0.48173721	0.01023193	0.47055832
7159929.00000000	0.53814514	0.00645969	0.40710880
7154929.00000000	0.58745633	0.00220239	0.33571179
7149929.00000000	0.62445944	-0.00133704	0.26564328
7144929.00000000	0.65330435	-0.00539706	0.19129187
7139929.00000000	0.67345267	-0.00878833	0.11416711
7134929.00000000	0.68418253	-0.01187170	0.03827182
7129929.00000000	0.68592477	-0.01478644	-0.04202579
7124929.00000000	0.67776434	-0.01826324	-0.12149423
7119929.00000000	0.65941937	-0.02190964	-0.19881033
7114929.00000000	0.62915753	-0.02486255	-0.27728647
7109929.00000000	0.58846896	-0.02675851	-0.35067865
7104929.00000000	0.53724939	-0.02737042	-0.41936890
7099929.00000000	0.47769559	-0.02721652	-0.48067062
7094929.00000000	0.41182486	-0.02616177	-0.53338412
7089929.00000000	0.33930225	-0.02441479	-0.57808130
7084929.00000000	0.26732843	-0.02287265	-0.61154114
7079929.00000000	0.19092346	-0.02137296	-0.63725592
7074929.00000000	0.11222821	-0.02020999	-0.65436450
7069929.00000000	0.03629697	-0.01915155	-0.66258508
7064929.00000000	-0.04477515	-0.01835910	-0.66243118
7059929.00000000	-0.12387115	-0.01729770	-0.65330133
7054929.00000000	-0.20402670	-0.01622415	-0.63422345
7049929.00000000	-0.28274014	-0.01479666	-0.60480380
7044929.00000000	-0.35600357	-0.01321198	-0.56635327
7039929.00000000	-0.42706168	-0.01178314	-0.51657007
7034929.00000000	-0.48875085	-0.00991708	-0.46014600
7029929.00000000	-0.54330243	-0.00771130	-0.39565753
7024929.00000000	-0.58738635	-0.00565137	-0.32790067
7019929.00000000	-0.62242508	-0.00372202	-0.25685361
7014929.00000000	-0.64901907	-0.00176401	-0.18156647
7009929.00000000	-0.66637241	0.00050912	-0.10589215
7004929.00000000	-0.67507703	0.00281818	-0.02993332
6999929.00000000	-0.67491058	0.00517255	0.04989526
6994929.00000000	-0.66510651	0.00807220	0.12931186
6989929.00000000	-0.64533014	0.01139032	0.20732187
6984929.00000000	-0.61487357	0.01509201	0.28423560
6979929.00000000	-0.57463837	0.01814828	0.35644312
6974929.00000000	-0.52284540	0.02108871	0.42595447
6969929.00000000	-0.46435736	0.02317484	0.48610040
6964929.00000000	-0.39776096	0.02508328	0.53910065
6959929.00000000	-0.32652795	0.02637158	0.58255057
6954929.00000000	-0.25318137	0.02738354	0.61625223
6949929.00000000	-0.17380096	0.02828079	0.64230157
6944929.00000000	-0.09722681	0.02894406	0.65856741
6939929.00000000	-0.01722720	0.02974039	0.66686249
6934929.00000000	0.06451529	0.03001367	0.66628430
6929929.00000000	0.14504956	0.02973917	0.65661261
6924929.00000000	0.22791754	0.02850592	0.63644275
6919929.00000000	0.30678278	0.02604083	0.60626041
6914929.00000000	0.38315717	0.02254544	0.56465005
6909929.00000000	0.45137622	0.01852780	0.51430777
6904929.00000000	0.51125006	0.01417822	0.45594278
6899929.00000000	0.56306448	0.00987045	0.38971423
6894929.00000000	0.60454422	0.00620618	0.31945660
6889929.00000000	0.63640323	0.00345691	0.24687958
6884929.00000000	0.66011493	0.00091449	0.16987457
6879929.00000000	0.67454056	-0.00158334	0.09343387
6874929.00000000	0.68044098	-0.00466876	0.01462094
6869929.00000000	0.67701981	-0.00779440	-0.06621732
6864929.00000000	0.66404181	-0.01046893	-0.14401501
6859929.00000000	0.63979932	-0.01424963	-0.22465390
6854929.00000000	0.60529926	-0.01840616	-0.30133868
6849929.00000000	0.55972162	-0.02233966	-0.37487234
6844929.00000000	0.50474097	-0.02578229	-0.44238129
6839929.00000000	0.44277582	-0.02883960	-0.50128531
6834929.00000000	0.37244666	-0.03139905	-0.55316260
6829929.00000000	0.30222119	-0.03356769	-0.59276932
6824929.00000000	0.22715311	-0.03517502	-0.62449307
6819929.00000000	0.14915771	-0.03650879	-0.64753348
6814929.00000000	0.07059113	-0.03762134	-0.66151007
6809929.00000000	-0.01090488	-0.03845679	-0.66704684
6804929.00000000	-0.09192328	-0.03859454	-0.66340771
6799929.00000000	-0.17380066	-0.03784106	-0.65020764
6794929.00000000	-0.25633008	-0.03560788	-0.62614709
6789929.00000000	-0.33588101	-0.03228186	-0.59126721
6784929.00000000	-0.40856650	-0.02772723	-0.54716406
6779929.00000000	-0.47407718	-0.02251331	-0.49420636
6774929.00000000	-0.53224152	-0.01693219	-0.43240244
6769929.00000000	-0.57945270	-0.01183868	-0.36677176
6764929.00000000	-0.61706708	-0.00726248	-0.29747705
6759929.00000000	-0.64589609	-0.00286066	-0.22477737
6754929.00000000	-0.66624084	0.00080148	-0.14857919
6749929.00000000	-0.67723416	0.00445883	-0.07453253
6744929.00000000	-0.67982513	0.00857422	0.00365817
6739929.00000000	-0.67297394	0.01344214	0.08222528
6734929.00000000	-0.65624429	0.01857101	0.16007471
6729929.00000000	-0.62839935	0.02425919	0.23879984
6724929.00000000	-0.59039185	0.02941519	0.31363385
6719929.00000000	-0.54144815	0.03427487	0.38585016
6714929.00000000	-0.48488461	0.03769540	0.45044104
6709929.00000000	-0.42089011	0.03958295	0.50784872
6704929.00000000	-0.35150168	0.04006790	0.55669250
6699929.00000000	-0.28003345	0.04013086	0.59566159
6694929.00000000	-0.20329654	0.03987350	0.62679529
6689929.00000000	-0.12912491	0.03962433	0.64773901
6684929.00000000	-0.05167484	0.03941562	0.66084656
6679929.00000000	0.02732758	0.03932306	0.66534631
6674929.00000000	0.10603647	0.03930560	0.66084232
6669929.00000000	0.18569327	0.03913235	0.64636725
6664929.00000000	0.26354071	0.03866122	0.62158539
6659929.00000000	0.33886197	0.03801019	0.58581418
6654929.00000000	0.40827133	0.03686096	0.54034052
6649929.00000000	0.47098917	0.03496057	0.48617471
6644929.00000000	0.52665619	0.03226859	0.42393549
6639929.00000000	0.57278677	0.02871646	0.35696408
6634929.00000000	0.60946085	0.02451309	0.28681897
6629929.00000000	0.63781732	0.01974951	0.21264572
6624929.00000000	0.65699878	0.01477417	0.13852789
6619929.00000000	0.66812717	0.00944641	0.06191544
6614929.00000000	0.67060257	0.00339316	-0.01744104
6609929.00000000	0.66413718	-0.00310242	-0.09398938
6604929.00000000	0.64744955	-0.01076804	-0.17390701
6599929.00000000	0.62059167	-0.01826498	-0.25104095
6594929.00000000	0.58318155	-0.02560403	-0.32572046
6589929.00000000	0.53517966	-0.03182129	-0.39655887
6584929.00000000	0.47941873	-0.03684058	-0.45957294
6579929.00000000	0.41438251	-0.04046786	-0.51677689
6574929.00000000	0.34711438	-0.04251376	-0.56293478
6569929.00000000	0.27519153	-0.04382355	-0.60100159
6564929.00000000	0.19986014	-0.04444608	-0.63065256
6559929.00000000	0.12482172	-0.04508685	-0.65135297
6554929.00000000	0.04619504	-0.04523773	-0.66427969
6549929.00000000	-0.03316583	-0.04557858	-0.66872375
6544929.00000000	-0.11356891	-0.04571759	-0.66436340
6539929.00000000	-0.19486838	-0.04533459	-0.65033389
6534929.00000000	-0.27579764	-0.04401553	-0.62587405
6529929.00000000	-0.35183347	-0.04158936	-0.59173492
6524929.00000000	-0.42374924	-0.03804523	-0.54731644
6519929.00000000	-0.48784073	-0.03362662	-0.49451974
6514929.00000000	-0.54396722	-0.02856671	-0.43328391
6509929.00000000	-0.58951660	-0.02344855	-0.36771680
6504929.00000000	-0.62580377	-0.01841315	-0.29776007
6499929.00000000	-0.65352527	-0.01371353	-0.22314804
6494929.00000000	-0.67163501	-0.00877243	-0.14961896
6489929.00000000	-0.68163760	-0.00396295	-0.07141333
6484929.00000000	-0.68267438	0.00122241	0.00648456
6479929.00000000	-0.67429321	0.00719473	0.08580063
6474929.00000000	-0.65523428	0.01396506	0.16672632
6469929.00000000	-0.62590378	0.02126669	0.24477997
6464929.00000000	-0.58472614	0.02859711	0.32229425
6459929.00000000	-0.53440146	0.03505603	0.39346561
6454929.00000000	-0.47506290	0.04103003	0.45862250
6449929.00000000	-0.40983585	0.04573230	0.51506369
6444929.00000000	-0.34066174	0.04875308	0.56210413
6439929.00000000	-0.26708353	0.05110898	0.60061710
6434929.00000000	-0.19185303	0.05311609	0.62990857
6429929.00000000	-0.11571915	0.05506448	0.65031604
6424929.00000000	-0.03560291	0.05680112	0.66270200
6419929.00000000	0.04550662	0.05819775	0.66596088
6414929.00000000	0.12532178	0.05886523	0.66013812
6409929.00000000	0.20679117	0.05854596	0.64408218
6404929.00000000	0.28544070	0.05667514	0.61777264
6399929.00000000	0.36241248	0.05316046	0.57994077
6394929.00000000	0.43160226	0.04803784	0.53339557
6389929.00000000	0.49395572	0.04160049	0.47749414
6384929.00000000	0.54767633	0.03405521	0.41421121
6379929.00000000	0.59068985	0.02638312	0.34717123
6374929.00000000	0.62537262	0.01867288	0.27451001
6369929.00000000	0.65004260	0.01156287	0.20165814
6364929.00000000	0.66652444	0.00408865	0.12647986
6359929.00000000	0.67468692	-0.00391052	0.04782565
6354929.00000000	0.67370990	-0.01223892	-0.03039142
6349929.00000000	0.66316605	-0.02154099	-0.10980777
6344929.00000000	0.64251593	-0.03119034	-0.18874954
6339929.00000000	0.61126315	-0.04064981	-0.26640585
6334929.00000000	0.57000348	-0.04882614	-0.34023486
6329929.00000000	0.52022556	-0.05494879	-0.40810440
6324929.00000000	0.46180350	-0.05905264	-0.47023816
6319929.00000000	0.39667520	-0.06099054	-0.52453906
6314929.00000000	0.32898425	-0.06151590	-0.56848648
6309929.00000000	0.25586221	-0.06096362	-0.60482153
6304929.00000000	0.18235172	-0.06004010	-0.63159164
6299929.00000000	0.10550061	-0.05906378	-0.65042679
6294929.00000000	0.02579459	-0.05842401	-0.66084793
6289929.00000000	-0.05180386	-0.05736453	-0.66244724
6284929.00000000	-0.13406647	-0.05597113	-0.65463760
6279929.00000000	-0.21392123	-0.05387531	-0.63705981
6274929.00000000	-0.29285385	-0.05081717	-0.60858490
6269929.00000000	-0.36839798	-0.04656281	-0.56924490
6264929.00000000	-0.43646378	-0.04149228	-0.52076868
6259929.00000000	-0.49907239	-0.03538785	-0.46149945
6254929.00000000	-0.55003299	-0.02915860	-0.39810168
6249929.00000000	-0.59223941	-0.02297556	-0.32924179
6244929.00000000	-0.62556293	-0.01693765	-0.25615262
6239929.00000000	-0.64954877	-0.01133066	-0.18195062
6234929.00000000	-0.66554123	-0.00552133	-0.10447922
6229929.00000000	-0.67304919	0.00078189	-0.02649277
6224929.00000000	-0.67189462	0.00737192	0.05188763
6219929.00000000	-0.66111752	0.01496286	0.13353299
6214929.00000000	-0.64017908	0.02306616	0.21375690
6209929.00000000	-0.60881482	0.03154782	0.29171054
6204929.00000000	-0.56663928	0.03999567	0.36631644
6199929.00000000	-0.51512366	0.04661060	0.43428979
6194929.00000000	-0.45607718	0.05222995	0.49435675
6189929.00000000	-0.39090060	0.05631409	0.54562970
6184929.00000000	-0.32137885	0.05951617	0.58774649
6179929.00000000	-0.24597485	0.06169821	0.62206168
6174929.00000000	-0.17246472	0.06324182	0.64617886
6169929.00000000	-0.09333090	0.06505688	0.66275006
6164929.00000000	-0.01294040	0.06673721	0.67042480
6159929.00000000	0.06692880	0.06791370	0.66919019
6154929.00000000	0.14956555	0.06789767	0.65845389
6149929.00000000	0.22986679	0.06621851	0.63785016
6144929.00000000	0.31007974	0.06235983	0.60613647
6139929.00000000	0.38496213	0.05637659	0.56473758
6134929.00000000	0.45307047	0.04872171	0.51423138
6129929.00000000	0.51402100	0.04010220	0.45521826
6124929.00000000	0.56389053	0.03171362	0.39224005
6119929.00000000	0.60589020	0.02346210	0.32229932
6114929.00000000	0.63720523	0.01610437	0.25170923
6109929.00000000	0.66000900	0.00919095	0.17834702
6104929.00000000	0.67435748	0.00208603	0.10177533
6099929.00000000	0.67955267	-0.00500861	0.02545105
6094929.00000000	0.67545056	-0.01316730	-0.05221185
6089929.00000000	0.66076480	-0.02186316	-0.13130539
6084929.00000000	0.63521042	-0.03105316	-0.20915234
6079929.00000000	0.59828400	-0.03946100	-0.28502582
6074929.00000000	0.55119739	-0.04682474	-0.35673114
6069929.00000000	0.49438412	-0.05244806	-0.42358453
6064929.00000000	0.42990323	-0.05636279	-0.48366992
6059929.00000000	0.36273764	-0.05867334	-0.53348318
6054929.00000000	0.29046365	-0.05991138	-0.57584988
6049929.00000000	0.21706943	-0.06068823	-0.60872229
6044929.00000000	0.14237933	-0.06132690	-0.63310577
6039929.00000000	0.06390347	-0.06212399	-0.64950043
6034929.00000000	-0.01053775	-0.06302716	-0.65674368
6029929.00000000	-0.08988474	-0.06398285	-0.65539322
6024929.00000000	-0.16812851	-0.06455524	-0.64427393
6019929.00000000	-0.24424557	-0.06503714	-0.62314359
6014929.00000000	-0.32021313	-0.06498505	-0.59058777
6009929.00000000	-0.39005536	-0.06423984	-0.54891132
6004929.00000000	-0.45579578	-0.06216577	-0.49720795
5999929.00000000	-0.51328281	-0.05868057	-0.43917581
5994929.00000000	-0.56219144	-0.05381824	-0.37588831
5989929.00000000	-0.60330768	-0.04780386	-0.30649680
5984929.00000000	-0.63471127	-0.04157672	-0.23571457
5979929.00000000	-0.65797223	-0.03526758	-0.16178159
5974929.00000000	-0.67310025	-0.02827234	-0.08541891
5969929.00000000	-0.67982721	-0.02082153	-0.00866800
5964929.00000000	-0.67798141	-0.01191605	0.07144733
5959929.00000000	-0.66646585	-0.00154398	0.15165298
5954929.00000000	-0.64522452	0.01003552	0.22870334
5949929.00000000	-0.61215527	0.02296436	0.30603302
5944929.00000000	-0.56904672	0.03538211	0.37666138
5939929.00000000	-0.51522968	0.04690302	0.44165326
5934929.00000000	-0.45337265	0.05635181	0.49797095
5929929.00000000	-0.38589886	0.06343683	0.54475681
5924929.00000000	-0.31166220	0.06855576	0.58375012
5919929.00000000	-0.23943201	0.07210281	0.61155417
5914929.00000000	-0.16228128	0.07492014	0.63205072
5909929.00000000	-0.08387442	0.07741263	0.64403403
5904929.00000000	-0.00491690	0.07985367	0.64727371
5899929.00000000	0.07786578	0.08207242	0.64154922
5894929.00000000	0.15935910	0.08348462	0.62641150
5889929.00000000	0.24132422	0.08346567	0.60126620
5884929.00000000	0.32195520	0.08144495	0.56585294
5879929.00000000	0.39734247	0.07735248	0.52119601
5874929.00000000	0.46480191	0.07150998	0.46880209
5869929.00000000	0.52352606	0.06424338	0.40953378
5864929.00000000	0.57266919	0.05644653	0.34492731
5859929.00000000	0.61215588	0.04844473	0.27581238
5854929.00000000	0.64136725	0.04110226	0.20582053
5849929.00000000	0.66245700	0.03372659	0.13191730
5844929.00000000	0.67490216	0.02633344	0.05594186
5839929.00000000	0.67857184	0.01864185	-0.01920306
5834929.00000000	0.67300131	0.00970026	-0.09753027
5829929.00000000	0.65760648	-0.00017731	-0.17441608
5824929.00000000	0.63127301	-0.01114203	-0.25124561
5819929.00000000	0.59428641	-0.02252344	-0.32474838
5814929.00000000	0.54760464	-0.03325244	-0.39298547
5809929.00000000	0.49116443	-0.04275320	-0.45586462
5804929.00000000	0.42885513	-0.05059244	-0.50980725
5799929.00000000	0.35929739	-0.05707455	-0.55676294
5794929.00000000	0.28770859	-0.06182944	-0.59384686
5789929.00000000	0.21437317	-0.06559579	-0.62232944
5784929.00000000	0.13733200	-0.06883063	-0.64333966
5779929.00000000	0.06035159	-0.07190036	-0.65566776
5774929.00000000	-0.01925113	-0.07500598	-0.65994183
5769929.00000000	-0.09979190	-0.07770383	-0.65533420
5764929.00000000	-0.18134753	-0.07956592	-0.64122495
5759929.00000000	-0.26079434	-0.07995316	-0.61757492
5754929.00000000	-0.33823450	-0.07851382	-0.58384943
5749929.00000000	-0.41169101	-0.07490210	-0.54030859
5744929.00000000	-0.47789703	-0.06944513	-0.48849954
5739929.00000000	-0.53481177	-0.06228192	-0.43063647
5734929.00000000	-0.58348898	-0.05413257	-0.36617307
5729929.00000000	-0.62234393	-0.04580301	-0.29795245
5724929.00000000	-0.65146533	-0.03789743	-0.22816306
5719929.00000000	-0.67279752	-0.02997015	-0.15431998
5714929.00000000	-0.68523645	-0.02239639	-0.08103705
5709929.00000000	-0.68948282	-0.01410370	-0.00447687
5704929.00000000	-0.68423032	-0.00475198	0.07385754
5699929.00000000	-0.66932095	0.00502167	0.14909833
5694929.00000000	-0.64259854	0.01602856	0.22652820
5689929.00000000	-0.60537106	0.02663531	0.29949384
5684929.00000000	-0.55683832	0.03673880	0.36938681
5679929.00000000	-0.49883884	0.04532135	0.43351089
5674929.00000000	-0.43465771	0.05204874	0.48929416
5669929.00000000	-0.36325027	0.05764822	0.53844363
5664929.00000000	-0.29221848	0.06209525	0.57662122
5659929.00000000	-0.21702094	0.06623694	0.60753738
5654929.00000000	-0.13934415	0.07053937	0.63040317
5649929.00000000	-0.06182825	0.07485187	0.64469104
5644929.00000000	0.01940048	0.07949884	0.65111905
5639929.00000000	0.10104065	0.08384552	0.64870972
5634929.00000000	0.18287836	0.08727591	0.63682690
5629929.00000000	0.26532874	0.08903931	0.61417499
5624929.00000000	0.34311539	0.08856390	0.58128778
5619929.00000000	0.41509399	0.08532449	0.53856061
5614929.00000000	0.48014279	0.07943707	0.48611252
5609929.00000000	0.53493344	0.07177484	0.42766104
5604929.00000000	0.58173624	0.06271906	0.36136780
5599929.00000000	0.61755753	0.05365723	0.29335104
5594929.00000000	0.64540005	0.04452231	0.22085547
5589929.00000000	0.66498819	0.03521936	0.14519098
5584929.00000000	0.67568729	0.02615445	0.07193109
5579929.00000000	0.67839346	0.01615024	-0.00685718
5574929.00000000	0.67183688	0.00542032	-0.08507584
5569929.00000000	0.65496548	-0.00633783	-0.16557904
5564929.00000000	0.62694846	-0.01830832	-0.24578592
5559929.00000000	0.58947516	-0.03015204	-0.32055801
5554929.00000000	0.54135660	-0.04129626	-0.39206390
5549929.00000000	0.48501978	-0.05081531	-0.45631833
5544929.00000000	0.42115851	-0.05870303	-0.51302341
5539929.00000000	0.35255228	-0.06451883	-0.56046851
5534929.00000000	0.28215988	-0.06921994	-0.59796555
5529929.00000000	0.20756427	-0.07316284	-0.62769067
5524929.00000000	0.13161670	-0.07691928	-0.64871533
5519929.00000000	0.05383078	-0.08066797	-0.66155103
5514929.00000000	-0.02758148	-0.08439856	-0.66578122
5509929.00000000	-0.10940683	-0.08749426	-0.66060229
5504929.00000000	-0.19137857	-0.08926480	-0.64509991
5499929.00000000	-0.27189819	-0.08885645	-0.61882971
5494929.00000000	-0.34695386	-0.08592465	-0.58252875
5489929.00000000	-0.41816330	-0.08022711	-0.53475848
5484929.00000000	-0.47900836	-0.07278873	-0.48005072
5479929.00000000	-0.53160782	-0.06401105	-0.41785614
5474929.00000000	-0.57458810	-0.05493362	-0.35054074
5469929.00000000	-0.60756750	-0.04628711	-0.28142554
5464929.00000000	-0.63314276	-0.03761356	-0.20630594
5459929.00000000	-0.64915173	-0.02949615	-0.13248322
5454929.00000000	-0.65681320	-0.02102408	-0.05563901
5449929.00000000	-0.65521088	-0.01181506	0.02339572
5444929.00000000	-0.64381030	-0.00194431	0.10110629
5439929.00000000	-0.62109695	0.00889041	0.18173438
5434929.00000000	-0.58763821	0.01976105	0.25944098
5429929.00000000	-0.54347012	0.02997525	0.33441336
5424929.00000000	-0.49041873	0.03900479	0.40360864
5419929.00000000	-0.43141956	0.04644293	0.46470978
5414929.00000000	-0.36554575	0.05256317	0.51910583
5409929.00000000	-0.29539249	0.05729123	0.56482346
5404929.00000000	-0.22405164	0.06109097	0.60076944
5399929.00000000	-0.14832840	0.06463123	0.62892627
5394929.00000000	-0.07316534	0.06794040	0.64794427
5389929.00000000	0.00505103	0.07129031	0.65908417
5384929.00000000	0.08584454	0.07442798	0.66144565
5379929.00000000	0.16263385	0.07679648	0.65489096
5374929.00000000	0.24215958	0.07795398	0.63810873
5369929.00000000	0.31652414	0.07762653	0.61189432
5364929.00000000	0.38763123	0.07575751	0.57549850
5359929.00000000	0.45324329	0.07232230	0.52928516
5354929.00000000	0.50976477	0.06763779	0.47609482
5349929.00000000	0.55993582	0.06187314	0.41344177
5344929.00000000	0.59891031	0.05601697	0.34870667
5339929.00000000	0.62972583	0.04993668	0.27977100
5334929.00000000	0.65285855	0.04360825	0.20630609
5329929.00000000	0.66724133	0.03746100	0.13398639
5324929.00000000	0.67395239	0.03048444	0.05647192
5319929.00000000	0.67166998	0.02268729	-0.02234653
5314929.00000000	0.65985349	0.01370178	-0.10095084
5309929.00000000	0.63702142	0.00329419	-0.18187421
5304929.00000000	0.60394980	-0.00761243	-0.25956482
5299929.00000000	0.56055258	-0.01843063	-0.33405847
5294929.00000000	0.50778787	-0.02872443	-0.40344260
5289929.00000000	0.44863834	-0.03790030	-0.46417575
5284929.00000000	0.38359872	-0.04563654	-0.51707886
5279929.00000000	0.31576651	-0.05222162	-0.56043182
5274929.00000000	0.24409793	-0.05772330	-0.59584171
5269929.00000000	0.17009946	-0.06293219	-0.62266116
5264929.00000000	0.09664606	-0.06778320	-0.64096127
5259929.00000000	0.01844379	-0.07293494	-0.65189630
5254929.00000000	-0.06187668	-0.07788217	-0.65417761
5249929.00000000	-0.14122748	-0.08247479	-0.64746933
5244929.00000000	-0.22288025	-0.08573010	-0.63070801
5239929.00000000	-0.29946155	-0.08705963	-0.60458221
5234929.00000000	-0.37448996	-0.08600378	-0.56728448
5229929.00000000	-0.44136945	-0.08283331	-0.52160538
5224929.00000000	-0.50022479	-0.07762857	-0.46801639
5219929.00000000	-0.55114438	-0.07098505	-0.40661285
5214929.00000000	-0.59179199	-0.06386258	-0.34186084
5209929.00000000	-0.62493829	-0.05632950	-0.27069409
5204929.00000000	-0.64847256	-0.04908450	-0.19942480
5199929.00000000	-0.66411731	-0.04175092	-0.12598608
5194929.00000000	-0.67177219	-0.03388245	-0.04823468
5189929.00000000	-0.67061526	-0.02553165	0.02903561
5184929.00000000	-0.65983273	-0.01600992	0.10889096
5179929.00000000	-0.63859235	-0.00517191	0.18962686
5174929.00000000	-0.60650455	0.00634531	0.26888718
5169929.00000000	-0.56459586	0.01798569	0.34369373
5164929.00000000	-0.51372910	0.02900317	0.41264844
5159929.00000000	-0.45513336	0.03905072	0.47431290
5154929.00000000	-0.38944931	0.04760745	0.52842532
5149929.00000000	-0.32140594	0.05418320	0.57214194
5144929.00000000	-0.24581638	0.05983493	0.60901288
5139929.00000000	-0.16864420	0.06499838	0.63629453
5134929.00000000	-0.09187643	0.06975269	0.65438434
5129929.00000000	-0.01043845	0.07433917	0.66444260
5124929.00000000	0.06613016	0.07868530	0.66540625
5119929.00000000	0.14848349	0.08246371	0.65708331
5114929.00000000	0.22988998	0.08494345	0.63818408
5109929.00000000	0.30703845	0.08575836	0.60886154
5104929.00000000	0.38133469	0.08434851	0.56816495
5099929.00000000	0.44737701	0.08066211	0.51882825
5094929.00000000	0.50630972	0.07502817	0.46042828
5089929.00000000	0.55486624	0.06838156	0.39725272
5084929.00000000	0.59449481	0.06108417	0.32990866
5079929.00000000	0.62626871	0.05364474	0.25787137
5074929.00000000	0.64932230	0.04651443	0.18395477
5069929.00000000	0.66458029	0.03864960	0.10647827
5064929.00000000	0.67114264	0.02982840	0.02808344
5059929.00000000	0.66837692	0.02013931	-0.05047238
5054929.00000000	0.65535886	0.00854999	-0.13181955
5049929.00000000	0.63133704	-0.00404343	-0.21203519
5044929.00000000	0.59672482	-0.01695267	-0.28833060
5039929.00000000	0.55110846	-0.02949084	-0.36106335
5034929.00000000	0.49740332	-0.04050320	-0.42579501
5029929.00000000	0.43519958	-0.04965134	-0.48369214
5024929.00000000	0.36903479	-0.05678244	-0.53140268
5019929.00000000	0.29908316	-0.06244714	-0.57039392
5014929.00000000	0.22384033	-0.06721274	-0.60155255
5009929.00000000	0.15131500	-0.07125763	-0.62257346
5004929.00000000	0.07285147	-0.07545175	-0.63632019
4999929.00000000	-0.00678143	-0.07956241	-0.64111322
4994929.00000000	-0.08858990	-0.08302588	-0.63662805
4989929.00000000	-0.17183282	-0.08543134	-0.62192920
4984929.00000000	-0.25182370	-0.08587109	-0.59733963
4979929.00000000	-0.33094501	-0.08401486	-0.56144925
4974929.00000000	-0.40405518	-0.07985620	-0.51578696
4969929.00000000	-0.46960501	-0.07340741	-0.46150116
4964929.00000000	-0.52529892	-0.06568915	-0.40141638
4959929.00000000	-0.57104245	-0.05715771	-0.33692075
4954929.00000000	-0.60809549	-0.04835919	-0.26785806
4949929.00000000	-0.63626343	-0.03988837	-0.19598193
4944929.00000000	-0.65542120	-0.03205695	-0.12426505
4939929.00000000	-0.66685791	-0.02397272	-0.04792725
4934929.00000000	-0.66948172	-0.01520584	0.02939496
4929929.00000000	-0.66277515	-0.00592416	0.10593344
4924929.00000000	-0.64515640	0.00408499	0.18538855
4919929.00000000	-0.61778815	0.01462219	0.25997046
4914929.00000000	-0.57834634	0.02515024	0.33416153
4909929.00000000	-0.53050330	0.03545758	0.40126892
4904929.00000000	-0.47404797	0.04338583	0.46209631
4899929.00000000	-0.41018109	0.05000333	0.51620703
4894929.00000000	-0.34363345	0.05498645	0.56076285
4889929.00000000	-0.26969058	0.05931732	0.59914331
4884929.00000000	-0.19648596	0.06295071	0.62774493
4879929.00000000	-0.12145633	0.06644147	0.64864157
4874929.00000000	-0.04255188	0.06996719	0.66167249
4869929.00000000	0.03591925	0.07319394	0.66613705
4864929.00000000	0.11737952	0.07615512	0.66149460
4859929.00000000	0.19958167	0.07784680	0.64658578
4854929.00000000	0.28341119	0.07818921	0.61972311
4849929.00000000	0.36175800	0.07606866	0.58187039
4844929.00000000	0.43068634	0.07127322	0.53564191
4839929.00000000	0.49202066	0.06455975	0.48077991
4834929.00000000	0.54481470	0.05669397	0.41848193
4829929.00000000	0.58747787	0.04856668	0.35199258
4824929.00000000	0.62132971	0.04069580	0.28179688
4819929.00000000	0.64655627	0.03320474	0.20958685
4814929.00000000	0.66387201	0.02582477	0.13450427
4809929.00000000	0.67319370	0.01805322	0.05503894
4804929.00000000	0.67309232	0.00974188	-0.02238303
4799929.00000000	0.66321552	0.00027469	-0.10299976
4794929.00000000	0.64253867	-0.01005463	-0.18365295
4789929.00000000	0.61154675	-0.02061874	-0.26117136
4784929.00000000	0.56921194	-0.03135876	-0.33689642
4779929.00000000	0.51853928	-0.04103113	-0.40534943
4774929.00000000	0.45901794	-0.04958847	-0.46802502
4769929.00000000	0.39480130	-0.05643356	-0.52097186
4764929.00000000	0.32721912	-0.06204285	-0.56469220
4759929.00000000	0.25487527	-0.06676932	-0.60058487
4754929.00000000	0.18229437	-0.07093771	-0.62720990
4749929.00000000	0.10496045	-0.07526727	-0.64630960
4744929.00000000	0.02800589	-0.07938623	-0.65652304
4739929.00000000	-0.05008133	-0.08305728	-0.65813168
4734929.00000000	-0.13127042	-0.08574158	-0.65019849
4729929.00000000	-0.20981152	-0.08661121	-0.63249857
4724929.00000000	-0.28744287	-0.08530426	-0.60423361
4719929.00000000	-0.36180084	-0.08154718	-0.56537750
4714929.00000000	-0.43000385	-0.07590558	-0.51715143
4709929.00000000	-0.48974536	-0.06870123	-0.46181512
4704929.00000000	-0.54073404	-0.06051743	-0.40058374
4699929.00000000	-0.58406586	-0.05196402	-0.33231805
4694929.00000000	-0.61739594	-0.04419104	-0.26242395
4689929.00000000	-0.64205814	-0.03699612	-0.19048120
4684929.00000000	-0.65907297	-0.02981131	-0.11399011
4679929.00000000	-0.66738281	-0.02244214	-0.03616736
4674929.00000000	-0.66614917	-0.01434796	0.04800259
4669929.00000000	-0.65449054	-0.00498007	0.13092038
4664929.00000000	-0.63300546	0.00512015	0.20906573
4659929.00000000	-0.59942206	0.01607925	0.28815106
4654929.00000000	-0.55458691	0.02730649	0.36333643
4649929.00000000	-0.50230203	0.03750082	0.42907431
4644929.00000000	-0.43970758	0.04677649	0.48974615
4639929.00000000	-0.37380219	0.05420642	0.53927634
4634929.00000000	-0.30060858	0.06075787	0.58147534
4629929.00000000	-0.22768958	0.06615628	0.61307773
4624929.00000000	-0.15269839	0.07107321	0.63625375
4619929.00000000	-0.07161401	0.07620764	0.65188348
4614929.00000000	0.00634839	0.08092212	0.65816913
4609929.00000000	0.08891638	0.08539554	0.65545282
4604929.00000000	0.17230145	0.08876208	0.64253900
4599929.00000000	0.25276547	0.09010165	0.61984546
4594929.00000000	0.33302332	0.08858176	0.58567715
4589929.00000000	0.40624197	0.08418588	0.54227188
4584929.00000000	0.47147815	0.07729968	0.49069763
4579929.00000000	0.52894855	0.06868668	0.43103015
4574929.00000000	0.57572675	0.05954230	0.36742792
4569929.00000000	0.61344370	0.05055676	0.29958279
4564929.00000000	0.64242621	0.04193530	0.22886002
4559929.00000000	0.66294177	0.03380029	0.15622769
4554929.00000000	0.67555515	0.02553757	0.07987341
4549929.00000000	0.67946426	0.01697131	0.00453085
4544929.00000000	0.67426208	0.00735962	-0.07412115
4539929.00000000	0.65881815	-0.00335937	-0.15333926
4534929.00000000	0.63374203	-0.01424115	-0.22863037
4529929.00000000	0.59677612	-0.02542612	-0.30422980
4524929.00000000	0.55119058	-0.03540292	-0.37280771
4519929.00000000	0.49583261	-0.04425708	-0.43670010
4514929.00000000	0.43342035	-0.05116724	-0.49283740
4509929.00000000	0.36771051	-0.05655966	-0.53922046
4504929.00000000	0.29606750	-0.06026270	-0.57876593
4499929.00000000	0.22374069	-0.06303174	-0.60906628
4494929.00000000	0.14673849	-0.06544376	-0.63214514
4489929.00000000	0.07024234	-0.06776932	-0.64669116
4484929.00000000	-0.00776065	-0.06992300	-0.65326010
4479929.00000000	-0.08997363	-0.07156693	-0.65105490
4474929.00000000	-0.17222861	-0.07214703	-0.63919519
4469929.00000000	-0.25302576	-0.07092722	-0.61695151
4464929.00000000	-0.33161758	-0.06807520	-0.58372629
4459929.00000000	-0.40367746	-0.06308496	-0.54051251
4454929.00000000	-0.46824469	-0.05665976	-0.48841605
4449929.00000000	-0.52399692	-0.04932602	-0.42917487
4444929.00000000	-0.56996201	-0.04186185	-0.36549500
4439929.00000000	-0.60745084	-0.03447189	-0.29704312
4434929.00000000	-0.63569339	-0.02743060	-0.22724326
4429929.00000000	-0.65642593	-0.02038864	-0.15280060
4424929.00000000	-0.66848505	-0.01318326	-0.07649219
4419929.00000000	-0.67149857	-0.00559787	0.00086829
4414929.00000000	-0.66429950	0.00316522	0.08307156
4409929.00000000	-0.64727444	0.01177527	0.16123398
4404929.00000000	-0.61889081	0.02076242	0.24093869
4399929.00000000	-0.57975787	0.02898697	0.31816690
4394929.00000000	-0.53193103	0.03610809	0.38930322
4389929.00000000	-0.47499292	0.04203229	0.45492633
4384929.00000000	-0.41320544	0.04653024	0.51090045
4379929.00000000	-0.34525851	0.04970618	0.55903763
4374929.00000000	-0.27508881	0.05207779	0.59731339
4369929.00000000	-0.20358176	0.05408176	0.62662732
4364929.00000000	-0.12852686	0.05616385	0.64828320
4359929.00000000	-0.05140158	0.05814737	0.66169263
4354929.00000000	0.02612912	0.06029190	0.66658350
4349929.00000000	0.10639539	0.06230496	0.66257693
4344929.00000000	0.18423074	0.06378983	0.64926477
4339929.00000000	0.26281750	0.06456219	0.62529407
4334929.00000000	0.33889664	0.06442249	0.59049017
4329929.00000000	0.40661362	0.06328851	0.54826340
4324929.00000000	0.47028696	0.06090302	0.49607010
4319929.00000000	0.52478601	0.05738327	0.43819724
4314929.00000000	0.57162869	0.05299716	0.37417062
4309929.00000000	0.60993860	0.04817813	0.30573849
4304929.00000000	0.63882141	0.04325195	0.23690106
4299929.00000000	0.66079523	0.03776871	0.16213522
4294929.00000000	0.67364243	0.03199463	0.08923120
4289929.00000000	0.67846933	0.02521350	0.01290747
4284929.00000000	0.67388889	0.01695419	-0.06612158
4279929.00000000	0.65926553	0.00742377	-0.14345731
4274929.00000000	0.63300085	-0.00362799	-0.22255463
4269929.00000000	0.59570587	-0.01510806	-0.29857401
4264929.00000000	0.54805185	-0.02613931	-0.36988303
4259929.00000000	0.49079486	-0.03637805	-0.43551135
4254929.00000000	0.42728458	-0.04472897	-0.49251007
4249929.00000000	0.35988007	-0.05154974	-0.54033301
4244929.00000000	0.28770041	-0.05704764	-0.58039871
4239929.00000000	0.21481949	-0.06207077	-0.61119223
4234929.00000000	0.13828940	-0.06702283	-0.63445886
4229929.00000000	0.06097247	-0.07180179	-0.64929929
4224929.00000000	-0.01828110	-0.07690915	-0.65574362
4219929.00000000	-0.10164084	-0.08197809	-0.65267526
4214929.00000000	-0.17983145	-0.08619110	-0.64023145
4209929.00000000	-0.25975208	-0.08920526	-0.61664243
4204929.00000000	-0.33506790	-0.09036237	-0.58308405
4199929.00000000	-0.40544000	-0.08919308	-0.53972092
4194929.00000000	-0.46947269	-0.08564743	-0.48750323
4189929.00000000	-0.52362808	-0.08023962	-0.42996747
4184929.00000000	-0.57018988	-0.07342517	-0.36584662
4179929.00000000	-0.60714691	-0.06628354	-0.29883371
4174929.00000000	-0.63678232	-0.05862088	-0.22577023
4169929.00000000	-0.65659668	-0.05133792	-0.15632129
4164929.00000000	-0.66891806	-0.04327060	-0.08341025
4159929.00000000	-0.67314835	-0.03396741	-0.00655829
4154929.00000000	-0.66806161	-0.02314862	0.07144830
4149929.00000000	-0.65310239	-0.01073462	0.14838919
4144929.00000000	-0.62683423	0.00331061	0.22597903
4139929.00000000	-0.58918066	0.01747461	0.30122827
4134929.00000000	-0.54226154	0.03013147	0.37067783
4129929.00000000	-0.48571176	0.04164279	0.43507980
4124929.00000000	-0.42110733	0.05149420	0.49275668
4119929.00000000	-0.35528540	0.05849811	0.53978470
4114929.00000000	-0.28424673	0.06429407	0.57974847
4109929.00000000	-0.21029736	0.06911996	0.61184320
4104929.00000000	-0.13383688	0.07371164	0.63605600
4099929.00000000	-0.05631473	0.07807385	0.65215936
4094929.00000000	0.02797855	0.08279645	0.66015271
4089929.00000000	0.10561441	0.08682953	0.65886133
4084929.00000000	0.18750439	0.08947150	0.64744067
4079929.00000000	0.26783310	0.09107285	0.62544153
4074929.00000000	0.34334647	0.09011337	0.59284763
4069929.00000000	0.41384921	0.08675659	0.54950742
4064929.00000000	0.47590683	0.08143509	0.49726678
4059929.00000000	0.52902148	0.07461542	0.43761774
4054929.00000000	0.57363403	0.06714233	0.37119122
4049929.00000000	0.60847739	0.05982291	0.30225555
4044929.00000000	0.63668048	0.05221759	0.22460492
4039929.00000000	0.65401279	0.04550940	0.15345093
4034929.00000000	0.66428531	0.03821378	0.07622464
4029929.00000000	0.66598883	0.03009564	-0.00438602
4024929.00000000	0.65815378	0.02116678	-0.08550351
4019929.00000000	0.63989224	0.01100705	-0.16812515
4014929.00000000	0.61059695	-0.00031577	-0.24968655
4009929.00000000	0.57244092	-0.01150751	-0.32445569
4004929.00000000	0.52350964	-0.02259222	-0.39577844
3999929.00000000	0.46429041	-0.03306308	-0.46096967
3994929.00000000	0.40452200	-0.04136148	-0.51191452
3989929.00000000	0.33606049	-0.04864154	-0.55698087
3984929.00000000	0.26600650	-0.05500027	-0.59180249
3979929.00000000	0.19152570	-0.06080902	-0.61883826
3974929.00000000	0.11552280	-0.06644876	-0.63701688
3969929.00000000	0.03697549	-0.07205557	-0.64673050
3964929.00000000	-0.04781451	-0.07786923	-0.64724326
3959929.00000000	-0.12491183	-0.08200253	-0.63860638
3954929.00000000	-0.20729709	-0.08509604	-0.61934512
3949929.00000000	-0.28684729	-0.08543628	-0.58971198
3944929.00000000	-0.36186752	-0.08332230	-0.55030450
3939929.00000000	-0.43161383	-0.07848343	-0.50085336
3934929.00000000	-0.49145514	-0.07221536	-0.44541446
3929929.00000000	-0.54433463	-0.06492896	-0.38205920
3924929.00000000	-0.58750369	-0.05760803	-0.31503943
3919929.00000000	-0.62319363	-0.05016141	-0.24169971
3914929.00000000	-0.64816907	-0.04350259	-0.17191031
3909929.00000000	-0.66613947	-0.03666684	-0.09735205
3904929.00000000	-0.67592267	-0.02923175	-0.01952573
3899929.00000000	-0.67635880	-0.02093295	0.05994308
3894929.00000000	-0.66664404	-0.01162439	0.13953433
3889929.00000000	-0.64569608	-0.00112872	0.21923587
3884929.00000000	-0.61187115	0.01014688	0.29908542
3879929.00000000	-0.57138538	0.02017444	0.36674652
3874929.00000000	-0.51922430	0.02968884	0.43209647
3869929.00000000	-0.46132861	0.03784381	0.48760452
3864929.00000000	-0.39565359	0.04489532	0.53629492
3859929.00000000	-0.32770148	0.05092545	0.57501666
3854929.00000000	-0.25642596	0.05568161	0.60582657
3849929.00000000	-0.18225668	0.06023315	0.62864194
3844929.00000000	-0.10695227	0.06441122	0.64362402
3839929.00000000	-0.02547934	0.06867819	0.65079596
3834929.00000000	0.04954855	0.07220978	0.64941568
3829929.00000000	0.12914587	0.07484140	0.63932565
3824929.00000000	0.20898788	0.07643869	0.61984122
3819929.00000000	0.28483954	0.07688235	0.59153928
3814929.00000000	0.35801788	0.07612823	0.55398108
3809929.00000000	0.42520609	0.07402179	0.50818207
3804929.00000000	0.48586758	0.07090674	0.45441724
3799929.00000000	0.53696582	0.06699542	0.39615350
3794929.00000000	0.57980283	0.06275955	0.33294916
3789929.00000000	0.61629971	0.05808173	0.26140393
3784929.00000000	0.64125943	0.05390454	0.19385849
3779929.00000000	0.65936035	0.04920645	0.12099255
3774929.00000000	0.66920752	0.04373074	0.04436679
3769929.00000000	0.66977155	0.03704898	-0.03361807
3764929.00000000	0.66031851	0.02870117	-0.11360547
3759929.00000000	0.63849216	0.01798032	-0.19784604
3754929.00000000	0.60801031	0.00712634	-0.27207709
3749929.00000000	0.56469696	-0.00535635	-0.34710892
3744929.00000000	0.51114301	-0.01746567	-0.41619601
3739929.00000000	0.45181750	-0.02776895	-0.47507507
3734929.00000000	0.38451443	-0.03619049	-0.52726465
3729929.00000000	0.31441376	-0.04356030	-0.56925754
3724929.00000000	0.24006158	-0.05019937	-0.60320663
3719929.00000000	0.16475723	-0.05629565	-0.62820737
3714929.00000000	0.08705371	-0.06242099	-0.64528998
3709929.00000000	0.00204083	-0.06930853	-0.65426553
3704929.00000000	-0.07410812	-0.07559833	-0.65367825
3699929.00000000	-0.15749588	-0.08166016	-0.64313724
3694929.00000000	-0.23887363	-0.08639215	-0.62193744
3689929.00000000	-0.31684555	-0.08901813	-0.59000388
3684929.00000000	-0.39114194	-0.08893784	-0.54652802
3679929.00000000	-0.45700821	-0.08607257	-0.49443253
3674929.00000000	-0.51350311	-0.08111777	-0.43550555
3669929.00000000	-0.56124948	-0.07479089	-0.37064972
3664929.00000000	-0.60109937	-0.06771881	-0.29875821
3659929.00000000	-0.62914780	-0.06129944	-0.23033389
3654929.00000000	-0.65019809	-0.05493274	-0.15695694
3649929.00000000	-0.66304190	-0.04846414	-0.08182938
3644929.00000000	-0.66741537	-0.04148560	-0.00373227
3639929.00000000	-0.66266385	-0.03387878	0.07413797
3634929.00000000	-0.64769891	-0.02508411	0.15378021
3629929.00000000	-0.62113818	-0.01540829	0.23488239
3624929.00000000	-0.58731555	-0.00655112	0.30624847
3619929.00000000	-0.54182730	0.00298636	0.37775031
3614929.00000000	-0.48973978	0.01196555	0.44115057
3609929.00000000	-0.42932513	0.02056808	0.49902094
3604929.00000000	-0.36452176	0.02831769	0.54776144
3599929.00000000	-0.29620026	0.03502621	0.58803729
3594929.00000000	-0.22353217	0.04153641	0.62055066
3589929.00000000	-0.15003336	0.04793787	0.64457809
3584929.00000000	-0.06905356	0.05488544	0.66153561
3579929.00000000	0.00485168	0.06155814	0.66888269
3574929.00000000	0.08414667	0.06851956	0.66823227
3569929.00000000	0.16516693	0.07491736	0.65767551
3564929.00000000	0.24369019	0.07988025	0.63681870
3559929.00000000	0.31919412	0.08296384	0.60527875
3554929.00000000	0.38983481	0.08351532	0.56282574
3549929.00000000	0.45575937	0.08157025	0.50885812
3544929.00000000	0.50787241	0.07783270	0.45225711
3539929.00000000	0.55311749	0.07272598	0.38824292
3534929.00000000	0.59016949	0.06673734	0.31955515
3529929.00000000	0.61941241	0.06044006	0.24646265
3524929.00000000	0.64000156	0.05398422	0.17245847
3519929.00000000	0.65251917	0.04706219	0.09501300
3514929.00000000	0.65644598	0.03948026	0.01618777
3509929.00000000	0.65108472	0.03077670	-0.06487717
3504929.00000000	0.63430212	0.02042642	-0.15194119
3499929.00000000	0.60999860	0.01042545	-0.22739713
3494929.00000000	0.57395645	-0.00060004	-0.30544504
3489929.00000000	0.52917792	-0.01160681	-0.37728537
3484929.00000000	0.47627081	-0.02180017	-0.44201401
3479929.00000000	0.41586224	-0.03093829	-0.49922437
3474929.00000000	0.35130075	-0.03868478	-0.54660440
3469929.00000000	0.28019684	-0.04519846	-0.58656250
3464929.00000000	0.20933392	-0.05094107	-0.61633710
3459929.00000000	0.13500681	-0.05629767	-0.63850150
3454929.00000000	0.05304630	-0.06167236	-0.65317926
3449929.00000000	-0.02203427	-0.06669058	-0.65836826
3444929.00000000	-0.10333438	-0.07137811	-0.65498358
3439929.00000000	-0.18585477	-0.07506442	-0.64163223
3434929.00000000	-0.26580490	-0.07715158	-0.61821588
3429929.00000000	-0.34351389	-0.07743658	-0.58415332
3424929.00000000	-0.41572198	-0.07541998	-0.53994186
3419929.00000000	-0.47753311	-0.07150818	-0.48934848
3414929.00000000	-0.53271103	-0.06619333	-0.42998877
3409929.00000000	-0.57937091	-0.05991721	-0.36339072
3404929.00000000	-0.61411401	-0.05393924	-0.29757297
3399929.00000000	-0.64190329	-0.04797885	-0.22617621
3394929.00000000	-0.66139603	-0.04204687	-0.15250143
3389929.00000000	-0.67289941	-0.03575247	-0.07438306
3384929.00000000	-0.67545102	-0.02898810	0.00345621
3379929.00000000	-0.66858328	-0.02100250	0.08548996
3374929.00000000	-0.65018375	-0.01145715	0.17176614
3369929.00000000	-0.62391171	-0.00210202	0.24778922
3364929.00000000	-0.58534473	0.00815964	0.32618576
3359929.00000000	-0.53817239	0.01820090	0.39731866
3354929.00000000	-0.48166287	0.02758823	0.46221561
3349929.00000000	-0.41885480	0.03592883	0.51789151
3344929.00000000	-0.35189584	0.04295386	0.56390289
3339929.00000000	-0.28024664	0.04915347	0.60145551
3334929.00000000	-0.20680563	0.05458905	0.62980060
3329929.00000000	-0.12593018	0.06019009	0.65081009
3324929.00000000	-0.05053641	0.06554962	0.66166699
3319929.00000000	0.02981735	0.07108893	0.66411938
3314929.00000000	0.11291397	0.07636578	0.65669571
3309929.00000000	0.19630084	0.08047238	0.63869339
3304929.00000000	0.27687164	0.08280191	0.61014853
3299929.00000000	0.35471573	0.08287683	0.57071909
3294929.00000000	0.42794955	0.08060654	0.52007898
3289929.00000000	0.48692172	0.07687561	0.46680722
3284929.00000000	0.54045660	0.07184134	0.40452560
3279929.00000000	0.58398868	0.06643536	0.33864508
3274929.00000000	0.61925299	0.06114169	0.26834238
3269929.00000000	0.64550809	0.05603729	0.19638992
3264929.00000000	0.66353510	0.05086475	0.12157208
3259929.00000000	0.67301462	0.04509744	0.04461130
3254929.00000000	0.67346930	0.03815710	-0.03384274
3249929.00000000	0.66323737	0.02892059	-0.11754535
3244929.00000000	0.64385590	0.01899368	-0.19305826
3239929.00000000	0.61257935	0.00715479	-0.27073944
3234929.00000000	0.57040131	-0.00562164	-0.34493945
3229929.00000000	0.51932956	-0.01789026	-0.41223630
3224929.00000000	0.46009241	-0.02949243	-0.47287207
3219929.00000000	0.39531107	-0.03957648	-0.52507330
3214929.00000000	0.32463196	-0.04794885	-0.56997617
3209929.00000000	0.25486292	-0.05466855	-0.60447144
3204929.00000000	0.18092725	-0.06101651	-0.63224521
3199929.00000000	0.10181998	-0.06748709	-0.65271753
3194929.00000000	0.02626157	-0.07407013	-0.66425546
3189929.00000000	-0.05310184	-0.08058176	-0.66755807
3184929.00000000	-0.13482773	-0.08648685	-0.66140744
3179929.00000000	-0.21435092	-0.09061087	-0.64535718
3174929.00000000	-0.29141241	-0.09256824	-0.61889511
3169929.00000000	-0.36778870	-0.09136972	-0.58012875
3164929.00000000	-0.43071045	-0.08774124	-0.53631900
3159929.00000000	-0.49000522	-0.08176462	-0.48178040
3154929.00000000	-0.54001190	-0.07456097	-0.42155936
3149929.00000000	-0.58137305	-0.06683578	-0.35681918
3144929.00000000	-0.61494046	-0.05888950	-0.28738464
3139929.00000000	-0.64006476	-0.05095627	-0.21579483
3134929.00000000	-0.65791309	-0.04269324	-0.13873810
3129929.00000000	-0.66691800	-0.03423615	-0.06182434
3124929.00000000	-0.66703589	-0.02464450	0.01942236
3119929.00000000	-0.65625253	-0.01358362	0.10718439
3114929.00000000	-0.63643921	-0.00289413	0.18654309
3109929.00000000	-0.60476486	0.00885742	0.26919794
3104929.00000000	-0.56282227	0.02020551	0.34748984
3099929.00000000	-0.51231863	0.03045114	0.41857816
3094929.00000000	-0.45381500	0.03932089	0.48211325
3089929.00000000	-0.38971310	0.04670145	0.53626303
3084929.00000000	-0.32250894	0.05283261	0.58032111
3079929.00000000	-0.25130045	0.05824478	0.61617719
3074929.00000000	-0.17446323	0.06366821	0.64444547
3069929.00000000	-0.10158856	0.06850467	0.66239951
3064929.00000000	-0.02407285	0.07367496	0.67258398
3059929.00000000	0.05523297	0.07851038	0.67356473
3054929.00000000	0.13574429	0.08288583	0.66432364
3049929.00000000	0.21442685	0.08596768	0.64447559
3044929.00000000	0.29127002	0.08771378	0.61353827
3039929.00000000	0.36639392	0.08721097	0.57037488
3034929.00000000	0.42840643	0.08495807	0.52327008
3029929.00000000	0.48637064	0.08080511	0.46654672
3024929.00000000	0.53563382	0.07538129	0.40439603
3019929.00000000	0.57642639	0.06944705	0.33787231
3014929.00000000	0.60857346	0.06342572	0.26843213
3009929.00000000	0.63264209	0.05720462	0.19568967
3004929.00000000	0.64836700	0.05054318	0.12013373
2999929.00000000	0.65518765	0.04303519	0.04323233
2994929.00000000	0.65216089	0.03367065	-0.04036008
2989929.00000000	0.63926898	0.02373727	-0.11775690
2984929.00000000	0.61486206	0.01240140	-0.19814294
2979929.00000000	0.57892078	0.00043906	-0.27691608
2974929.00000000	0.53300510	-0.01120181	-0.35059122
2969929.00000000	0.47832352	-0.02166217	-0.41803882
2964929.00000000	0.41657629	-0.03090186	-0.47801843
2959929.00000000	0.34713919	-0.03891702	-0.53099988
2954929.00000000	0.27983841	-0.04535504	-0.57143112
2949929.00000000	0.20731665	-0.05139075	-0.60510654
2944929.00000000	0.13146695	-0.05739835	-0.63084662
2939929.00000000	0.05465506	-0.06346387	-0.64791528
2934929.00000000	-0.02387491	-0.06983014	-0.65616293
2929929.00000000	-0.10431421	-0.07600528	-0.65473318
2924929.00000000	-0.18337067	-0.08130536	-0.64306339
2919929.00000000	-0.26157983	-0.08519653	-0.62049298
2914929.00000000	-0.33969388	-0.08733115	-0.58473526
2909929.00000000	-0.40443323	-0.08758798	-0.54341245
2904929.00000000	-0.46582858	-0.08619318	-0.49116321
2899929.00000000	-0.51921005	-0.08329630	-0.43165356
2894929.00000000	-0.56386377	-0.07942343	-0.36709067
2889929.00000000	-0.60045602	-0.07503757	-0.29804727
2884929.00000000	-0.62863275	-0.07051324	-0.22710886
2879929.00000000	-0.64991574	-0.06563779	-0.15019739
2874929.00000000	-0.66212442	-0.06068274	-0.07586334
2869929.00000000	-0.66640375	-0.05465924	0.00278250
2864929.00000000	-0.66084521	-0.04673526	0.08869092
2859929.00000000	-0.64614127	-0.03787924	0.16676163
2854929.00000000	-0.62025845	-0.02690427	0.24811816
2849929.00000000	-0.58385638	-0.01472321	0.32653552
2844929.00000000	-0.53844205	-0.00191983	0.39897647
2839929.00000000	-0.48447220	0.01118744	0.46476874
2834929.00000000	-0.42390509	0.02355902	0.52229135
2829929.00000000	-0.35998883	0.03449774	0.56961166
2824929.00000000	-0.29117450	0.04469888	0.60902371
2819929.00000000	-0.21677618	0.05439148	0.64082440
2814929.00000000	-0.14567987	0.06323810	0.66230222
2809929.00000000	-0.06937253	0.07228439	0.67646591
2804929.00000000	0.00933414	0.08124094	0.68179654
2799929.00000000	0.09055646	0.08949438	0.67740503
2794929.00000000	0.17066779	0.09632040	0.66256015
2789929.00000000	0.25228192	0.10084195	0.63578818
2784929.00000000	0.33296832	0.10253317	0.59643509
2779929.00000000	0.39982712	0.10139874	0.55247958
2774929.00000000	0.46437180	0.09777350	0.49771198
2769929.00000000	0.51986078	0.09239166	0.43730884
2764929.00000000	0.56714148	0.08606235	0.37161966
2759929.00000000	0.60535138	0.07956055	0.30296021
2754929.00000000	0.63509174	0.07316040	0.23211343
2749929.00000000	0.65707501	0.06658572	0.15779907
2744929.00000000	0.67053799	0.05960623	0.08244009
2739929.00000000	0.67512518	0.05099286	-0.00002722
2734929.00000000	0.66994653	0.04180884	-0.07583350
2729929.00000000	0.65429993	0.03075693	-0.15507562
2724929.00000000	0.62689828	0.01833163	-0.23506143
2719929.00000000	0.58942657	0.00567487	-0.31014560
2714929.00000000	0.54189185	-0.00688828	-0.38093127
2709929.00000000	0.48570203	-0.01892197	-0.44550665
2704929.00000000	0.42072974	-0.03009641	-0.50390244
2699929.00000000	0.35660834	-0.03929568	-0.54958621
2694929.00000000	0.28637152	-0.04783432	-0.58901212
2689929.00000000	0.21340533	-0.05584451	-0.62027139
2684929.00000000	0.13753006	-0.06391547	-0.64357791
2679929.00000000	0.06064651	-0.07217566	-0.65845554
2674929.00000000	-0.01993225	-0.08084985	-0.66468674
2669929.00000000	-0.10100446	-0.08938223	-0.66115616
2664929.00000000	-0.18262085	-0.09713586	-0.64695758
2659929.00000000	-0.26719763	-0.10342096	-0.61987622
2654929.00000000	-0.33960315	-0.10667828	-0.58527914
2649929.00000000	-0.41111722	-0.10718628	-0.53877036
2644929.00000000	-0.47491409	-0.10478400	-0.48411832
2639929.00000000	-0.52919925	-0.10028421	-0.42414566
2634929.00000000	-0.57574310	-0.09444647	-0.35782425
2629929.00000000	-0.61256998	-0.08830344	-0.28940717
2624929.00000000	-0.64274319	-0.08172769	-0.21354514
2619929.00000000	-0.66211981	-0.07555347	-0.14263712
2614929.00000000	-0.67415228	-0.06847449	-0.06686746
2609929.00000000	-0.67731955	-0.05956339	0.01371158
2604929.00000000	-0.67036597	-0.04864035	0.09395520
2599929.00000000	-0.65245938	-0.03540118	0.17448480
2594929.00000000	-0.62294968	-0.02015027	0.25414136
2589929.00000000	-0.58298737	-0.00428476	0.32905023
2584929.00000000	-0.53275888	0.01158990	0.39909164
2579929.00000000	-0.47172513	0.02667255	0.46431958
2574929.00000000	-0.41244675	0.03833057	0.51437595
2569929.00000000	-0.34425397	0.04916910	0.55993790
2564929.00000000	-0.27414224	0.05841791	0.59642657
2559929.00000000	-0.20076859	0.06717401	0.62513855
2554929.00000000	-0.12583295	0.07574573	0.64561508
2549929.00000000	-0.04897772	0.08430878	0.65766385
2544929.00000000	0.03349579	0.09306870	0.66037558
2539929.00000000	0.11131540	0.10065247	0.65311151
2534929.00000000	0.19172556	0.10683655	0.63478088
2529929.00000000	0.27429440	0.11087094	0.60341074
2524929.00000000	0.34399893	0.11162766	0.56606229
2519929.00000000	0.41363089	0.10947128	0.51707010
2514929.00000000	0.47513223	0.10457794	0.46144565
2509929.00000000	0.52882523	0.09786700	0.39997104
2504929.00000000	0.57425653	0.09009665	0.33378268
2499929.00000000	0.61136438	0.08207568	0.26380383
2494929.00000000	0.63998120	0.07420731	0.19188748
2489929.00000000	0.66061456	0.06622443	0.11747183
2484929.00000000	0.67359521	0.05711346	0.03645233
2479929.00000000	0.67685895	0.04732639	-0.04063965
2474929.00000000	0.67053247	0.03540048	-0.12127533
2469929.00000000	0.65307181	0.02107877	-0.20332523
2464929.00000000	0.62431723	0.00517480	-0.28248495
2459929.00000000	0.58529633	-0.01099435	-0.35577859
2454929.00000000	0.53508878	-0.02711795	-0.42456937
2449929.00000000	0.47510660	-0.04180988	-0.48648987
2444929.00000000	0.41399353	-0.05343225	-0.53553787
2439929.00000000	0.34574030	-0.06353915	-0.57840839
2434929.00000000	0.27553439	-0.07234723	-0.61260782
2429929.00000000	0.20070248	-0.08060818	-0.63982205
2424929.00000000	0.12472269	-0.08884424	-0.65895447
2419929.00000000	0.04473080	-0.09716357	-0.67029117
2414929.00000000	-0.03503162	-0.10508701	-0.67279132
2409929.00000000	-0.11723752	-0.11201614	-0.66577548
2404929.00000000	-0.20477295	-0.11722220	-0.64734442
2399929.00000000	-0.28093948	-0.11908853	-0.62076828
2394929.00000000	-0.35628775	-0.11799530	-0.58306689
2389929.00000000	-0.42549890	-0.11379102	-0.53574832
2384929.00000000	-0.48558600	-0.10733624	-0.48115076
2379929.00000000	-0.53773853	-0.09955170	-0.41941714
2374929.00000000	-0.58024768	-0.09157388	-0.35413654
2369929.00000000	-0.61596518	-0.08340207	-0.28193970
2364929.00000000	-0.64125928	-0.07596002	-0.21231570
2359929.00000000	-0.65981345	-0.06806897	-0.13715921
2354929.00000000	-0.67026675	-0.05926932	-0.05851456
2349929.00000000	-0.67159711	-0.04899280	0.02245346
2344929.00000000	-0.66299429	-0.03684811	0.10498724
2339929.00000000	-0.64349030	-0.02283026	0.18811554
2334929.00000000	-0.61358917	-0.00788953	0.26772946
2329929.00000000	-0.57329337	0.00740878	0.34319705
2324929.00000000	-0.52140231	0.02289276	0.41505615
2319929.00000000	-0.46785962	0.03557416	0.47213788
2314929.00000000	-0.40496365	0.04748804	0.52481030
2309929.00000000	-0.33916983	0.05785120	0.56812097
2304929.00000000	-0.26977573	0.06746240	0.60356387
2299929.00000000	-0.19704962	0.07717163	0.63137262
2294929.00000000	-0.12330255	0.08702298	0.65068692
2289929.00000000	-0.04146423	0.09819800	0.66231143
2284929.00000000	0.03367331	0.10814862	0.66372781
2279929.00000000	0.11421280	0.11749908	0.65538254
2274929.00000000	0.19593823	0.12456854	0.63596506
2269929.00000000	0.27464920	0.12782370	0.60615866
2264929.00000000	0.34966687	0.12700650	0.56602557
2259929.00000000	0.41753912	0.12239398	0.51783728
2254929.00000000	0.47747708	0.11492490	0.46254550
2249929.00000000	0.52857330	0.10603580	0.40230371
2244929.00000000	0.57281427	0.09642645	0.33497906
2239929.00000000	0.60588242	0.08784830	0.26955984
2234929.00000000	0.63265189	0.07913623	0.19845175
2229929.00000000	0.65149866	0.07032468	0.12503622
2224929.00000000	0.66234814	0.06060394	0.04737381
2219929.00000000	0.66378748	0.04984119	-0.03132709
2214929.00000000	0.65493588	0.03791129	-0.11185464
2209929.00000000	0.63405817	0.02445242	-0.19599408
2204929.00000000	0.60481204	0.01180896	-0.27000183
2199929.00000000	0.56405432	-0.00150336	-0.34388510
2194929.00000000	0.51393491	-0.01433017	-0.41229370
2189929.00000000	0.45870694	-0.02573022	-0.47065457
2184929.00000000	0.39599396	-0.03625238	-0.52269995
2179929.00000000	0.32957971	-0.04571060	-0.56570044
2174929.00000000	0.25938043	-0.05459729	-0.60059912
2169929.00000000	0.18697147	-0.06335614	-0.62725449
2164929.00000000	0.10850967	-0.07268597	-0.64655685
2159929.00000000	0.03348950	-0.08189462	-0.65618643
2154929.00000000	-0.04549326	-0.09119571	-0.65743015
2149929.00000000	-0.12772949	-0.10002679	-0.64875046
2144929.00000000	-0.20853711	-0.10696918	-0.62968930
2139929.00000000	-0.28671143	-0.11146268	-0.60047003
2134929.00000000	-0.36153262	-0.11306366	-0.56092035
2129929.00000000	-0.43079776	-0.11168631	-0.51122629
2124929.00000000	-0.48879581	-0.10805157	-0.45674225
2119929.00000000	-0.53944376	-0.10289880	-0.39509280
2114929.00000000	-0.58282816	-0.09679761	-0.32584528
2109929.00000000	-0.61417978	-0.09119220	-0.25934641
2104929.00000000	-0.63869855	-0.08548950	-0.18744003
2099929.00000000	-0.65520776	-0.07959598	-0.11289108
2094929.00000000	-0.66346039	-0.07269803	-0.03473611
2089929.00000000	-0.66249509	-0.06435559	0.04458493
2084929.00000000	-0.65097208	-0.05327618	0.12854230
2079929.00000000	-0.62960376	-0.04066571	0.20732062
2074929.00000000	-0.59691602	-0.02585730	0.28539001
2069929.00000000	-0.55091168	-0.00899399	0.36309964
2064929.00000000	-0.50166556	0.00584729	0.42558469
2059929.00000000	-0.44172855	0.02082816	0.48430362
2054929.00000000	-0.37683295	0.03385718	0.53390955
2049929.00000000	-0.30770087	0.04576175	0.57467194
2044929.00000000	-0.23624353	0.05650327	0.60688477
2039929.00000000	-0.16265494	0.06713248	0.63086703
2034929.00000000	-0.08141559	0.07859784	0.64755692
2029929.00000000	-0.00681830	0.08917105	0.65428336
2024929.00000000	0.07324799	0.09996533	0.65219165
2019929.00000000	0.15591644	0.10972726	0.63947345
2014929.00000000	0.23532904	0.11675546	0.61638254
2009929.00000000	0.31220370	0.12046320	0.58265430
2004929.00000000	0.38386407	0.12060236	0.53916760
1999929.00000000	0.44704468	0.11756845	0.48846762
1994929.00000000	0.50348953	0.11199536	0.42961697
1989929.00000000	0.55161813	0.10474850	0.36448300
1984929.00000000	0.58770724	0.09760104	0.30094009
1979929.00000000	0.61772189	0.08984955	0.23023441
1974929.00000000	0.63892856	0.08201617	0.15841827
1969929.00000000	0.65206885	0.07331763	0.08205969
1964929.00000000	0.65590079	0.06337967	0.00344534
1959929.00000000	0.64957715	0.05146161	-0.07741885
1954929.00000000	0.63103851	0.03654929	-0.16451669
1949929.00000000	0.60405441	0.02172525	-0.24124982
1944929.00000000	0.56507681	0.00519354	-0.31967300
1939929.00000000	0.51681970	-0.01109402	-0.39234274
1934929.00000000	0.46096542	-0.02610968	-0.45770325
1929929.00000000	0.39859430	-0.03957010	-0.51523059
1924929.00000000	0.33326291	-0.05126553	-0.56308121
1919929.00000000	0.26401224	-0.06175916	-0.60304816
1914929.00000000	0.19183282	-0.07188156	-0.63482446
1909929.00000000	0.11424887	-0.08231784	-0.65932504
1904929.00000000	0.03984589	-0.09215826	-0.67393665
1899929.00000000	-0.03857025	-0.10205450	-0.67991354
1894929.00000000	-0.11903247	-0.11061774	-0.67547864
1889929.00000000	-0.19929016	-0.11685391	-0.65972498
1884929.00000000	-0.27649219	-0.11927731	-0.63254819
1879929.00000000	-0.35086395	-0.11809775	-0.59351370
1874929.00000000	-0.42107269	-0.11315472	-0.54240875
1869929.00000000	-0.47745627	-0.10624356	-0.48860992
1864929.00000000	-0.52915924	-0.09757401	-0.42593826
1859929.00000000	-0.57253510	-0.08836249	-0.35877258
1854929.00000000	-0.60770462	-0.07928271	-0.28898312
1849929.00000000	-0.63522192	-0.07024817	-0.21604749
1844929.00000000	-0.65465097	-0.06097055	-0.14116891
1839929.00000000	-0.66580536	-0.05066489	-0.06174158
1834929.00000000	-0.66729526	-0.03944476	0.01826605
1829929.00000000	-0.65777429	-0.02638553	0.10308057
1824929.00000000	-0.63705661	-0.01294638	0.18514963
1819929.00000000	-0.60485059	0.00044678	0.26559763
1814929.00000000	-0.55921008	0.01342496	0.34623944
1809929.00000000	-0.50958737	0.02386081	0.41269781
1804929.00000000	-0.45007019	0.03314001	0.47522287
1799929.00000000	-0.38545871	0.04103159	0.52881171
1794929.00000000	-0.31677100	0.04767014	0.57377026
1789929.00000000	-0.24546103	0.05368680	0.61019427
1784929.00000000	-0.17173163	0.05933450	0.63876453
1779929.00000000	-0.09394592	0.06537607	0.66012982
1774929.00000000	-0.01663220	0.07133267	0.67302206
1769929.00000000	0.06298819	0.07758276	0.67733600
1764929.00000000	0.14417856	0.08374460	0.67184274
1759929.00000000	0.22262143	0.08914294	0.65576563
1754929.00000000	0.29850638	0.09359116	0.62836987
1749929.00000000	0.36995316	0.09664044	0.58952194
1744929.00000000	0.43345679	0.09782376	0.54151422
1739929.00000000	0.49053592	0.09698505	0.48409384
1734929.00000000	0.53926086	0.09451657	0.42025192
1729929.00000000	0.57825732	0.09114899	0.35408304
1724929.00000000	0.61087463	0.08724448	0.28194110
1719929.00000000	0.63500824	0.08317328	0.20867529
1714929.00000000	0.65188620	0.07851495	0.13141376
1709929.00000000	0.66057986	0.07280698	0.05143683
1704929.00000000	0.66040714	0.06555984	-0.02989157
1699929.00000000	0.65005609	0.05566891	-0.11651877
1694929.00000000	0.63026294	0.04402365	-0.19782388
1689929.00000000	0.59964600	0.02999509	-0.27889218
1684929.00000000	0.55893268	0.01464185	-0.35502585
1679929.00000000	0.51006201	-0.00077994	-0.42323221
1674929.00000000	0.45258826	-0.01580435	-0.48424475
1669929.00000000	0.39024945	-0.02909903	-0.53525012
1664929.00000000	0.32369324	-0.04087607	-0.57748615
1659929.00000000	0.25265796	-0.05193674	-0.61205325
1654929.00000000	0.17863037	-0.06235226	-0.63853537
1649929.00000000	0.10265485	-0.07266577	-0.65692828
1644929.00000000	0.02349802	-0.08302957	-0.66716068
1639929.00000000	-0.05685611	-0.09292557	-0.66794266
1634929.00000000	-0.14062631	-0.10185913	-0.65812164
1629929.00000000	-0.22123221	-0.10830807	-0.63721017
1624929.00000000	-0.30021365	-0.11184177	-0.60461783
1619929.00000000	-0.37468872	-0.11201324	-0.56088196
1614929.00000000	-0.43858948	-0.10951877	-0.51082172
1609929.00000000	-0.49742310	-0.10472675	-0.45139066
1604929.00000000	-0.54616034	-0.09890457	-0.38857309
1599929.00000000	-0.58735519	-0.09250662	-0.32069424
1594929.00000000	-0.62015201	-0.08609030	-0.25008054
1589929.00000000	-0.64464984	-0.07961102	-0.17792770
1584929.00000000	-0.66193408	-0.07241071	-0.09983984
1579929.00000000	-0.67009332	-0.06449228	-0.02085144
1574929.00000000	-0.66893149	-0.05448505	0.06279214
1569929.00000000	-0.65753876	-0.04262341	0.14577872
1564929.00000000	-0.63585120	-0.02893835	0.22683527
1559929.00000000	-0.60260953	-0.01350153	0.30727438
1554929.00000000	-0.56004987	0.00194016	0.38021835
1549929.00000000	-0.50896075	0.01643091	0.44534946
1544929.00000000	-0.44981918	0.02934335	0.50294885
1539929.00000000	-0.38590475	0.04023526	0.55152393
1534929.00000000	-0.31884387	0.04928265	0.59128015
1529929.00000000	-0.24807413	0.05762732	0.62362027
1524929.00000000	-0.17524927	0.06552936	0.64826422
1519929.00000000	-0.09847705	0.07376309	0.66532431
1514929.00000000	-0.02025925	0.08179272	0.67396710
1509929.00000000	0.06011221	0.08973291	0.67308777
1504929.00000000	0.14178485	0.09692178	0.66177518
1499929.00000000	0.22155267	0.10255133	0.64000119
1494929.00000000	0.30147412	0.10626715	0.60674155
1489929.00000000	0.37231628	0.10743390	0.56626453
1484929.00000000	0.43920627	0.10625803	0.51684561
1479929.00000000	0.49984616	0.10296570	0.45952487
1474929.00000000	0.55097760	0.09862860	0.39818106
1469929.00000000	0.59492426	0.09369650	0.33090390
1464929.00000000	0.63018417	0.08859698	0.26105869
1459929.00000000	0.65779169	0.08310440	0.18724683
1454929.00000000	0.67703699	0.07674539	0.11136020
1449929.00000000	0.68758774	0.06894748	0.03364517
1444929.00000000	0.68886823	0.05880527	-0.04846591
1439929.00000000	0.67933533	0.04619348	-0.13082495
1434929.00000000	0.65812964	0.03147031	-0.21292148
1429929.00000000	0.62491129	0.01515182	-0.29278391
1424929.00000000	0.58161407	-0.00053070	-0.36618402
1419929.00000000	0.52822183	-0.01571011	-0.43375729
1414929.00000000	0.46668820	-0.02947253	-0.49345224
1409929.00000000	0.40246164	-0.04094720	-0.54233493
1404929.00000000	0.33253802	-0.05160370	-0.58382489
1399929.00000000	0.26177374	-0.06155786	-0.61593167
1394929.00000000	0.18758856	-0.07069070	-0.64093741
1389929.00000000	0.10793906	-0.07999677	-0.65890076
1384929.00000000	0.02955505	-0.08965265	-0.66753278
1379929.00000000	-0.05692902	-0.09908875	-0.66679440
1374929.00000000	-0.13990106	-0.10660413	-0.65576843
1369929.00000000	-0.22367578	-0.11190518	-0.63329102
1364929.00000000	-0.30550964	-0.11352048	-0.59928897
1359929.00000000	-0.37986615	-0.11173010	-0.55619489
1354929.00000000	-0.44862595	-0.10664169	-0.50327737
1349929.00000000	-0.50830975	-0.09962213	-0.44399179
1344929.00000000	-0.55864240	-0.09148276	-0.38005936
1339929.00000000	-0.60116672	-0.08279739	-0.31066827
1334929.00000000	-0.63504721	-0.07425009	-0.23785788
1329929.00000000	-0.66014456	-0.06584421	-0.16344470
1324929.00000000	-0.67713168	-0.05658932	-0.08499521
1319929.00000000	-0.68481912	-0.04621323	-0.00366394
1314929.00000000	-0.68204715	-0.03460117	0.08085251
1309929.00000000	-0.66828949	-0.02202277	0.16402072
1304929.00000000	-0.64261069	-0.00867502	0.24716675
1299929.00000000	-0.60524039	0.00427936	0.32755249
1294929.00000000	-0.55999423	0.01535562	0.39825479
1289929.00000000	-0.50457098	0.02512955	0.46436661
1284929.00000000	-0.44398965	0.03281732	0.52069189
1279929.00000000	-0.37816302	0.03920392	0.56904489
1274929.00000000	-0.30780869	0.04493314	0.60973862
1269929.00000000	-0.23500851	0.05037952	0.64209183
1264929.00000000	-0.15691861	0.05636768	0.66737579
1259929.00000000	-0.07757861	0.06247888	0.68367831
1254929.00000000	0.00652600	0.06878677	0.69084845
1249929.00000000	0.09050610	0.07471341	0.68775809
1244929.00000000	0.17471390	0.07949411	0.67387726
1239929.00000000	0.26010413	0.08255093	0.64773218
1234929.00000000	0.33746066	0.08320715	0.61238611
1229929.00000000	0.40976068	0.08145032	0.56716782
1224929.00000000	0.47481635	0.07795938	0.51360284
1219929.00000000	0.53070392	0.07351956	0.45390228
1214929.00000000	0.57695786	0.06848502	0.39022958
1209929.00000000	0.61504855	0.06335452	0.32221179
1204929.00000000	0.64504276	0.05824503	0.25063959
1199929.00000000	0.66644595	0.05319385	0.17655313
1194929.00000000	0.67934601	0.04790054	0.09951996
1189929.00000000	0.68298987	0.04178543	0.01894589
1184929.00000000	0.67628290	0.03495856	-0.06404688
1179929.00000000	0.65910272	0.02732312	-0.14645093
1174929.00000000	0.63043402	0.01898050	-0.22978156
1169929.00000000	0.59280588	0.01049341	-0.30695059
1164929.00000000	0.54596289	0.00178888	-0.37940628
1159929.00000000	0.49010364	-0.00697952	-0.44612949
1154929.00000000	0.43149548	-0.01506400	-0.50080496
1149929.00000000	0.36566937	-0.02308530	-0.54914365
1144929.00000000	0.29681760	-0.03052731	-0.58846228
1139929.00000000	0.22455573	-0.03757355	-0.62024512
1134929.00000000	0.14701117	-0.04459824	-0.64516049
1129929.00000000	0.06905301	-0.05120563	-0.66171011
1124929.00000000	-0.01444955	-0.05758459	-0.67003580
1119929.00000000	-0.09617267	-0.06282376	-0.66836343
1114929.00000000	-0.17799295	-0.06687976	-0.65597983
1109929.00000000	-0.25806125	-0.06938376	-0.63185629
1104929.00000000	-0.33191583	-0.07039963	-0.59704453
1099929.00000000	-0.39950836	-0.07002576	-0.55207639
1094929.00000000	-0.46016083	-0.06848477	-0.49788153
1089929.00000000	-0.51175717	-0.06619046	-0.43799649
1084929.00000000	-0.55620413	-0.06335989	-0.37174173
1079929.00000000	-0.59205399	-0.06030441	-0.30266418
1074929.00000000	-0.61953754	-0.05715268	-0.23172968
1069929.00000000	-0.63988470	-0.05403955	-0.15463983
1064929.00000000	-0.65115799	-0.05083829	-0.07639694
1059929.00000000	-0.65343323	-0.04721725	0.00829437
1054929.00000000	-0.64587448	-0.04304248	0.09268536
1049929.00000000	-0.62844821	-0.03810794	0.17769553
1044929.00000000	-0.59903937	-0.03121619	0.26666312
1039929.00000000	-0.56264587	-0.02343710	0.34443936
1034929.00000000	-0.51575305	-0.01408743	0.41916446
1029929.00000000	-0.46231458	-0.00440671	0.48409280
1024929.00000000	-0.40279929	0.00520261	0.54040729
1019929.00000000	-0.33684912	0.01454758	0.58911139
1014929.00000000	-0.26999072	0.02307947	0.62773090
1009929.00000000	-0.19709637	0.03149649	0.66021118
1004929.00000000	-0.12339218	0.03979584	0.68435913
999929.00000000	-0.04540875	0.04840683	0.70113040
994929.00000000	0.03419714	0.05711987	0.70892636
989929.00000000	0.11347531	0.06560065	0.70695535
984929.00000000	0.19411652	0.07353522	0.69358939
979929.00000000	0.27165155	0.07980963	0.66863690
974929.00000000	0.34387253	0.08382956	0.63278922
969929.00000000	0.41190210	0.08538123	0.58544974
964929.00000000	0.47158841	0.08455914	0.53021423
959929.00000000	0.52346771	0.08213315	0.46865112
954929.00000000	0.56792679	0.07862421	0.40131888
949929.00000000	0.60393417	0.07466467	0.33122156
944929.00000000	0.63309753	0.07025589	0.25546704
939929.00000000	0.65345468	0.06551236	0.17830209
934929.00000000	0.66535077	0.06024619	0.09954065
929929.00000000	0.66839301	0.05310382	0.01113550
924929.00000000	0.66102640	0.04448788	-0.07436682
919929.00000000	0.64263922	0.03413742	-0.16206470
914929.00000000	0.61350043	0.02278021	-0.24720328
909929.00000000	0.57622156	0.01148953	-0.32404514
904929.00000000	0.52614490	-0.00083447	-0.40058676
899929.00000000	0.47172128	-0.01152567	-0.46404428
894929.00000000	0.41223474	-0.02116129	-0.51846466
889929.00000000	0.34402225	-0.03016498	-0.56722980
884929.00000000	0.27483542	-0.03779602	-0.60557910
879929.00000000	0.20091721	-0.04489883	-0.63675046
874929.00000000	0.12523938	-0.05162292	-0.65948941
869929.00000000	0.04667810	-0.05816116	-0.67408096
864929.00000000	-0.03663416	-0.06438950	-0.67939478
859929.00000000	-0.11855237	-0.06943393	-0.67399030
854929.00000000	-0.20227609	-0.07323212	-0.65703378
849929.00000000	-0.27992459	-0.07532199	-0.62968018
844929.00000000	-0.35447083	-0.07571817	-0.59103754
839929.00000000	-0.42278430	-0.07448972	-0.54258188
834929.00000000	-0.48089423	-0.07170917	-0.48854684
829929.00000000	-0.53255872	-0.06837405	-0.42688077
824929.00000000	-0.57528003	-0.06480014	-0.36138803
819929.00000000	-0.61051807	-0.06115863	-0.29106573
814929.00000000	-0.63825760	-0.05733749	-0.21614911
809929.00000000	-0.65725485	-0.05292075	-0.13983484
804929.00000000	-0.66814792	-0.04776981	-0.05718192
799929.00000000	-0.66946210	-0.04220325	0.02507513
794929.00000000	-0.66108496	-0.03541476	0.10948462
789929.00000000	-0.64180600	-0.02652362	0.19654776
784929.00000000	-0.61380936	-0.01726639	0.27575775
779929.00000000	-0.57504572	-0.00707480	0.35266351
774929.00000000	-0.52823767	0.00327670	0.42122464
769929.00000000	-0.47442093	0.01345862	0.48099057
764929.00000000	-0.41349783	0.02272504	0.53329749
759929.00000000	-0.34837036	0.03042908	0.57674860
754929.00000000	-0.28029553	0.03709042	0.61186121
749929.00000000	-0.20712463	0.04337857	0.63998950
744929.00000000	-0.13033554	0.04923822	0.66021378
739929.00000000	-0.04909872	0.05488623	0.67219598
734929.00000000	0.03367300	0.05968628	0.67483466
729929.00000000	0.11943552	0.06338730	0.66738290
724929.00000000	0.20527319	0.06528799	0.64887881
719929.00000000	0.28624335	0.06545868	0.62030441
714929.00000000	0.36397815	0.06360855	0.58061819
709929.00000000	0.43402319	0.05996091	0.53192627
704929.00000000	0.49468924	0.05535431	0.47662393
699929.00000000	0.54728271	0.05022293	0.41480023
694929.00000000	0.59076422	0.04504999	0.34930505
689929.00000000	0.62692780	0.03913797	0.27901572
684929.00000000	0.65478482	0.03310071	0.20555167
679929.00000000	0.67412952	0.02666998	0.12941623
674929.00000000	0.68449988	0.01970145	0.04865009
669929.00000000	0.68473279	0.01070239	-0.03277594
664929.00000000	0.67290024	0.00202863	-0.11996869
659929.00000000	0.64961987	-0.00731546	-0.20361453
654929.00000000	0.61478912	-0.01591064	-0.28482520
649929.00000000	0.56855145	-0.02451431	-0.36256229
644929.00000000	0.51430325	-0.03229642	-0.43179669
639929.00000000	0.45252515	-0.03962738	-0.49317303
634929.00000000	0.38605872	-0.04614801	-0.54511865
629929.00000000	0.31472513	-0.05171533	-0.58900342
624929.00000000	0.23989459	-0.05704288	-0.62438501
619929.00000000	0.16153662	-0.06277368	-0.65138721
614929.00000000	0.07951559	-0.06822803	-0.66998734
609929.00000000	-0.01121759	-0.07237518	-0.67973721
604929.00000000	-0.09929697	-0.07529462	-0.67836075
599929.00000000	-0.18830466	-0.07634583	-0.66555707
594929.00000000	-0.27282809	-0.07488684	-0.64146054
589929.00000000	-0.35229169	-0.07072098	-0.60641290
584929.00000000	-0.42503406	-0.06383771	-0.56103287
579929.00000000	-0.48423242	-0.05568741	-0.51169064
574929.00000000	-0.54099957	-0.04708740	-0.44987613
569929.00000000	-0.58434653	-0.03782993	-0.38899832
564929.00000000	-0.62327707	-0.02970132	-0.31798724
559929.00000000	-0.65532291	-0.02312967	-0.23730594
554929.00000000	-0.67494992	-0.01441684	-0.16300748
549929.00000000	-0.68602936	-0.00442319	-0.08459677
544929.00000000	-0.68742642	0.00579636	-0.00477646
539929.00000000	-0.67842105	0.01646722	0.07754449
534929.00000000	-0.65848651	0.02725830	0.16119061
529929.00000000	-0.62825824	0.03741159	0.24214642
524929.00000000	-0.58818143	0.04672137	0.31965027
519929.00000000	-0.53951953	0.05473584	0.39116422
514929.00000000	-0.48454947	0.06115329	0.45422977
509929.00000000	-0.42287103	0.06655167	0.50974310
504929.00000000	-0.35795111	0.07108865	0.55555710
499929.00000000	-0.29243378	0.07492209	0.59158527
494929.00000000	-0.22180905	0.07873843	0.62094452
489929.00000000	-0.14848090	0.08231876	0.64250519
484929.00000000	-0.06877829	0.08557230	0.65647327
479929.00000000	0.01075510	0.08804507	0.66115100
474929.00000000	0.09157095	0.08858835	0.65670358
469929.00000000	0.17612393	0.08648422	0.64223486
464929.00000000	0.25597180	0.08153494	0.61864719
459929.00000000	0.33543524	0.07361813	0.58469412
454929.00000000	0.40799490	0.06355246	0.54295218
449929.00000000	0.47275995	0.05223294	0.49446555
444929.00000000	0.53067337	0.04081366	0.43906522
439929.00000000	0.57900439	0.03014999	0.38032108
434929.00000000	0.61975922	0.02009094	0.31678354
429929.00000000	0.65132108	0.01018747	0.25212552
424929.00000000	0.67477759	-0.00005035	0.18436459
419929.00000000	0.68931522	-0.01034076	0.11303082
414929.00000000	0.69360556	-0.02091400	0.03950760
409929.00000000	0.68615759	-0.03119827	-0.03917853
404929.00000000	0.66664948	-0.04032983	-0.11650159
399929.00000000	0.63586798	-0.04824170	-0.19065091
394929.00000000	0.59356161	-0.05478214	-0.26222525
389929.00000000	0.54155716	-0.05903348	-0.32833670
384929.00000000	0.48461880	-0.06177063	-0.38344632
379929.00000000	0.42060287	-0.06298749	-0.43066403
374929.00000000	0.35334698	-0.06354236	-0.46737918
369929.00000000	0.27985196	-0.06334918	-0.49544870
364929.00000000	0.20472250	-0.06270929	-0.51315848
359929.00000000	0.12636099	-0.06138269	-0.52236679
354929.00000000	0.04567969	-0.05896585	-0.52393063
349929.00000000	-0.06278333	-0.03748090	-0.51513190
344929.00000000	-0.14653995	-0.03113547	-0.49933029
339929.00000000	-0.22284756	-0.02435986	-0.47910321
334929.00000000	-0.29419351	-0.01682852	-0.45386154
329929.00000000	-0.35899597	-0.00838785	-0.42265308
324929.00000000	-0.41415610	0.00007968	-0.38600366
319929.00000000	-0.45945728	0.00820810	-0.34369836
314929.00000000	-0.49312714	0.01528201	-0.29837561
309929.00000000	-0.51481067	0.02108652	-0.25132748
304929.00000000	-0.52371329	0.02553677	-0.20658270
299929.00000000	-0.52041125	0.02903192	-0.16505875
294929.00000000	-0.50524780	0.03196951	-0.12606003
289929.00000000	-0.48132617	0.03430154	-0.09149796
284929.00000000	-0.45027295	0.03621408	-0.05872882
279929.00000000	-0.41297583	0.03771924	-0.02682419
274929.00000000	-0.37237173	0.03874091	0.00309222
269929.00000000	-0.32723770	0.03902502	0.03111441
264929.00000000	-0.27796207	0.03797198	0.05601376
259929.00000000	-0.22622473	0.03518558	0.07623752
254929.00000000	-0.17154150	0.03026382	0.09212119
249929.00000000	-0.11743680	0.02395023	0.10275815
244929.00000000	-0.06819485	0.01729437	0.10852490
239929.00000000	-0.02347763	0.01095691	0.11088208
234929.00000000	0.01427377	0.00599866	0.11072858
229929.00000000	0.04681223	0.00251108	0.10905371
224929.00000000	0.07329559	0.00056381	0.10667526
219929.00000000	0.09531964	-0.00037750	0.10396432
214929.00000000	0.11354214	-0.00100021	0.10081967
209929.00000000	0.12622971	-0.00172885	0.09740582
204929.00000000	0.13347446	-0.00291711	0.09313937
199929.00000000	0.13439368	-0.00442035	0.08789462
194929.00000000	0.12965778	-0.00589728	0.08171625
189929.00000000	0.12027847	-0.00698322	0.07479330
184929.00000000	0.10882693	-0.00744333	0.06764633
179929.00000000	0.09642813	-0.00731943	0.06056180
174929.00000000	0.08467194	-0.00689777	0.05413016
169929.00000000	0.07390848	-0.00624454	0.04819086
164929.00000000	0.06448740	-0.00551364	0.04308832
159929.00000000	0.05640326	-0.00484952	0.03869025
154929.00000000	0.04940320	-0.00420090	0.03484030
149929.00000000	0.04355109	-0.00364896	0.03143192
144929.00000000	0.03858398	-0.00315991	0.02848846
139929.00000000	0.03422018	-0.00271887	0.02587668
134929.00000000	0.03054172	-0.00236078	0.02352499
129929.00000000	0.02745331	-0.00208264	0.02150735
124929.00000000	0.02473984	-0.00180939	0.01971426
119929.00000000	0.02237494	-0.00158511	0.01810144
