8055384.00000000	0.00548874	0.00060062	0.01748807
8050384.00000000	0.00582526	0.00060907	0.01903598
8045384.00000000	0.00611865	0.00066479	0.02082944
8040384.00000000	0.00643997	0.00070081	0.02273932
8035384.00000000	0.00676358	0.00067899	0.02487787
8030384.00000000	0.00714017	0.00074884	0.02728479
8025384.00000000	0.00751685	0.00079211	0.03003909
8020384.00000000	0.00791049	0.00083670	0.03317285
8015384.00000000	0.00834988	0.00089810	0.03677988
8010384.00000000	0.00874237	0.00088474	0.04092938
8005384.00000000	0.00917618	0.00090067	0.04570236
8000384.00000000	0.00960153	0.00093307	0.05134833
7995384.00000000	0.01000702	0.00094373	0.05777582
7990384.00000000	0.01039468	0.00100739	0.06545901
7985384.00000000	0.01069244	0.00098569	0.07449106
7980384.00000000	0.01086337	0.00099365	0.08481479
7975384.00000000	0.01095334	0.00091644	0.09692450
7970384.00000000	0.01086542	0.00079034	0.11055911
7965384.00000000	0.01105945	0.00052686	0.12519684
7960384.00000000	0.01143680	0.00011380	0.14015976
7955384.00000000	0.01276163	-0.00032571	0.15308527
7950384.00000000	0.01533765	-0.00082172	0.16238544
7945384.00000000	0.01952747	-0.00109866	0.16595450
7940384.00000000	0.02568027	-0.00108734	0.16282593
7935384.00000000	0.03389148	-0.00081909	0.15320731
7930384.00000000	0.04389853	-0.00046585	0.13840952
7925384.00000000	0.05579776	-0.00020929	0.11904312
7920384.00000000	0.06974683	-0.00025934	0.09522336
7915384.00000000	0.08542847	-0.00082422	0.06715689
7910384.00000000	0.10360797	-0.00210901	0.03265106
7905384.00000000	0.12311966	-0.00392639	-0.00711194
7900384.00000000	0.14377814	-0.00601178	-0.05281894
7895384.00000000	0.16383093	-0.00795166	-0.10301309
7890384.00000000	0.18083691	-0.00904294	-0.15464825
7885384.00000000	0.19340414	-0.00913132	-0.20796448
7880384.00000000	0.19974640	-0.00816513	-0.25927893
7875384.00000000	0.20013397	-0.00672150	-0.30947784
7870384.00000000	0.19515802	-0.00544391	-0.35839767
7865384.00000000	0.18562405	-0.00463950	-0.40402069
7860384.00000000	0.17127011	-0.00430991	-0.44747955
7855384.00000000	0.15176263	-0.00427219	-0.48602353
7850384.00000000	0.12562585	-0.00405762	-0.51847937
7845384.00000000	0.09115439	-0.00350830	-0.54370483
7840384.00000000	0.04879858	-0.00257483	-0.56030392
7835384.00000000	-0.00239722	-0.00130518	-0.56777499
7830384.00000000	-0.05839877	0.00037683	-0.56513449
7825384.00000000	-0.11809723	0.00246313	-0.55173660
7820384.00000000	-0.17960614	0.00478226	-0.52718066
7815384.00000000	-0.23943021	0.00728638	-0.49281430
7810384.00000000	-0.29794757	0.00985800	-0.44913211
7805384.00000000	-0.35453320	0.01225964	-0.39780402
7800384.00000000	-0.40785962	0.01452246	-0.34101840
7795384.00000000	-0.45842242	0.01661420	-0.27873846
7790384.00000000	-0.50263382	0.01803241	-0.21445953
7785384.00000000	-0.54080762	0.01894403	-0.14566431
7780384.00000000	-0.57046262	0.01964450	-0.07434708
7775384.00000000	-0.59047156	0.01985141	-0.00194540
7770384.00000000	-0.60104459	0.01937820	0.07525943
7765384.00000000	-0.60133514	0.01824741	0.15301520
7760384.00000000	-0.59122372	0.01667786	0.23358167
7755384.00000000	-0.57052170	0.01455481	0.31493414
7750384.00000000	-0.53966818	0.01189670	0.39372348
7745384.00000000	-0.49807809	0.00908038	0.46929398
7740384.00000000	-0.44726553	0.00642621	0.53728278
7735384.00000000	-0.38825903	0.00405774	0.59636707
7730384.00000000	-0.32131580	0.00236398	0.64631024
7725384.00000000	-0.25081482	0.00064600	0.68510068
7720384.00000000	-0.17633334	-0.00072314	0.71478055
7715384.00000000	-0.09895227	-0.00201413	0.73573047
7710384.00000000	-0.01975674	-0.00361020	0.74796164
7705384.00000000	0.06401785	-0.00532428	0.75121960
7700384.00000000	0.14745950	-0.00663742	0.74509882
7695384.00000000	0.23259750	-0.00865970	0.72807037
7690384.00000000	0.31814542	-0.01082608	0.69904617
7685384.00000000	0.39840930	-0.01259805	0.65897647
7680384.00000000	0.47503250	-0.01426868	0.60600320
7675384.00000000	0.54230078	-0.01621561	0.54395905
7670384.00000000	0.59989249	-0.01759692	0.47427991
7665384.00000000	0.64771588	-0.01895743	0.39815085
7660384.00000000	0.68487555	-0.01989777	0.31992639
7655384.00000000	0.71331772	-0.02053314	0.23761954
7650384.00000000	0.73252844	-0.02123685	0.15463190
7645384.00000000	0.74307614	-0.02214752	0.07001187
7640384.00000000	0.74459689	-0.02328143	-0.01831573
7635384.00000000	0.73621051	-0.02464804	-0.10489017
7630384.00000000	0.71657761	-0.02630856	-0.19452319
7625384.00000000	0.68518481	-0.02803003	-0.28340659
7620384.00000000	0.64277896	-0.02904980	-0.36792346
7615384.00000000	0.58793353	-0.02961609	-0.44959967
7610384.00000000	0.52555884	-0.02798730	-0.52126718
7605384.00000000	0.45418549	-0.02565588	-0.58501996
7600384.00000000	0.37825769	-0.02163943	-0.63725967
7595384.00000000	0.30045312	-0.01692752	-0.67807651
7590384.00000000	0.21647070	-0.01063315	-0.71038260
7585384.00000000	0.13386743	-0.00563010	-0.73213129
7580384.00000000	0.04845740	-0.00032889	-0.74503622
7575384.00000000	-0.03947574	0.00566797	-0.74873462
7570384.00000000	-0.12711166	0.01255020	-0.74266599
7565384.00000000	-0.21874744	0.02027737	-0.72485489
7560384.00000000	-0.30712030	0.02771039	-0.69524820
7555384.00000000	-0.39168024	0.03458301	-0.65353137
7550384.00000000	-0.47262271	0.03998083	-0.59849319
7545384.00000000	-0.54214279	0.04322427	-0.53557996
7540384.00000000	-0.60290598	0.04462433	-0.46311716
7535384.00000000	-0.65116705	0.04418964	-0.38719452
7530384.00000000	-0.68853433	0.04278040	-0.30841037
7525384.00000000	-0.71689819	0.04112683	-0.22457870
7520384.00000000	-0.73492117	0.03966019	-0.14211081
7515384.00000000	-0.74412036	0.03822043	-0.05436905
7510384.00000000	-0.74317429	0.03713058	0.03546964
7505384.00000000	-0.73152887	0.03529538	0.12586850
7500384.00000000	-0.70719458	0.03305945	0.22119937
7495384.00000000	-0.67195395	0.03030679	0.31170197
7490384.00000000	-0.62423892	0.02651031	0.40087564
7485384.00000000	-0.56624231	0.02161154	0.48269986
7480384.00000000	-0.50151724	0.01622400	0.55298810
7475384.00000000	-0.42883633	0.01091968	0.61365982
7470384.00000000	-0.35390033	0.00614474	0.66077249
7465384.00000000	-0.27529355	0.00193497	0.69742233
7460384.00000000	-0.19393478	-0.00207239	0.72384415
7455384.00000000	-0.11304141	-0.00580414	0.74015460
7450384.00000000	-0.02786380	-0.00962091	0.74749554
7445384.00000000	0.05730875	-0.01379657	0.74440298
7440384.00000000	0.14531589	-0.01854587	0.73049149
7435384.00000000	0.23437189	-0.02393170	0.70429800
7430384.00000000	0.31979514	-0.02969879	0.66723712
7425384.00000000	0.40377222	-0.03506619	0.61752948
7420384.00000000	0.48057806	-0.03930948	0.55858051
7415384.00000000	0.54790274	-0.04184866	0.49249023
7410384.00000000	0.60669162	-0.04345728	0.41860013
7405384.00000000	0.65298187	-0.04374396	0.34298260
7400384.00000000	0.68977417	-0.04329550	0.26324277
7395384.00000000	0.71642621	-0.04251837	0.18217117
7390384.00000000	0.73370401	-0.04160666	0.09994354
7385384.00000000	0.74182425	-0.04072775	0.01334335
7380384.00000000	0.73973486	-0.04024884	-0.07263968
7375384.00000000	0.72657394	-0.03937585	-0.16147321
7370384.00000000	0.70111578	-0.03807675	-0.25182693
7365384.00000000	0.66364789	-0.03596426	-0.33914594
7360384.00000000	0.61279489	-0.03317145	-0.42511465
7355384.00000000	0.55308139	-0.02988364	-0.50152240
7350384.00000000	0.48538303	-0.02568774	-0.56844202
7345384.00000000	0.41050412	-0.02083453	-0.62531375
7340384.00000000	0.33465909	-0.01564050	-0.66903638
7335384.00000000	0.25396597	-0.01025156	-0.70339420
7330384.00000000	0.17373270	-0.00641849	-0.72709457
7325384.00000000	0.09168567	-0.00142584	-0.74178802
7320384.00000000	0.00631644	0.00357376	-0.74715146
7315384.00000000	-0.07749307	0.00927127	-0.74258121
7310384.00000000	-0.16475998	0.01581552	-0.72661777
7305384.00000000	-0.25050623	0.02252094	-0.69866858
7300384.00000000	-0.33374930	0.02865607	-0.65887436
7295384.00000000	-0.41507098	0.03475058	-0.60676886
7290384.00000000	-0.48802567	0.03950479	-0.54654266
7285384.00000000	-0.55388525	0.04249411	-0.47796851
7280384.00000000	-0.61011533	0.04384293	-0.40393005
7275384.00000000	-0.65529572	0.04424564	-0.32800217
7270384.00000000	-0.69147296	0.04401627	-0.24796173
7265384.00000000	-0.71773276	0.04345270	-0.16741830
7260384.00000000	-0.73526901	0.04264456	-0.08454047
7255384.00000000	-0.74372672	0.04183887	0.00115778
7250384.00000000	-0.74249396	0.04131271	0.08631686
7245384.00000000	-0.72994586	0.04072162	0.17636285
7240384.00000000	-0.70581241	0.03964374	0.26447818
7235384.00000000	-0.66930682	0.03789807	0.35081876
7230384.00000000	-0.61984619	0.03505649	0.43414847
7225384.00000000	-0.56166217	0.03170587	0.50800909
7220384.00000000	-0.49340979	0.02757156	0.57423254
7215384.00000000	-0.41982080	0.02300620	0.62899603
7210384.00000000	-0.34387610	0.01864139	0.67180035
7205384.00000000	-0.26281418	0.01473923	0.70539209
7200384.00000000	-0.18205191	0.01151041	0.72869934
7195384.00000000	-0.09756790	0.00835745	0.74323401
7190384.00000000	-0.01184537	0.00506033	0.74835016
7185384.00000000	0.07460339	0.00154004	0.74353571
7180384.00000000	0.16543079	-0.00259668	0.72708945
7175384.00000000	0.25297968	-0.00718134	0.69925885
7170384.00000000	0.34062314	-0.01262772	0.65821899
7165384.00000000	0.42397736	-0.01805835	0.60547943
7160384.00000000	0.49818954	-0.02281256	0.54484494
7155384.00000000	0.56496094	-0.02664084	0.47502588
7150384.00000000	0.61964941	-0.02932147	0.40204391
7145384.00000000	0.66416248	-0.03097165	0.32520099
7140384.00000000	0.69872278	-0.03219296	0.24542529
7135384.00000000	0.72309518	-0.03333160	0.16554315
7130384.00000000	0.73908844	-0.03494391	0.08144754
7125384.00000000	0.74546121	-0.03676343	-0.00377063
7120384.00000000	0.74170914	-0.03889072	-0.09083676
7115384.00000000	0.72658713	-0.04131653	-0.18073459
7110384.00000000	0.69969443	-0.04290173	-0.26884766
7105384.00000000	0.66079553	-0.04254828	-0.35509778
7100384.00000000	0.61001932	-0.04155450	-0.43759955
7095384.00000000	0.55061243	-0.03941068	-0.51108713
7090384.00000000	0.48116135	-0.03654572	-0.57739999
7085384.00000000	0.40908438	-0.03321793	-0.63037936
7080384.00000000	0.33252719	-0.02953061	-0.67323465
7075384.00000000	0.25290720	-0.02586703	-0.70607761
7070384.00000000	0.17299057	-0.02258151	-0.72889792
7065384.00000000	0.08875070	-0.01908722	-0.74278046
7060384.00000000	0.00393735	-0.01512543	-0.74703320
7055384.00000000	-0.08366144	-0.01028674	-0.74087286
7050384.00000000	-0.17350949	-0.00479675	-0.72308344
7045384.00000000	-0.26077533	0.00104681	-0.69403241
7040384.00000000	-0.34838489	0.00725983	-0.65207800
7035384.00000000	-0.43047382	0.01286642	-0.59982373
7030384.00000000	-0.50493826	0.01787860	-0.53897604
7025384.00000000	-0.57091757	0.02221252	-0.47004669
7020384.00000000	-0.62467001	0.02575766	-0.39791013
7015384.00000000	-0.66895624	0.02864474	-0.32067593
7010384.00000000	-0.70242636	0.03078305	-0.24188983
7005384.00000000	-0.72609378	0.03297375	-0.16188553
7000384.00000000	-0.74107617	0.03538733	-0.07713959
6995384.00000000	-0.74591168	0.03799643	0.00758655
6990384.00000000	-0.74009906	0.04075906	0.09588403
6985384.00000000	-0.72263226	0.04335663	0.18551596
6980384.00000000	-0.69307043	0.04508542	0.27432855
6975384.00000000	-0.65046158	0.04538815	0.36278369
6970384.00000000	-0.59785175	0.04393365	0.44394339
6965384.00000000	-0.53549841	0.04082614	0.51785995
6960384.00000000	-0.46629001	0.03707071	0.58144690
6955384.00000000	-0.39253946	0.03305731	0.63356879
6950384.00000000	-0.31320596	0.02936765	0.67598267
6945384.00000000	-0.23237827	0.02602008	0.70774896
6940384.00000000	-0.14952490	0.02349664	0.72998615
6935384.00000000	-0.06327563	0.02114392	0.74315228
6930384.00000000	0.02291077	0.01849524	0.74647495
6925384.00000000	0.11416168	0.01494702	0.73901950
6920384.00000000	0.20486966	0.01109082	0.71978690
6915384.00000000	0.29513818	0.00632578	0.68802692
6910384.00000000	0.38304761	0.00108575	0.64349200
6905384.00000000	0.46257144	-0.00440091	0.58898450
6900384.00000000	0.53446689	-0.00919342	0.52452991
6895384.00000000	0.59559006	-0.01365775	0.45307773
6890384.00000000	0.64454214	-0.01691754	0.37861334
6885384.00000000	0.68423062	-0.01964084	0.29893222
6880384.00000000	0.71314212	-0.02185574	0.21972491
6875384.00000000	0.73347241	-0.02413632	0.13699350
6870384.00000000	0.74454593	-0.02687976	0.05212048
6865384.00000000	0.74576657	-0.02971506	-0.03351678
6860384.00000000	0.73586484	-0.03291129	-0.12368597
6855384.00000000	0.71402820	-0.03544293	-0.21286743
6850384.00000000	0.67977863	-0.03773199	-0.30156281
6845384.00000000	0.63319107	-0.03872025	-0.38795798
6840384.00000000	0.57744839	-0.03902588	-0.46643915
6835384.00000000	0.51218839	-0.03832947	-0.53787415
6830384.00000000	0.44215240	-0.03725644	-0.59737433
6825384.00000000	0.36735657	-0.03610873	-0.64645291
6820384.00000000	0.28859311	-0.03478802	-0.68537885
6815384.00000000	0.20832095	-0.03351663	-0.71406644
6810384.00000000	0.12352075	-0.03210062	-0.73367572
6805384.00000000	0.03721228	-0.03106104	-0.74368604
6800384.00000000	-0.05157385	-0.02919281	-0.74351288
6795384.00000000	-0.14417307	-0.02604993	-0.73194843
6790384.00000000	-0.23479257	-0.02180719	-0.70878299
6785384.00000000	-0.32597690	-0.01608130	-0.67256763
6780384.00000000	-0.41161530	-0.00931955	-0.62501871
6775384.00000000	-0.48935239	-0.00250150	-0.56769016
6770384.00000000	-0.55777753	0.00373895	-0.50213504
6765384.00000000	-0.61439886	0.00877496	-0.43183536
6760384.00000000	-0.66050458	0.01287857	-0.35716144
6755384.00000000	-0.69623462	0.01593713	-0.27966785
6750384.00000000	-0.72196231	0.01863025	-0.20128769
6745384.00000000	-0.73895120	0.02143768	-0.11870447
6740384.00000000	-0.74630145	0.02437808	-0.03497446
6735384.00000000	-0.74345844	0.02805704	0.05177112
6730384.00000000	-0.72928149	0.03248517	0.14092603
6725384.00000000	-0.70344592	0.03692462	0.22977597
6720384.00000000	-0.66491229	0.04106882	0.31939954
6715384.00000000	-0.61590817	0.04443063	0.40387961
6710384.00000000	-0.55730109	0.04630713	0.48204593
6705384.00000000	-0.49072223	0.04612988	0.55153888
6700384.00000000	-0.42029196	0.04482031	0.60887958
6695384.00000000	-0.34483020	0.04266724	0.65657977
6690384.00000000	-0.26776648	0.04047983	0.69304437
6685384.00000000	-0.18796545	0.03813580	0.71996707
6680384.00000000	-0.10489929	0.03588034	0.73782895
6675384.00000000	-0.02143436	0.03340753	0.74596869
6670384.00000000	0.06667993	0.03027628	0.74399426
6665384.00000000	0.15531918	0.02597302	0.73091812
6660384.00000000	0.24465628	0.02074136	0.70551721
6655384.00000000	0.33349933	0.01493918	0.66715207
6650384.00000000	0.41651846	0.00968442	0.61784607
6645384.00000000	0.49341489	0.00480890	0.55858801
6640384.00000000	0.56063989	0.00019806	0.49208768
6635384.00000000	0.61659232	-0.00414880	0.42114029
6630384.00000000	0.66255188	-0.00801303	0.34515918
6625384.00000000	0.69746124	-0.01127707	0.26758215
6620384.00000000	0.72288602	-0.01432837	0.18762143
6615384.00000000	0.73893115	-0.01753168	0.10518771
6610384.00000000	0.74554617	-0.02099527	0.02187677
6605384.00000000	0.74198996	-0.02474747	-0.06588251
6600384.00000000	0.72729007	-0.02892291	-0.15350696
6595384.00000000	0.70074344	-0.03329913	-0.24200250
6590384.00000000	0.66194116	-0.03663333	-0.32959796
6585384.00000000	0.61297009	-0.03915143	-0.41146429
6580384.00000000	0.55378625	-0.04027414	-0.48744363
6575384.00000000	0.48783899	-0.04059500	-0.55362140
6570384.00000000	0.41641626	-0.03989383	-0.60954245
6565384.00000000	0.34013116	-0.03897754	-0.65568488
6560384.00000000	0.26312442	-0.03774918	-0.69100427
6555384.00000000	0.18216721	-0.03653476	-0.71785574
6550384.00000000	0.09972876	-0.03537302	-0.73546445
6545384.00000000	0.01478925	-0.03378073	-0.74400543
6540384.00000000	-0.07401633	-0.03170700	-0.74257239
6535384.00000000	-0.16298203	-0.02887122	-0.73037228
6530384.00000000	-0.25405252	-0.02503867	-0.70608878
6525384.00000000	-0.34305798	-0.02005872	-0.66988611
6520384.00000000	-0.42675427	-0.01447229	-0.62302133
6515384.00000000	-0.50354385	-0.00831372	-0.56608411
6510384.00000000	-0.56938879	-0.00261954	-0.50230533
6505384.00000000	-0.62469968	0.00273044	-0.43202759
6500384.00000000	-0.66919168	0.00694290	-0.35755878
6495384.00000000	-0.70276385	0.01068323	-0.28120987
6490384.00000000	-0.72746124	0.01371283	-0.20133621
6485384.00000000	-0.74300159	0.01734683	-0.12011407
6480384.00000000	-0.74942197	0.02108868	-0.03739520
6475384.00000000	-0.74593353	0.02599442	0.04834872
6470384.00000000	-0.73124042	0.03041452	0.13669125
6465384.00000000	-0.70388516	0.03512906	0.22778690
6460384.00000000	-0.66451361	0.03948584	0.31693338
6455384.00000000	-0.61423865	0.04254031	0.40171994
6450384.00000000	-0.55353387	0.04403711	0.48114468
6445384.00000000	-0.48665466	0.04432495	0.54978583
6440384.00000000	-0.41402203	0.04374011	0.60837012
6435384.00000000	-0.33826480	0.04236685	0.65558401
6430384.00000000	-0.26021594	0.04065530	0.69234320
6425384.00000000	-0.17782993	0.03938535	0.72001440
6420384.00000000	-0.09484244	0.03800696	0.73783121
6415384.00000000	-0.00802640	0.03627298	0.74618518
6410384.00000000	0.08179483	0.03411374	0.74386740
6405384.00000000	0.17193512	0.03082651	0.73014145
6400384.00000000	0.26418839	0.02659006	0.70331479
6395384.00000000	0.35252710	0.02108704	0.66479984
6390384.00000000	0.43594830	0.01526538	0.61484918
6385384.00000000	0.51158099	0.00959277	0.55523123
6380384.00000000	0.57562631	0.00430515	0.48971088
6375384.00000000	0.62933746	-0.00039310	0.41805466
6370384.00000000	0.67199860	-0.00417786	0.34251889
6365384.00000000	0.70356772	-0.00721515	0.26637430
6360384.00000000	0.72684644	-0.01009445	0.18432089
6355384.00000000	0.74010199	-0.01336154	0.10323151
6350384.00000000	0.74407419	-0.01717719	0.01798181
6345384.00000000	0.73747012	-0.02168900	-0.06984668
6340384.00000000	0.71993286	-0.02714227	-0.15846310
6335384.00000000	0.68936218	-0.03268887	-0.25104074
6330384.00000000	0.64884091	-0.03784875	-0.33791043
6325384.00000000	0.59721429	-0.04185767	-0.42196436
6320384.00000000	0.53665359	-0.04413791	-0.49864700
6315384.00000000	0.47075562	-0.04527753	-0.56424478
6310384.00000000	0.39817911	-0.04542999	-0.62043427
6305384.00000000	0.32392209	-0.04470764	-0.66453644
6300384.00000000	0.24649783	-0.04362985	-0.69875357
6295384.00000000	0.16524451	-0.04276160	-0.72387466
6290384.00000000	0.08369168	-0.04209103	-0.73899878
6285384.00000000	-0.00247162	-0.04133258	-0.74473367
6280384.00000000	-0.08964130	-0.04009549	-0.73974103
6275384.00000000	-0.18096460	-0.03749506	-0.72280795
6270384.00000000	-0.27257162	-0.03406812	-0.69302243
6265384.00000000	-0.36007596	-0.02939679	-0.65150415
6260384.00000000	-0.44393503	-0.02318411	-0.59785361
6255384.00000000	-0.51816708	-0.01672769	-0.53591199
6250384.00000000	-0.58189752	-0.01014633	-0.46761777
6245384.00000000	-0.63539404	-0.00421765	-0.39354605
6240384.00000000	-0.67734384	0.00066177	-0.31722342
6235384.00000000	-0.70977451	0.00528976	-0.23748999
6230384.00000000	-0.73265555	0.00904663	-0.15581744
6225384.00000000	-0.74635306	0.01359302	-0.07251239
6220384.00000000	-0.75065765	0.01839557	0.01512155
6215384.00000000	-0.74435333	0.02356094	0.10332590
6210384.00000000	-0.72636313	0.02933630	0.19323325
6205384.00000000	-0.69608749	0.03410913	0.28240680
6200384.00000000	-0.65437027	0.03897284	0.36769562
6195384.00000000	-0.60050494	0.04210037	0.44938379
6190384.00000000	-0.53860715	0.04324734	0.52123355
6185384.00000000	-0.46983685	0.04336691	0.58301706
6180384.00000000	-0.39565076	0.04325653	0.63450015
6175384.00000000	-0.32022375	0.04197192	0.67468707
6170384.00000000	-0.23969778	0.04081006	0.70674228
6165384.00000000	-0.15709579	0.04083774	0.72910709
6160384.00000000	-0.07280508	0.04088165	0.74232736
6155384.00000000	0.01684543	0.04064630	0.74592050
6150384.00000000	0.10650122	0.03974152	0.73875293
6145384.00000000	0.19992261	0.03738589	0.71957330
6140384.00000000	0.29157419	0.03341763	0.68836325
6135384.00000000	0.37911145	0.02818152	0.64611957
6130384.00000000	0.46205035	0.02177264	0.59251971
6125384.00000000	0.53349149	0.01593832	0.53246695
6120384.00000000	0.59518228	0.01070544	0.46511777
6115384.00000000	0.64579468	0.00644046	0.39337222
6110384.00000000	0.68528897	0.00317914	0.31909213
6105384.00000000	0.71583871	0.00005951	0.24035767
6100384.00000000	0.73633356	-0.00304575	0.16065454
6095384.00000000	0.74755420	-0.00638556	0.07768735
6090384.00000000	0.74858713	-0.01085553	-0.00942776
6085384.00000000	0.73826376	-0.01615802	-0.09645535
6080384.00000000	0.71526999	-0.02236096	-0.18710071
6075384.00000000	0.67987115	-0.02891663	-0.27675720
6070384.00000000	0.63290417	-0.03466336	-0.36359384
6065384.00000000	0.57518338	-0.03930225	-0.44596979
6060384.00000000	0.51187958	-0.04272379	-0.51780090
6055384.00000000	0.44120737	-0.04486469	-0.58139276
6050384.00000000	0.36737753	-0.04598312	-0.63352957
6045384.00000000	0.29167062	-0.04630087	-0.67467746
6040384.00000000	0.21254486	-0.04608896	-0.70639038
6035384.00000000	0.13290405	-0.04536478	-0.72823492
6030384.00000000	0.04933408	-0.04428018	-0.74073889
6025384.00000000	-0.03631158	-0.04257397	-0.74246149
6020384.00000000	-0.12262387	-0.03995288	-0.73268967
6015384.00000000	-0.21106793	-0.03636475	-0.71028284
6010384.00000000	-0.29716077	-0.03192548	-0.67570905
6005384.00000000	-0.38104047	-0.02704239	-0.62959476
6000384.00000000	-0.45950406	-0.02184189	-0.57401019
5995384.00000000	-0.52937616	-0.01654416	-0.51204413
5990384.00000000	-0.59137512	-0.01094470	-0.44310349
5985384.00000000	-0.64193311	-0.00579642	-0.37128946
5980384.00000000	-0.68280243	-0.00117978	-0.29599420
5975384.00000000	-0.71450848	0.00270309	-0.21719498
5970384.00000000	-0.73686752	0.00602118	-0.13713605
5965384.00000000	-0.75080344	0.00974533	-0.05256567
5960384.00000000	-0.75525339	0.01365253	0.03424173
5955384.00000000	-0.74950983	0.01803262	0.12404102
5950384.00000000	-0.73218607	0.02362253	0.21641513
5945384.00000000	-0.70309277	0.02961703	0.30696118
5940384.00000000	-0.66145737	0.03497687	0.39458163
5935384.00000000	-0.60895041	0.03910681	0.47441922
5930384.00000000	-0.54702594	0.04185983	0.54436166
5925384.00000000	-0.47709943	0.04332690	0.60376852
5920384.00000000	-0.40297699	0.04357010	0.65125223
5915384.00000000	-0.32463058	0.04316757	0.68848120
5910384.00000000	-0.24354361	0.04288013	0.71576901
5905384.00000000	-0.16090280	0.04270621	0.73285522
5900384.00000000	-0.07350739	0.04223788	0.74034625
5895384.00000000	0.01558609	0.04169803	0.73674200
5890384.00000000	0.10836279	0.04056433	0.72141193
5885384.00000000	0.20337973	0.03828171	0.69351910
5880384.00000000	0.29581110	0.03467197	0.65511502
5875384.00000000	0.38531497	0.02971439	0.60631030
5870384.00000000	0.46699225	0.02370001	0.54977875
5865384.00000000	0.53859091	0.01747305	0.48736020
5860384.00000000	0.60006659	0.01108801	0.41916071
5855384.00000000	0.64887988	0.00585892	0.34895483
5850384.00000000	0.68822375	0.00136359	0.27439362
5845384.00000000	0.71778778	-0.00251813	0.19707428
5840384.00000000	0.73797281	-0.00644983	0.11824673
5835384.00000000	0.74921158	-0.01066306	0.03481900
5830384.00000000	0.75026834	-0.01533350	-0.04910471
5825384.00000000	0.74000540	-0.02044263	-0.13706189
5820384.00000000	0.71783081	-0.02638745	-0.22483099
5815384.00000000	0.68365430	-0.03230768	-0.31073456
5810384.00000000	0.63702170	-0.03738654	-0.39462195
5805384.00000000	0.58130502	-0.04115689	-0.47027518
5800384.00000000	0.51633948	-0.04352017	-0.53856509
5795384.00000000	0.44515106	-0.04509903	-0.59665820
5790384.00000000	0.37129382	-0.04498187	-0.64357874
5785384.00000000	0.29247495	-0.04388794	-0.68164337
5780384.00000000	0.21368585	-0.04291153	-0.70962991
5775384.00000000	0.13144208	-0.04157196	-0.72941638
5770384.00000000	0.04575336	-0.03978848	-0.74007697
5765384.00000000	-0.04033978	-0.03766467	-0.74098029
5760384.00000000	-0.13067303	-0.03477228	-0.73119916
5755384.00000000	-0.22094669	-0.03141672	-0.71010486
5750384.00000000	-0.30986020	-0.02768448	-0.67761111
5745384.00000000	-0.39574298	-0.02372952	-0.63390756
5740384.00000000	-0.47274213	-0.01979428	-0.58195386
5735384.00000000	-0.54185562	-0.01577957	-0.52177338
5730384.00000000	-0.60038556	-0.01202002	-0.45566837
5725384.00000000	-0.64780176	-0.00852692	-0.38575436
5720384.00000000	-0.68632175	-0.00521335	-0.31078232
5715384.00000000	-0.71460553	-0.00205118	-0.23507925
5710384.00000000	-0.73473294	0.00140875	-0.15550229
5705384.00000000	-0.74613272	0.00542035	-0.07297498
5700384.00000000	-0.74813547	0.01030103	0.01162146
5695384.00000000	-0.73943564	0.01638629	0.10116428
5690384.00000000	-0.71951895	0.02274011	0.19007516
5685384.00000000	-0.68721906	0.02897626	0.28031085
5680384.00000000	-0.64297403	0.03391147	0.36810379
5675384.00000000	-0.58925455	0.03731549	0.44876715
5670384.00000000	-0.52567169	0.03906174	0.52270062
5665384.00000000	-0.45724570	0.03950574	0.58464639
5660384.00000000	-0.38430051	0.03926990	0.63608679
5655384.00000000	-0.30648547	0.03877417	0.67790662
5650384.00000000	-0.22793500	0.03828693	0.70916940
5645384.00000000	-0.14362747	0.03763580	0.73201877
5640384.00000000	-0.05785641	0.03697537	0.74468121
5635384.00000000	0.03204382	0.03568991	0.74721112
5630384.00000000	0.12719678	0.03387299	0.73758560
5625384.00000000	0.22056815	0.03145145	0.71565112
5620384.00000000	0.31351819	0.02838571	0.68070242
5615384.00000000	0.40126569	0.02500586	0.63412466
5610384.00000000	0.47953076	0.02140588	0.57906793
5605384.00000000	0.54902103	0.01757153	0.51519492
5600384.00000000	0.61002576	0.01452875	0.44201575
5595384.00000000	0.65763882	0.01092764	0.36666629
5590384.00000000	0.69403986	0.00754034	0.28991275
5585384.00000000	0.72045773	0.00432864	0.21239709
5580384.00000000	0.73847906	0.00083243	0.13023230
5575384.00000000	0.74672659	-0.00312595	0.04668649
5570384.00000000	0.74480774	-0.00791080	-0.04032867
5565384.00000000	0.73161713	-0.01346539	-0.13043091
5560384.00000000	0.70696902	-0.01948230	-0.22007315
5555384.00000000	0.67039804	-0.02535159	-0.30980249
5550384.00000000	0.62357315	-0.03046939	-0.39449649
5545384.00000000	0.56796738	-0.03447803	-0.47159225
5540384.00000000	0.50373499	-0.03695221	-0.54089960
5535384.00000000	0.43564484	-0.03801965	-0.59820905
5530384.00000000	0.36171860	-0.03828790	-0.64635626
5525384.00000000	0.28450821	-0.03809781	-0.68477322
5520384.00000000	0.20489731	-0.03796942	-0.71342154
5515384.00000000	0.12048141	-0.03788101	-0.73379868
5510384.00000000	0.03396094	-0.03777664	-0.74439328
5505384.00000000	-0.05823233	-0.03732443	-0.74509262
5500384.00000000	-0.15288925	-0.03619165	-0.73426270
5495384.00000000	-0.24679559	-0.03403470	-0.71169296
5490384.00000000	-0.34076340	-0.03051016	-0.67629276
5485384.00000000	-0.42752899	-0.02596460	-0.63059070
5480384.00000000	-0.50503604	-0.02092801	-0.57547650
5475384.00000000	-0.57194714	-0.01584955	-0.51238431
5470384.00000000	-0.62603494	-0.01137524	-0.44520779
5465384.00000000	-0.66990863	-0.00733453	-0.37245807
5460384.00000000	-0.70302048	-0.00378473	-0.29754935
5455384.00000000	-0.72656885	-0.00029843	-0.21978796
5450384.00000000	-0.74065695	0.00355084	-0.13665262
5445384.00000000	-0.74387491	0.00785291	-0.05326328
5440384.00000000	-0.73523099	0.01294925	0.03697540
5435384.00000000	-0.71357837	0.01831354	0.12921353
5430384.00000000	-0.67935220	0.02344827	0.22206995
5425384.00000000	-0.63212503	0.02779004	0.31617844
5420384.00000000	-0.57708295	0.03087662	0.40256757
5415384.00000000	-0.51377951	0.03291382	0.48268845
5410384.00000000	-0.44524106	0.03411899	0.55255588
5405384.00000000	-0.37372574	0.03463885	0.61047803
5400384.00000000	-0.29726877	0.03481952	0.65854056
5395384.00000000	-0.21981158	0.03496530	0.69539905
5390384.00000000	-0.13921814	0.03512051	0.72292682
5385384.00000000	-0.05428745	0.03525952	0.74131696
5380384.00000000	0.03111969	0.03507016	0.74910046
5375384.00000000	0.12063815	0.03438657	0.74603842
5370384.00000000	0.20926712	0.03291742	0.73121292
5365384.00000000	0.29724594	0.03052975	0.70401251
5360384.00000000	0.38369360	0.02710193	0.66415619
5355384.00000000	0.46102979	0.02323914	0.61538129
5350384.00000000	0.53132016	0.01909122	0.55728955
5345384.00000000	0.59159698	0.01479593	0.49256799
5340384.00000000	0.64073090	0.01092566	0.42408829
5335384.00000000	0.68141098	0.00745099	0.35007724
5330384.00000000	0.71189447	0.00418372	0.27579990
5325384.00000000	0.73465753	0.00083612	0.19665836
5320384.00000000	0.74867477	-0.00309290	0.11396075
5315384.00000000	0.75292444	-0.00754810	0.02934579
5310384.00000000	0.74642206	-0.01285300	-0.06169290
5305384.00000000	0.72839771	-0.01857083	-0.15261057
5300384.00000000	0.69818698	-0.02439981	-0.24552545
5295384.00000000	0.65624203	-0.02964984	-0.33708890
5290384.00000000	0.60598230	-0.03359247	-0.42055273
5285384.00000000	0.54630310	-0.03633057	-0.49764267
5280384.00000000	0.48153897	-0.03768723	-0.56288336
5275384.00000000	0.41116876	-0.03797919	-0.61788910
5270384.00000000	0.33649783	-0.03784262	-0.66243094
5265384.00000000	0.26002908	-0.03738431	-0.69631665
5260384.00000000	0.17758136	-0.03691464	-0.72185318
5255384.00000000	0.09319034	-0.03638330	-0.73724802
5250384.00000000	0.00356772	-0.03596420	-0.74264728
5245384.00000000	-0.08941278	-0.03493054	-0.73688065
5240384.00000000	-0.18495584	-0.03263818	-0.71905673
5235384.00000000	-0.27901508	-0.02995242	-0.68954062
5230384.00000000	-0.36851199	-0.02619455	-0.64959027
5225384.00000000	-0.45058649	-0.02176761	-0.60066528
5220384.00000000	-0.52442264	-0.01655743	-0.54242578
5215384.00000000	-0.58622522	-0.01146887	-0.47883475
5210384.00000000	-0.63744586	-0.00682074	-0.40973026
5205384.00000000	-0.67825867	-0.00291718	-0.33650690
5200384.00000000	-0.70872745	0.00045203	-0.26184003
5195384.00000000	-0.73090384	0.00350220	-0.18145517
5190384.00000000	-0.74328177	0.00648444	-0.09932278
5185384.00000000	-0.74563306	0.00972818	-0.01297180
5180384.00000000	-0.73652216	0.01323917	0.07787692
5175384.00000000	-0.71576025	0.01651288	0.16881403
5170384.00000000	-0.68214471	0.01971509	0.26297882
5165384.00000000	-0.63828036	0.02303400	0.35256976
5160384.00000000	-0.58499347	0.02560907	0.43624530
5155384.00000000	-0.52310446	0.02791736	0.51228210
5150384.00000000	-0.45709198	0.02954028	0.57539850
5145384.00000000	-0.38493652	0.03089008	0.62913522
5140384.00000000	-0.31038940	0.03135483	0.67172314
5135384.00000000	-0.23376709	0.03172571	0.70421884
5130384.00000000	-0.15209085	0.03200665	0.72836588
5125384.00000000	-0.06960034	0.03207410	0.74273727
5120384.00000000	0.01764063	0.03222559	0.74757010
5115384.00000000	0.10680258	0.03208658	0.74158109
5110384.00000000	0.19892618	0.03115018	0.72354330
5105384.00000000	0.29002661	0.02947519	0.69311682
5100384.00000000	0.37783243	0.02647366	0.65104620
5095384.00000000	0.46019043	0.02283475	0.59735345
5090384.00000000	0.53186603	0.01892044	0.53606433
5085384.00000000	0.59132892	0.01529581	0.47031122
5080384.00000000	0.64147635	0.01202374	0.39836365
5075384.00000000	0.68079602	0.00933749	0.32400070
5070384.00000000	0.71134384	0.00696576	0.24574268
5065384.00000000	0.73285919	0.00484613	0.16398010
5060384.00000000	0.74492725	0.00245837	0.07964087
5055384.00000000	0.74692874	-0.00057825	-0.01043008
5050384.00000000	0.73798404	-0.00448593	-0.10191745
5045384.00000000	0.71728314	-0.00884253	-0.19641742
5040384.00000000	0.68466455	-0.01330902	-0.29158344
5035384.00000000	0.64225504	-0.01777509	-0.38125842
5030384.00000000	0.58906573	-0.02135385	-0.46583716
5025384.00000000	0.52879922	-0.02417160	-0.53883292
5020384.00000000	0.46272433	-0.02521631	-0.59984650
5015384.00000000	0.39050137	-0.02604547	-0.65033041
5010384.00000000	0.31649393	-0.02651147	-0.68861020
5005384.00000000	0.23708963	-0.02689200	-0.71744183
5000384.00000000	0.15453152	-0.02729163	-0.73634262
4995384.00000000	0.06899649	-0.02774725	-0.74464511
4990384.00000000	-0.02313358	-0.02831506	-0.74129364
4985384.00000000	-0.11612296	-0.02853400	-0.72570120
4980384.00000000	-0.21226266	-0.02796417	-0.69705032
4975384.00000000	-0.30707062	-0.02651169	-0.65610339
4970384.00000000	-0.39477182	-0.02400006	-0.60652951
4965384.00000000	-0.47648682	-0.02049179	-0.54733664
4960384.00000000	-0.54561179	-0.01668857	-0.48362576
4955384.00000000	-0.60401834	-0.01312711	-0.41472589
4950384.00000000	-0.65166110	-0.00960217	-0.34165701
4945384.00000000	-0.68808328	-0.00628384	-0.26761584
4940384.00000000	-0.71559302	-0.00357156	-0.18950616
4935384.00000000	-0.73359097	-0.00095660	-0.10998166
4930384.00000000	-0.74214871	0.00164856	-0.02702972
4925384.00000000	-0.74025964	0.00514911	0.06032874
4920384.00000000	-0.72683948	0.00838144	0.14768777
4915384.00000000	-0.70094449	0.01179840	0.23692273
4910384.00000000	-0.66391098	0.01483075	0.32278098
4905384.00000000	-0.61621887	0.01702728	0.40461703
4900384.00000000	-0.55848483	0.01893811	0.48114240
4895384.00000000	-0.49561957	0.01999539	0.54647845
4890384.00000000	-0.42568158	0.02010812	0.60382584
4885384.00000000	-0.35297864	0.01973276	0.65067917
4880384.00000000	-0.27828299	0.01945859	0.68776990
4875384.00000000	-0.19862787	0.01911682	0.71684756
4870384.00000000	-0.11859280	0.01894250	0.73632733
4865384.00000000	-0.03274350	0.01893384	0.74680133
4860384.00000000	0.05591415	0.01898856	0.74659790
4855384.00000000	0.14620636	0.01885324	0.73483060
4850384.00000000	0.23894055	0.01874979	0.71060764
4845384.00000000	0.32819308	0.01791168	0.67503601
4840384.00000000	0.41271854	0.01624457	0.62861914
4835384.00000000	0.48975616	0.01385419	0.57274820
4830384.00000000	0.55544855	0.01157263	0.51080524
4825384.00000000	0.61172232	0.00921494	0.44217743
4820384.00000000	0.65698761	0.00719055	0.37046106
4815384.00000000	0.69260599	0.00524216	0.29589499
4810384.00000000	0.71986804	0.00337439	0.21664548
4805384.00000000	0.73766885	0.00174487	0.13555096
4800384.00000000	0.74621634	-0.00041312	0.04902936
4795384.00000000	0.74417709	-0.00308350	-0.03992377
4790384.00000000	0.73065771	-0.00614746	-0.13176569
4785384.00000000	0.70452933	-0.00898489	-0.22705756
4780384.00000000	0.66762515	-0.01169849	-0.31814703
4775384.00000000	0.61979083	-0.01452975	-0.40595273
4770384.00000000	0.56399323	-0.01618805	-0.48463092
4765384.00000000	0.50181055	-0.01732065	-0.55289786
4760384.00000000	0.43258459	-0.01800052	-0.61171994
4755384.00000000	0.36111731	-0.01835016	-0.65838837
4750384.00000000	0.28520792	-0.01890845	-0.69567026
4745384.00000000	0.20651312	-0.01998041	-0.72301474
4740384.00000000	0.12569952	-0.02122684	-0.74053513
4735384.00000000	0.03884827	-0.02241019	-0.74819000
4730384.00000000	-0.04900449	-0.02338098	-0.74456497
4725384.00000000	-0.14029590	-0.02351639	-0.72867267
4720384.00000000	-0.23311969	-0.02285110	-0.70042651
4715384.00000000	-0.32182700	-0.02104764	-0.66190900
4710384.00000000	-0.40813135	-0.01845770	-0.61229822
4705384.00000000	-0.48519473	-0.01554749	-0.55567041
4700384.00000000	-0.55256799	-0.01271671	-0.49277316
4695384.00000000	-0.61027701	-0.01018018	-0.42353806
4690384.00000000	-0.65618906	-0.00793552	-0.35212274
4685384.00000000	-0.69338504	-0.00601889	-0.27566940
4680384.00000000	-0.72092111	-0.00438986	-0.19667572
4675384.00000000	-0.73928217	-0.00278580	-0.11425772
4670384.00000000	-0.74802280	-0.00083047	-0.02562436
4665384.00000000	-0.74556680	0.00152850	0.06443729
4660384.00000000	-0.73090369	0.00464240	0.15859119
4655384.00000000	-0.70340292	0.00777283	0.25280725
4650384.00000000	-0.66454901	0.01085919	0.34284341
4645384.00000000	-0.61363449	0.01364810	0.42910910
4640384.00000000	-0.55532553	0.01585739	0.50385547
4635384.00000000	-0.48822885	0.01765857	0.56986038
4630384.00000000	-0.41650314	0.01887589	0.62412680
4625384.00000000	-0.34201328	0.01964288	0.66748389
4620384.00000000	-0.26185831	0.02021906	0.70207678
4615384.00000000	-0.18006082	0.02046875	0.72658047
4610384.00000000	-0.09404083	0.02135022	0.74159354
4605384.00000000	-0.00360196	0.02220721	0.74620148
4600384.00000000	0.08816644	0.02292218	0.73959518
4595384.00000000	0.18393359	0.02320779	0.72034113
4590384.00000000	0.27678619	0.02277179	0.68956024
4585384.00000000	0.36631427	0.02111624	0.64778156
4580384.00000000	0.44946149	0.01856699	0.59604205
4575384.00000000	0.52103494	0.01567252	0.53789090
4570384.00000000	0.58283035	0.01255301	0.47262347
4565384.00000000	0.63286600	0.00950949	0.40378006
4560384.00000000	0.67262335	0.00694739	0.33210028
4555384.00000000	0.70401721	0.00478311	0.25507190
4550384.00000000	0.72598907	0.00274988	0.17600922
4545384.00000000	0.73925586	0.00071490	0.09252304
4540384.00000000	0.74265768	-0.00163004	0.00484470
4535384.00000000	0.73526581	-0.00391080	-0.08458066
4530384.00000000	0.71618332	-0.00666611	-0.17754324
4525384.00000000	0.68597156	-0.00911520	-0.26842377
4520384.00000000	0.64426663	-0.01104349	-0.35828116
4515384.00000000	0.59291992	-0.01311337	-0.44144028
4510384.00000000	0.53572980	-0.01491895	-0.51295782
4505384.00000000	0.46993683	-0.01584839	-0.57665042
4500384.00000000	0.40081516	-0.01625995	-0.62858832
4495384.00000000	0.32765298	-0.01645166	-0.67089722
4490384.00000000	0.24964188	-0.01680835	-0.70438855
4485384.00000000	0.17043344	-0.01741122	-0.72794141
4480384.00000000	0.08516391	-0.01809274	-0.74270938
4475384.00000000	-0.00298117	-0.01892450	-0.74661633
4470384.00000000	-0.09491104	-0.01954239	-0.73914514
4465384.00000000	-0.19006396	-0.01983578	-0.71896756
4460384.00000000	-0.28239047	-0.01907703	-0.68705008
4455384.00000000	-0.37295163	-0.01741147	-0.64319281
4450384.00000000	-0.45494971	-0.01506433	-0.59063495
4445384.00000000	-0.52690451	-0.01229077	-0.53123206
4440384.00000000	-0.58949780	-0.00970865	-0.46461334
4435384.00000000	-0.63992014	-0.00771558	-0.39576013
4430384.00000000	-0.68111780	-0.00594638	-0.32199179
4425384.00000000	-0.71288733	-0.00437854	-0.24457373
4420384.00000000	-0.73491025	-0.00272327	-0.16510382
4415384.00000000	-0.74754587	-0.00078595	-0.07967712
4410384.00000000	-0.74919650	0.00144788	0.00771683
4405384.00000000	-0.73914890	0.00387393	0.09913959
4400384.00000000	-0.71645206	0.00646405	0.19363608
4395384.00000000	-0.68268024	0.00877222	0.28551166
4390384.00000000	-0.63706067	0.01078314	0.37651382
4385384.00000000	-0.58346228	0.01273328	0.45845792
4380384.00000000	-0.52308997	0.01444424	0.53000098
4375384.00000000	-0.45595767	0.01566608	0.59160345
4370384.00000000	-0.38637967	0.01647562	0.64088403
4365384.00000000	-0.31184955	0.01704034	0.68102109
4360384.00000000	-0.23495779	0.01754178	0.71107620
4355384.00000000	-0.15592691	0.01785507	0.73198648
4350384.00000000	-0.07074768	0.01795938	0.74377917
4345384.00000000	0.01534329	0.01788693	0.74509409
4340384.00000000	0.10490622	0.01735349	0.73459421
4335384.00000000	0.19583514	0.01624658	0.71191159
4330384.00000000	0.28356320	0.01462521	0.67823373
4325384.00000000	0.37040140	0.01260852	0.63272836
4320384.00000000	0.44811044	0.01061545	0.58023911
4315384.00000000	0.51770062	0.00882486	0.52084137
4310384.00000000	0.57906628	0.00731293	0.45464462
4305384.00000000	0.62817697	0.00627307	0.38734100
4300384.00000000	0.66914728	0.00566971	0.31540015
4295384.00000000	0.70103110	0.00524319	0.24088330
4290384.00000000	0.72442856	0.00475641	0.16334021
4285384.00000000	0.73906381	0.00403967	0.08035721
4280384.00000000	0.74339221	0.00315457	-0.00425751
4275384.00000000	0.73645349	0.00189615	-0.09375064
4270384.00000000	0.71729565	-0.00005710	-0.18464005
4265384.00000000	0.68608475	-0.00233539	-0.27483383
4260384.00000000	0.64297641	-0.00514435	-0.36291440
4255384.00000000	0.59072745	-0.00756244	-0.44340176
4250384.00000000	0.52942212	-0.00963174	-0.51656528
4245384.00000000	0.46212567	-0.01113303	-0.57891510
4240384.00000000	0.39143948	-0.01211224	-0.62993762
4235384.00000000	0.31546698	-0.01272849	-0.67212506
4230384.00000000	0.23776578	-0.01325772	-0.70422101
4225384.00000000	0.15564581	-0.01368149	-0.72763797
4220384.00000000	0.06963620	-0.01415631	-0.74131281
4215384.00000000	-0.01877429	-0.01457651	-0.74452322
4210384.00000000	-0.11088489	-0.01500290	-0.73592346
4205384.00000000	-0.20339395	-0.01510696	-0.71530234
4200384.00000000	-0.29485898	-0.01479288	-0.68263574
4195384.00000000	-0.38282559	-0.01414185	-0.63890399
4190384.00000000	-0.46232779	-0.01329428	-0.58678961
4185384.00000000	-0.53361234	-0.01278964	-0.52663104
4180384.00000000	-0.59365781	-0.01167590	-0.46168466
4175384.00000000	-0.64325696	-0.01081232	-0.39290143
4170384.00000000	-0.68421295	-0.01003793	-0.31921982
4165384.00000000	-0.71504102	-0.00950729	-0.24469504
4160384.00000000	-0.73746112	-0.00895398	-0.16582623
4155384.00000000	-0.75064606	-0.00806393	-0.08295483
4150384.00000000	-0.75344711	-0.00648431	0.00183337
4145384.00000000	-0.74480966	-0.00374402	0.09154349
4140384.00000000	-0.72428647	0.00002295	0.18121326
4135384.00000000	-0.69163611	0.00443552	0.27131601
4130384.00000000	-0.64803085	0.00882193	0.35793771
4125384.00000000	-0.59577155	0.01310349	0.43713339
4120384.00000000	-0.53447388	0.01589664	0.50959882
4115384.00000000	-0.46808240	0.01735092	0.57130853
4110384.00000000	-0.39685226	0.01815585	0.62355197
4105384.00000000	-0.32103851	0.01797852	0.66684674
4100384.00000000	-0.24287051	0.01791986	0.70085934
4095384.00000000	-0.15995340	0.01786960	0.72660864
4090384.00000000	-0.07352933	0.01769049	0.74296826
4085384.00000000	0.01676303	0.01745160	0.74926456
4080384.00000000	0.11042599	0.01737320	0.74417908
4075384.00000000	0.20508945	0.01711588	0.72694656
4070384.00000000	0.29921826	0.01643808	0.69708844
4065384.00000000	0.38788461	0.01511435	0.65569385
4060384.00000000	0.46812378	0.01286649	0.60429306
4055384.00000000	0.53822211	0.01070169	0.54449554
4050384.00000000	0.59734558	0.00831744	0.47815656
4045384.00000000	0.64615720	0.00621915	0.40666388
4040384.00000000	0.68516095	0.00438467	0.33106119
4035384.00000000	0.71477451	0.00277737	0.25256653
4030384.00000000	0.73592087	0.00118173	0.16781775
4025384.00000000	0.74718054	-0.00044571	0.07949368
4020384.00000000	0.74787534	-0.00219769	-0.01455768
4015384.00000000	0.73698553	-0.00425247	-0.11255496
4010384.00000000	0.71467282	-0.00617242	-0.21078235
4005384.00000000	0.68046271	-0.00784116	-0.30888794
4000384.00000000	0.63627585	-0.00899078	-0.40009940
3995384.00000000	0.58351010	-0.00966037	-0.48165002
3990384.00000000	0.52186011	-0.00973141	-0.55368011
3985384.00000000	0.45645825	-0.00973679	-0.61197125
3980384.00000000	0.38526636	-0.00979559	-0.66037515
3975384.00000000	0.31114059	-0.01008215	-0.69837399
3970384.00000000	0.23248380	-0.01067346	-0.72716617
3965384.00000000	0.14971146	-0.01168677	-0.74628046
3960384.00000000	0.06349976	-0.01301205	-0.75484494
3955384.00000000	-0.02725055	-0.01455911	-0.75171890
3950384.00000000	-0.12083917	-0.01591867	-0.73586801
3945384.00000000	-0.21483636	-0.01665085	-0.70737320
3940384.00000000	-0.30695499	-0.01660123	-0.66655499
3935384.00000000	-0.39188116	-0.01577802	-0.61621225
3930384.00000000	-0.47071887	-0.01367407	-0.55582184
3925384.00000000	-0.53887827	-0.01151273	-0.48919977
3920384.00000000	-0.59605917	-0.00927200	-0.41847336
3915384.00000000	-0.64454117	-0.00701144	-0.34244052
3910384.00000000	-0.68351852	-0.00499573	-0.26367905
3905384.00000000	-0.71404318	-0.00301938	-0.18036536
3900384.00000000	-0.73572491	-0.00104132	-0.09265167
3895384.00000000	-0.74752072	0.00094437	-0.00200494
3890384.00000000	-0.74852948	0.00289957	0.09459073
3885384.00000000	-0.73717099	0.00461578	0.19236581
3880384.00000000	-0.71298001	0.00590878	0.28953305
3875384.00000000	-0.67651083	0.00701108	0.38262347
3870384.00000000	-0.62948813	0.00778641	0.46687976
3865384.00000000	-0.57228058	0.00817746	0.54219409
3860384.00000000	-0.50827771	0.00831207	0.60502603
3855384.00000000	-0.44032880	0.00885727	0.65535223
3850384.00000000	-0.36658087	0.00910822	0.69634021
3845384.00000000	-0.29192493	0.00963074	0.72628888
3840384.00000000	-0.21244397	0.01003079	0.74758334
3835384.00000000	-0.12950186	0.01023828	0.75908145
3830384.00000000	-0.04284067	0.01045685	0.76001437
3825384.00000000	0.04847488	0.01052417	0.74901978
3820384.00000000	0.13998105	0.01030145	0.72641846
3815384.00000000	0.23271960	0.00982407	0.69241428
3810384.00000000	0.32296805	0.00907254	0.64908423
3805384.00000000	0.40745261	0.00835391	0.59855017
3800384.00000000	0.48538367	0.00773465	0.54090024
3795384.00000000	0.55180325	0.00748294	0.47968942
3790384.00000000	0.60902716	0.00735687	0.41326303
3785384.00000000	0.65612515	0.00723862	0.34304691
3780384.00000000	0.69323749	0.00719678	0.27060480
3775384.00000000	0.72200406	0.00711514	0.19328723
3770384.00000000	0.74136697	0.00674734	0.11333969
3765384.00000000	0.75119345	0.00576404	0.02834763
3760384.00000000	0.74997101	0.00385022	-0.06132745
3755384.00000000	0.73663687	0.00131717	-0.15309122
3750384.00000000	0.71042038	-0.00185413	-0.24689081
3745384.00000000	0.67218378	-0.00471158	-0.33751355
3740384.00000000	0.62263092	-0.00699387	-0.42247141
3735384.00000000	0.56347708	-0.00811523	-0.49899612
3730384.00000000	0.49811279	-0.00837820	-0.56378598
3725384.00000000	0.42693381	-0.00775952	-0.61814850
3720384.00000000	0.35228577	-0.00678888	-0.66216809
3715384.00000000	0.27401526	-0.00560480	-0.69662769
3710384.00000000	0.19084882	-0.00450220	-0.72242719
3705384.00000000	0.10456967	-0.00369275	-0.73837512
3700384.00000000	0.01274371	-0.00308737	-0.74397717
3695384.00000000	-0.08260168	-0.00309329	-0.73772733
3690384.00000000	-0.17900555	-0.00382513	-0.71864209
3685384.00000000	-0.27571841	-0.00497031	-0.68677499
3680384.00000000	-0.36705908	-0.00613498	-0.64376282
3675384.00000000	-0.45145062	-0.00718817	-0.59081143
3670384.00000000	-0.52673840	-0.00760815	-0.52944330
3665384.00000000	-0.58935251	-0.00765259	-0.46397778
3660384.00000000	-0.64209946	-0.00760437	-0.39345746
3655384.00000000	-0.68406921	-0.00755417	-0.32113467
3650384.00000000	-0.71726492	-0.00739966	-0.24524265
3645384.00000000	-0.74172845	-0.00709869	-0.16598059
3640384.00000000	-0.75677209	-0.00638678	-0.08408292
3635384.00000000	-0.76176187	-0.00529291	0.00171219
3630384.00000000	-0.75567059	-0.00344730	0.08943845
3625384.00000000	-0.73790097	-0.00083514	0.17860968
3620384.00000000	-0.70791144	0.00175040	0.26864792
3615384.00000000	-0.66753766	0.00406241	0.35394592
3610384.00000000	-0.61629184	0.00541934	0.43502155
3605384.00000000	-0.55644672	0.00598712	0.50767844
3600384.00000000	-0.49020468	0.00552200	0.57030466
3595384.00000000	-0.41848019	0.00487109	0.62323050
3590384.00000000	-0.34328625	0.00394171	0.66634927
3585384.00000000	-0.26341739	0.00318588	0.70116068
3580384.00000000	-0.17955933	0.00252292	0.72737549
3575384.00000000	-0.09218549	0.00232050	0.74440796
3570384.00000000	0.00058472	0.00283984	0.75167917
3565384.00000000	0.09490976	0.00363986	0.74765201
3560384.00000000	0.19017599	0.00488089	0.73130292
3555384.00000000	0.28419019	0.00646838	0.70198337
3550384.00000000	0.37162106	0.00791098	0.66141394
3545384.00000000	0.45230505	0.00909048	0.60963937
3540384.00000000	0.52187021	0.00984402	0.55000653
3535384.00000000	0.58076572	0.01001038	0.48425360
3530384.00000000	0.63002393	0.01000739	0.41282629
3525384.00000000	0.66865884	0.01005945	0.33962924
3520384.00000000	0.69935596	0.00999475	0.26107639
3515384.00000000	0.72089914	0.00955072	0.17984088
3510384.00000000	0.73328357	0.00890207	0.09440305
3505384.00000000	0.73559265	0.00752179	0.00354764
3500384.00000000	0.72676245	0.00603012	-0.09000345
3495384.00000000	0.70685895	0.00384854	-0.18490186
3490384.00000000	0.67595493	0.00165283	-0.27938760
3485384.00000000	0.63604526	-0.00098001	-0.36786581
3480384.00000000	0.58627454	-0.00354657	-0.45051584
3475384.00000000	0.52944315	-0.00580829	-0.52223471
3470384.00000000	0.46558429	-0.00768170	-0.58364633
3465384.00000000	0.39597092	-0.00876010	-0.63495990
3460384.00000000	0.32409552	-0.00962863	-0.67518863
3455384.00000000	0.24645032	-0.01017075	-0.70702408
3450384.00000000	0.16527228	-0.01052951	-0.72947888
3445384.00000000	0.07972638	-0.01063605	-0.74229544
3440384.00000000	-0.01122946	-0.01045047	-0.74435742
3435384.00000000	-0.10371075	-0.01022849	-0.73507733
3430384.00000000	-0.19953046	-0.00993805	-0.71362790
3425384.00000000	-0.29286926	-0.00929196	-0.68086407
3420384.00000000	-0.38085785	-0.00831790	-0.63816360
3415384.00000000	-0.46167395	-0.00712280	-0.58591156
3410384.00000000	-0.53137289	-0.00598825	-0.52712488
3405384.00000000	-0.59097687	-0.00481967	-0.46170099
3400384.00000000	-0.63976303	-0.00393921	-0.39221411
3395384.00000000	-0.67897354	-0.00299368	-0.31868649
3390384.00000000	-0.70964191	-0.00225674	-0.24032880
3385384.00000000	-0.73124078	-0.00130322	-0.15856067
3380384.00000000	-0.74360052	-0.00026959	-0.07193271
3375384.00000000	-0.74568784	0.00097659	0.01914301
3370384.00000000	-0.73643668	0.00267316	0.11284058
3365384.00000000	-0.71522440	0.00415521	0.20909711
3360384.00000000	-0.68236795	0.00581821	0.30298547
3355384.00000000	-0.63882416	0.00685156	0.39120071
3350384.00000000	-0.58514285	0.00800632	0.47178809
3345384.00000000	-0.52430029	0.00876718	0.54097769
3340384.00000000	-0.45674426	0.00903644	0.59976578
3335384.00000000	-0.38507773	0.00921024	0.64748611
3330384.00000000	-0.30998077	0.00926260	0.68526901
3325384.00000000	-0.22910568	0.00927127	0.71436142
3320384.00000000	-0.14582431	0.00956381	0.73329858
3315384.00000000	-0.05719873	0.01002252	0.74226709
3310384.00000000	0.03502805	0.01060345	0.74009811
3305384.00000000	0.13025510	0.01113824	0.72612964
3300384.00000000	0.22700076	0.01140076	0.69980811
3295384.00000000	0.31962726	0.01104840	0.66321957
3290384.00000000	0.40696265	0.00996219	0.61682898
3285384.00000000	0.48532910	0.00830756	0.56245267
3280384.00000000	0.55261569	0.00659167	0.50197501
3275384.00000000	0.60949783	0.00501578	0.43565787
3270384.00000000	0.65556839	0.00389078	0.36603052
3265384.00000000	0.69241354	0.00301498	0.29226105
3260384.00000000	0.72041431	0.00231580	0.21463324
3255384.00000000	0.73933096	0.00162280	0.13325043
3250384.00000000	0.74846423	0.00083203	0.04755927
3245384.00000000	0.74670605	-0.00020285	-0.04214352
3240384.00000000	0.73311499	-0.00158633	-0.13432666
3235384.00000000	0.70722308	-0.00330969	-0.22798074
3230384.00000000	0.67022067	-0.00527206	-0.31833478
3225384.00000000	0.62240106	-0.00709509	-0.40446854
3220384.00000000	0.56658099	-0.00878781	-0.48106631
3215384.00000000	0.50421750	-0.01013760	-0.54749597
3210384.00000000	0.43662930	-0.01132254	-0.60356024
3205384.00000000	0.36528171	-0.01220300	-0.64928671
3200384.00000000	0.29015131	-0.01312894	-0.68564902
3195384.00000000	0.21161630	-0.01428458	-0.71267667
3190384.00000000	0.12997537	-0.01582980	-0.72991965
3185384.00000000	0.04462958	-0.01784525	-0.73669263
3180384.00000000	-0.04227020	-0.02005487	-0.73163773
3175384.00000000	-0.12966263	-0.02135229	-0.71424005
3170384.00000000	-0.21554672	-0.02161606	-0.68489343
3165384.00000000	-0.29599161	-0.02019113	-0.64577264
3160384.00000000	-0.37090182	-0.01748425	-0.59789908
3155384.00000000	-0.43743524	-0.01391727	-0.54389313
3150384.00000000	-0.49581253	-0.01003305	-0.48461273
3145384.00000000	-0.54621255	-0.00609128	-0.42063736
3140384.00000000	-0.58789749	-0.00243442	-0.35389539
3135384.00000000	-0.62215884	0.00112866	-0.28348288
3130384.00000000	-0.64875668	0.00451230	-0.20960443
3125384.00000000	-0.66728806	0.00770343	-0.13272733
3120384.00000000	-0.67725262	0.01088370	-0.05186682
3115384.00000000	-0.67751682	0.01373990	0.03077249
3110384.00000000	-0.66724866	0.01633545	0.11566354
3105384.00000000	-0.64623029	0.01794696	0.19945099
3100384.00000000	-0.61450912	0.01871872	0.28066220
3095384.00000000	-0.57301367	0.01872992	0.35650757
3090384.00000000	-0.52356100	0.01802081	0.42502686
3085384.00000000	-0.46677560	0.01689145	0.48617352
3080384.00000000	-0.40445639	0.01574677	0.53909146
3075384.00000000	-0.33785406	0.01502713	0.58375372
3070384.00000000	-0.26660046	0.01498685	0.62106155
3065384.00000000	-0.19126785	0.01593478	0.65121732
3060384.00000000	-0.11071030	0.01812650	0.67429187
3055384.00000000	-0.02467700	0.02179199	0.68975479
3050384.00000000	0.06641492	0.02729413	0.69707834
3045384.00000000	0.16419357	0.03432819	0.69585193
3040384.00000000	0.26640417	0.04146243	0.68475690
3035384.00000000	0.36898749	0.04668402	0.66299564
3030384.00000000	0.46659702	0.04842853	0.62969849
3025384.00000000	0.55330026	0.04678973	0.58524326
3020384.00000000	0.62608005	0.04314716	0.53081656
3015384.00000000	0.68541525	0.03873160	0.46814395
3010384.00000000	0.73196912	0.03396552	0.39973544
3005384.00000000	0.76784952	0.02853598	0.32497485
3000384.00000000	0.79224347	0.02206625	0.24583771
2995384.00000000	0.80451791	0.01372028	0.16127881
2990384.00000000	0.80236154	0.00308240	0.07282318
2985384.00000000	0.78349640	-0.00890964	-0.01989505
2980384.00000000	0.74683615	-0.02061218	-0.11436835
2975384.00000000	0.69557190	-0.02902832	-0.20617850
2970384.00000000	0.63437363	-0.03353720	-0.29196930
2965384.00000000	0.56773648	-0.03442068	-0.36968097
2960384.00000000	0.49873862	-0.03300235	-0.43779535
2955384.00000000	0.42833517	-0.03077487	-0.49608585
2950384.00000000	0.35702829	-0.02810257	-0.54503033
2945384.00000000	0.28394406	-0.02562265	-0.58542062
2940384.00000000	0.20947934	-0.02348526	-0.61750555
2935384.00000000	0.13285941	-0.02180121	-0.64139011
2930384.00000000	0.05352728	-0.02043466	-0.65680789
2925384.00000000	-0.02778183	-0.01924014	-0.66291116
2920384.00000000	-0.10982553	-0.01822507	-0.65889981
2915384.00000000	-0.19130344	-0.01750452	-0.64400159
2910384.00000000	-0.27007175	-0.01684628	-0.61866827
2905384.00000000	-0.34500479	-0.01615186	-0.58267532
2900384.00000000	-0.41320142	-0.01572879	-0.53804181
2895384.00000000	-0.47391541	-0.01531549	-0.48626318
2890384.00000000	-0.52850604	-0.01459866	-0.42715833
2885384.00000000	-0.57468158	-0.01383954	-0.36430136
2880384.00000000	-0.61407736	-0.01299216	-0.29681503
2875384.00000000	-0.64658038	-0.01211923	-0.22555331
2870384.00000000	-0.67190451	-0.01112949	-0.15128903
2865384.00000000	-0.69017795	-0.00984467	-0.07185406
2860384.00000000	-0.70001331	-0.00807773	0.01055270
2855384.00000000	-0.70046576	-0.00575873	0.09675778
2850384.00000000	-0.69029160	-0.00278775	0.18483609
2845384.00000000	-0.66871753	0.00078180	0.27236545
2840384.00000000	-0.63521643	0.00473761	0.35774545
2835384.00000000	-0.59057654	0.00881509	0.43732855
2830384.00000000	-0.53582019	0.01270218	0.50949039
2825384.00000000	-0.47278152	0.01649652	0.57268884
2820384.00000000	-0.40451895	0.01990482	0.62564066
2815384.00000000	-0.33052933	0.02306070	0.66992230
2810384.00000000	-0.25254465	0.02576627	0.70485446
2805384.00000000	-0.17029587	0.02821161	0.73062189
2800384.00000000	-0.08188235	0.02999881	0.74683887
2795384.00000000	0.00874966	0.03108356	0.75155310
2790384.00000000	0.10435971	0.03054980	0.74378357
2785384.00000000	0.19932382	0.02880804	0.72294986
2780384.00000000	0.29146838	0.02532166	0.68985184
2775384.00000000	0.37956955	0.02037448	0.64516666
2770384.00000000	0.45760172	0.01462903	0.59244540
2765384.00000000	0.52701706	0.00864886	0.53225317
2760384.00000000	0.58610672	0.00312109	0.46706885
2755384.00000000	0.63489594	-0.00198520	0.39855536
2750384.00000000	0.67564603	-0.00641797	0.32530276
2745384.00000000	0.70733887	-0.01021216	0.24964951
2740384.00000000	0.73095633	-0.01383844	0.16964801
2735384.00000000	0.74524237	-0.01717953	0.08505923
2730384.00000000	0.74887747	-0.02008157	-0.00232990
2725384.00000000	0.74077429	-0.02222543	-0.09461978
2720384.00000000	0.72035376	-0.02299741	-0.18771542
2715384.00000000	0.68800247	-0.02255890	-0.28001245
2710384.00000000	0.64452005	-0.02126611	-0.36892450
2705384.00000000	0.59207672	-0.01995886	-0.44992227
2700384.00000000	0.53169131	-0.01872214	-0.52215579
2695384.00000000	0.46595798	-0.01794711	-0.58335968
2690384.00000000	0.39607761	-0.01749478	-0.63433893
2685384.00000000	0.32092953	-0.01713150	-0.67661298
2680384.00000000	0.24354248	-0.01728741	-0.70852087
2675384.00000000	0.16128818	-0.01754190	-0.73122919
2670384.00000000	0.07522772	-0.01792801	-0.74354428
2665384.00000000	-0.01478223	-0.01825180	-0.74408621
2660384.00000000	-0.10880737	-0.01854636	-0.73185437
2655384.00000000	-0.20244113	-0.01829865	-0.70682428
2650384.00000000	-0.29738806	-0.01791953	-0.66864655
2645384.00000000	-0.38545825	-0.01651849	-0.62071509
2640384.00000000	-0.46423730	-0.01445233	-0.56579163
2635384.00000000	-0.53422842	-0.01210687	-0.50399359
2630384.00000000	-0.59298669	-0.01008038	-0.43840927
2625384.00000000	-0.64218750	-0.00832288	-0.36914154
2620384.00000000	-0.68300623	-0.00675812	-0.29522440
2615384.00000000	-0.71466931	-0.00549545	-0.21908423
2610384.00000000	-0.73801517	-0.00435196	-0.13805249
2605384.00000000	-0.75185229	-0.00311844	-0.05345993
2600384.00000000	-0.75517914	-0.00157483	0.03435602
2595384.00000000	-0.74685089	0.00065170	0.12711993
2590384.00000000	-0.72659488	0.00343912	0.21939194
2585384.00000000	-0.69400018	0.00698218	0.31138443
2580384.00000000	-0.65046204	0.01067340	0.39829230
2575384.00000000	-0.59836456	0.01378842	0.47598514
2570384.00000000	-0.53758719	0.01637933	0.54522189
2565384.00000000	-0.47217169	0.01815527	0.60255740
2560384.00000000	-0.40176608	0.01973917	0.64986932
2555384.00000000	-0.32726309	0.02134344	0.68747128
2550384.00000000	-0.24954825	0.02339764	0.71527045
2545384.00000000	-0.16622644	0.02595209	0.73378168
2540384.00000000	-0.07993146	0.02892041	0.74117502
2535384.00000000	0.01128860	0.03190817	0.73674146
2530384.00000000	0.10578436	0.03437991	0.71953641
2525384.00000000	0.19987430	0.03568610	0.69040652
2520384.00000000	0.29360175	0.03522672	0.64990070
2515384.00000000	0.38142749	0.03303342	0.60111411
2510384.00000000	0.46144290	0.02903430	0.54510449
2505384.00000000	0.53282336	0.02409445	0.48235434
2500384.00000000	0.59248312	0.01892172	0.41629724
2495384.00000000	0.64287189	0.01389453	0.34590408
2490384.00000000	0.68398743	0.00914188	0.27159567
2485384.00000000	0.71611627	0.00468820	0.19432187
2480384.00000000	0.73969653	0.00009738	0.11199634
2475384.00000000	0.75317667	-0.00453351	0.02724637
2470384.00000000	0.75580945	-0.00948483	-0.06244415
2465384.00000000	0.74607858	-0.01451132	-0.15452499
2460384.00000000	0.72355386	-0.01886938	-0.24565390
2455384.00000000	0.68785812	-0.02225357	-0.33577444
2450384.00000000	0.64148297	-0.02436432	-0.41784647
2445384.00000000	0.58529291	-0.02570587	-0.49196552
2440384.00000000	0.52128561	-0.02627545	-0.55685303
2435384.00000000	0.45282407	-0.02619394	-0.61092676
2430384.00000000	0.37893472	-0.02610461	-0.65663852
2425384.00000000	0.30157025	-0.02581668	-0.69316064
2420384.00000000	0.21993149	-0.02574777	-0.72118741
2415384.00000000	0.13481546	-0.02654575	-0.73991354
2410384.00000000	0.04424533	-0.02723029	-0.74883344
2405384.00000000	-0.05072693	-0.02787750	-0.74670444
2400384.00000000	-0.14689096	-0.02846402	-0.73272256
2395384.00000000	-0.24314520	-0.02794107	-0.70721478
2390384.00000000	-0.33592679	-0.02658203	-0.67036365
2385384.00000000	-0.42100864	-0.02418207	-0.62389719
2380384.00000000	-0.49652161	-0.02203055	-0.56911246
2375384.00000000	-0.56136197	-0.02003302	-0.50785757
2370384.00000000	-0.61589288	-0.01827545	-0.44134555
2365384.00000000	-0.66161154	-0.01672971	-0.36928946
2360384.00000000	-0.69799802	-0.01539706	-0.29351709
2355384.00000000	-0.72574243	-0.01378732	-0.21409933
2350384.00000000	-0.74503009	-0.01166321	-0.12859039
2345384.00000000	-0.75436029	-0.00870468	-0.03866574
2340384.00000000	-0.75272116	-0.00464294	0.05584442
2335384.00000000	-0.73927100	0.00020029	0.15275241
2330384.00000000	-0.71404111	0.00563290	0.24864749
2325384.00000000	-0.67727234	0.01097693	0.34137958
2320384.00000000	-0.63054956	0.01571475	0.42624075
2315384.00000000	-0.57497998	0.01939587	0.50157458
2310384.00000000	-0.51294397	0.02188641	0.56569617
2305384.00000000	-0.44592584	0.02371750	0.61919943
2300384.00000000	-0.37427893	0.02517343	0.66305219
2295384.00000000	-0.29914441	0.02670795	0.69729346
2290384.00000000	-0.21990897	0.02834155	0.72233469
2285384.00000000	-0.13556946	0.03019647	0.73754367
2280384.00000000	-0.04729660	0.03183844	0.74186020
2275384.00000000	0.04703696	0.03294012	0.73443741
2270384.00000000	0.14292834	0.03303320	0.71522449
2265384.00000000	0.23998984	0.03202271	0.68479077
2260384.00000000	0.33388901	0.02989044	0.64481540
2255384.00000000	0.42005508	0.02704733	0.59711649
2250384.00000000	0.49762146	0.02368661	0.54224228
2245384.00000000	0.56403824	0.02043304	0.48195511
2240384.00000000	0.61975806	0.01751535	0.41710837
2235384.00000000	0.66583170	0.01482092	0.34798608
2230384.00000000	0.70258908	0.01217731	0.27560034
2225384.00000000	0.73110733	0.00913763	0.19807736
2220384.00000000	0.75041138	0.00561667	0.11645609
2215384.00000000	0.75973721	0.00130487	0.02998901
2210384.00000000	0.75764471	-0.00355136	-0.06175000
2205384.00000000	0.74358585	-0.00841626	-0.15539386
2200384.00000000	0.71694839	-0.01320609	-0.25073837
2195384.00000000	0.67901404	-0.01759955	-0.34302682
2190384.00000000	0.63130582	-0.02133667	-0.42831699
2185384.00000000	0.57495334	-0.02457135	-0.50449997
2180384.00000000	0.51234970	-0.02690152	-0.56950656
2175384.00000000	0.44420065	-0.02860880	-0.62418549
2170384.00000000	0.37198547	-0.02986816	-0.66874033
2165384.00000000	0.29662500	-0.03093619	-0.70349698
2160384.00000000	0.21530106	-0.03197760	-0.72947757
2155384.00000000	0.13019632	-0.03302988	-0.74543015
2150384.00000000	0.03939459	-0.03372501	-0.75071231
2145384.00000000	-0.05675110	-0.03383835	-0.74397894
2140384.00000000	-0.15370660	-0.03278094	-0.72563928
2135384.00000000	-0.25375729	-0.03074460	-0.69517996
2130384.00000000	-0.34775876	-0.02782217	-0.65507291
2125384.00000000	-0.43466071	-0.02421783	-0.60584683
2120384.00000000	-0.51199472	-0.02046661	-0.54857745
2115384.00000000	-0.57712036	-0.01700159	-0.48601236
2110384.00000000	-0.63198486	-0.01394760	-0.41786353
2105384.00000000	-0.67671732	-0.01091562	-0.34572156
2100384.00000000	-0.71237933	-0.00815399	-0.26962488
2095384.00000000	-0.73973706	-0.00499673	-0.18822858
2090384.00000000	-0.75777786	-0.00128870	-0.10329022
2085384.00000000	-0.76604919	0.00358197	-0.01268167
2080384.00000000	-0.76345673	0.00963309	0.08197986
2075384.00000000	-0.74890097	0.01616391	0.17838165
2070384.00000000	-0.72187219	0.02275720	0.27547925
2065384.00000000	-0.68361938	0.02787457	0.36652509
2060384.00000000	-0.63426959	0.03166052	0.45011832
2055384.00000000	-0.57600262	0.03375980	0.52315753
2050384.00000000	-0.51115161	0.03455606	0.58430472
2045384.00000000	-0.43991809	0.03470135	0.63548633
2040384.00000000	-0.36542816	0.03432028	0.67558386
2035384.00000000	-0.28577234	0.03401633	0.70657733
2030384.00000000	-0.20024026	0.03350763	0.72810950
2025384.00000000	-0.11088861	0.03311539	0.73894293
2020384.00000000	-0.01362515	0.03250534	0.73854080
2015384.00000000	0.08662976	0.03188538	0.72621051
2010384.00000000	0.18844720	0.03102295	0.70211908
2005384.00000000	0.28840570	0.02966302	0.66753299
2000384.00000000	0.38096140	0.02751190	0.62448792
1995384.00000000	0.46521902	0.02444269	0.57292743
1990384.00000000	0.53726962	0.02124869	0.51548437
1985384.00000000	0.59756900	0.01814493	0.45315628
1980384.00000000	0.64739606	0.01527829	0.38570425
1975384.00000000	0.68673163	0.01257767	0.31465875
1970384.00000000	0.71679645	0.00973465	0.23889743
1965384.00000000	0.73684769	0.00643005	0.15856320
1960384.00000000	0.74618527	0.00232578	0.07369528
1955384.00000000	0.74357172	-0.00278043	-0.01736713
1950384.00000000	0.72846927	-0.00850171	-0.11141165
1945384.00000000	0.70085245	-0.01449008	-0.20826514
1940384.00000000	0.66234076	-0.02016827	-0.30292749
1935384.00000000	0.61504733	-0.02484723	-0.39175693
1930384.00000000	0.55942505	-0.02843820	-0.47341629
1925384.00000000	0.49904089	-0.03083005	-0.54286099
1920384.00000000	0.43362781	-0.03244577	-0.60207663
1915384.00000000	0.36374698	-0.03365994	-0.65142404
1910384.00000000	0.29092657	-0.03487991	-0.69074023
1905384.00000000	0.21242984	-0.03651196	-0.72168234
1900384.00000000	0.13039697	-0.03826624	-0.74278918
1895384.00000000	0.04317111	-0.03990228	-0.75355115
1890384.00000000	-0.04891003	-0.04074811	-0.75221564
1885384.00000000	-0.14192438	-0.04039377	-0.73840729
1880384.00000000	-0.23678760	-0.03858578	-0.71143878
1875384.00000000	-0.32761426	-0.03600314	-0.67302255
1870384.00000000	-0.41186646	-0.03298538	-0.62520575
1865384.00000000	-0.48846362	-0.03019537	-0.56875546
1860384.00000000	-0.55406021	-0.02786334	-0.50754593
1855384.00000000	-0.61134573	-0.02569000	-0.44040851
1850384.00000000	-0.65879568	-0.02375876	-0.37033026
1845384.00000000	-0.69768689	-0.02159094	-0.29678989
1840384.00000000	-0.72835983	-0.01890308	-0.21830893
1835384.00000000	-0.74964166	-0.01523355	-0.13699466
1830384.00000000	-0.76093494	-0.01023102	-0.04960645
1825384.00000000	-0.76043478	-0.00358542	0.04284439
1820384.00000000	-0.74730667	0.00409421	0.13571997
1815384.00000000	-0.72083936	0.01261270	0.23102087
1810384.00000000	-0.68280948	0.02069507	0.32249207
1805384.00000000	-0.63426053	0.02808932	0.40823505
1800384.00000000	-0.57682697	0.03411624	0.48555527
1795384.00000000	-0.51378806	0.03887393	0.55156134
1790384.00000000	-0.44467874	0.04243854	0.60810703
1785384.00000000	-0.37174863	0.04532870	0.65458774
1780384.00000000	-0.29406577	0.04770764	0.69267627
1775384.00000000	-0.21165521	0.04976889	0.72222961
1770384.00000000	-0.12607401	0.05143222	0.74262610
1765384.00000000	-0.03300455	0.05224927	0.75370767
1760384.00000000	0.06192935	0.05220859	0.75338596
1755384.00000000	0.15852524	0.05090308	0.74130911
1750384.00000000	0.25518872	0.04831870	0.71710773
1745384.00000000	0.34573367	0.04435355	0.68219904
1740384.00000000	0.43007718	0.03887766	0.63629501
1735384.00000000	0.50383307	0.03269339	0.58230182
1730384.00000000	0.56642538	0.02669946	0.52166394
1725384.00000000	0.61999808	0.02106711	0.45451117
1720384.00000000	0.66353836	0.01585330	0.38404379
1715384.00000000	0.69912924	0.01078055	0.30841180
1710384.00000000	0.72684280	0.00535474	0.22710358
1705384.00000000	0.74541827	-0.00055881	0.14181271
1700384.00000000	0.75434637	-0.00745569	0.04866806
1695384.00000000	0.75211707	-0.01468500	-0.04863989
1690384.00000000	0.73821774	-0.02174005	-0.14911392
1685384.00000000	0.71257504	-0.02793936	-0.25029395
1680384.00000000	0.67676276	-0.03277628	-0.34558139
1675384.00000000	0.63021063	-0.03642395	-0.43438492
1670384.00000000	0.57585904	-0.03895090	-0.51081668
1665384.00000000	0.51482053	-0.04071234	-0.57545358
1660384.00000000	0.44687933	-0.04199463	-0.62997226
1655384.00000000	0.37565131	-0.04308429	-0.67334048
1650384.00000000	0.29861105	-0.04420779	-0.70802979
1645384.00000000	0.21572827	-0.04539111	-0.73335504
1640384.00000000	0.12834790	-0.04662460	-0.74822632
1635384.00000000	0.03405560	-0.04778180	-0.75191608
1630384.00000000	-0.06332379	-0.04810733	-0.74295740
1625384.00000000	-0.16394833	-0.04717688	-0.72127649
1620384.00000000	-0.26283148	-0.04481305	-0.68774677
1615384.00000000	-0.35393890	-0.04076581	-0.64538770
1610384.00000000	-0.43835626	-0.03555444	-0.59400607
1605384.00000000	-0.51153879	-0.02981696	-0.53652850
1600384.00000000	-0.57448074	-0.02437198	-0.47341794
1595384.00000000	-0.62725848	-0.01958807	-0.40595239
1590384.00000000	-0.66979767	-0.01518161	-0.33619229
1585384.00000000	-0.70478336	-0.01056549	-0.26002539
1580384.00000000	-0.73064304	-0.00567419	-0.17983307
1575384.00000000	-0.74677356	-0.00002820	-0.09527963
1570384.00000000	-0.75247345	0.00628583	-0.00459045
1565384.00000000	-0.74673999	0.01274341	0.08793448
1560384.00000000	-0.72894482	0.01934940	0.18576758
1555384.00000000	-0.69982819	0.02564911	0.28113074
1550384.00000000	-0.66074652	0.03176019	0.37020157
1545384.00000000	-0.61106781	0.03723221	0.45307956
1540384.00000000	-0.55481885	0.04142828	0.52398901
1535384.00000000	-0.49185959	0.04451813	0.58525180
1530384.00000000	-0.42396671	0.04645120	0.63648511
1525384.00000000	-0.35360605	0.04804276	0.67751126
1520384.00000000	-0.27645096	0.04952844	0.71109601
1515384.00000000	-0.19657660	0.05136334	0.73482135
1510384.00000000	-0.11118530	0.05261288	0.74872708
1505384.00000000	-0.02044498	0.05379837	0.75104312
1500384.00000000	0.07203644	0.05328506	0.74105981
1495384.00000000	0.16873080	0.05101019	0.71816428
1490384.00000000	0.26194962	0.04708807	0.68457761
1485384.00000000	0.35090051	0.04212622	0.64178842
1480384.00000000	0.43407797	0.03656680	0.59073035
1475384.00000000	0.50593842	0.03098386	0.53513284
1470384.00000000	0.57013400	0.02556482	0.47249133
1465384.00000000	0.62421701	0.02075931	0.40584082
1460384.00000000	0.66869678	0.01641748	0.33653610
1455384.00000000	0.70601498	0.01198776	0.26110620
1450384.00000000	0.73414124	0.00742944	0.18375513
1445384.00000000	0.75450296	0.00213724	0.09895480
1440384.00000000	0.76455450	-0.00420947	0.01036508
1435384.00000000	0.76363004	-0.01155151	-0.07979999
1430384.00000000	0.75013235	-0.01943768	-0.17557092
1425384.00000000	0.72453540	-0.02653690	-0.26865997
1420384.00000000	0.68610043	-0.03281592	-0.36014438
1415384.00000000	0.63657016	-0.03776788	-0.44392450
1410384.00000000	0.57923676	-0.04117056	-0.51630777
1405384.00000000	0.51333807	-0.04339355	-0.57971368
1400384.00000000	0.44302005	-0.04478873	-0.63182361
1395384.00000000	0.36774258	-0.04564032	-0.67449173
1390384.00000000	0.28678625	-0.04662070	-0.70840295
1385384.00000000	0.20268796	-0.04738342	-0.73206696
1380384.00000000	0.11147720	-0.04806647	-0.74561951
1375384.00000000	0.01607101	-0.04834714	-0.74735889
1370384.00000000	-0.08198804	-0.04758838	-0.73643317
1365384.00000000	-0.18309680	-0.04547794	-0.71233389
1360384.00000000	-0.27911169	-0.04186920	-0.67719366
1355384.00000000	-0.37021982	-0.03738422	-0.63175455
1350384.00000000	-0.45283389	-0.03257730	-0.57774725
1345384.00000000	-0.52383838	-0.02810675	-0.51844275
1340384.00000000	-0.58565665	-0.02388629	-0.45278418
1335384.00000000	-0.63652231	-0.02011292	-0.38423248
1330384.00000000	-0.67846286	-0.01656903	-0.31186215
1325384.00000000	-0.71222601	-0.01277802	-0.23463251
1320384.00000000	-0.73673938	-0.00840604	-0.15433557
1315384.00000000	-0.75194623	-0.00297769	-0.06772028
1310384.00000000	-0.75581070	0.00337946	0.02155310
1305384.00000000	-0.74735144	0.01076947	0.11420651
1300384.00000000	-0.72577652	0.01881842	0.20790045
1295384.00000000	-0.69148654	0.02660223	0.29903079
1290384.00000000	-0.64510419	0.03370514	0.38561731
1285384.00000000	-0.59014630	0.03914005	0.46260284
1280384.00000000	-0.52771249	0.04304221	0.53076685
1275384.00000000	-0.45938654	0.04571924	0.58956210
1270384.00000000	-0.38710428	0.04767050	0.63879413
1265384.00000000	-0.31024872	0.04912872	0.67980164
1260384.00000000	-0.22974579	0.05058615	0.71199957
1255384.00000000	-0.14470325	0.05202707	0.73553928
1250384.00000000	-0.05275912	0.05299170	0.74965775
1245384.00000000	0.04151004	0.05305167	0.75292453
1240384.00000000	0.13912158	0.05189899	0.74415393
1235384.00000000	0.23613947	0.04955301	0.72336951
1230384.00000000	0.32725623	0.04549658	0.69173694
1225384.00000000	0.41323383	0.04065451	0.64929620
1220384.00000000	0.48853622	0.03492584	0.59887625
1215384.00000000	0.55354102	0.02927551	0.54194836
1210384.00000000	0.60913260	0.02344742	0.47853656
1205384.00000000	0.65476190	0.01778009	0.41174387
1200384.00000000	0.69280359	0.01190308	0.33928876
1195384.00000000	0.72209970	0.00573911	0.26343063
1190384.00000000	0.74265936	-0.00121689	0.18312604
1185384.00000000	0.75392535	-0.00885574	0.09463745
1180384.00000000	0.75395270	-0.01661761	0.00336636
1175384.00000000	0.74206564	-0.02423889	-0.09373807
1170384.00000000	0.71852344	-0.03102585	-0.19030206
1165384.00000000	0.68430005	-0.03631421	-0.28391864
1160384.00000000	0.63925705	-0.04069977	-0.37359225
1155384.00000000	0.58681433	-0.04400879	-0.45248309
1150384.00000000	0.52607217	-0.04667554	-0.52269608
1145384.00000000	0.46017960	-0.04871707	-0.58166675
1140384.00000000	0.38922519	-0.05048233	-0.63113281
1135384.00000000	0.31136432	-0.05212311	-0.67265317
1130384.00000000	0.22999564	-0.05334763	-0.70490479
1125384.00000000	0.14059802	-0.05419083	-0.72929251
1120384.00000000	0.04517075	-0.05411929	-0.74405600
1115384.00000000	-0.05392780	-0.05308862	-0.74807224
1110384.00000000	-0.15727673	-0.05033063	-0.73991370
1105384.00000000	-0.25605350	-0.04611737	-0.71994183
1100384.00000000	-0.35047308	-0.04026971	-0.68784991
1095384.00000000	-0.43575513	-0.03369708	-0.64465863
1090384.00000000	-0.50867566	-0.02751846	-0.59351596
1085384.00000000	-0.57303116	-0.02175623	-0.53335965
1080384.00000000	-0.62591971	-0.01636282	-0.46902197
1075384.00000000	-0.66995395	-0.01088397	-0.39976672
1070384.00000000	-0.70526498	-0.00478424	-0.32525653
1065384.00000000	-0.73095923	0.00219708	-0.24621838
1060384.00000000	-0.74621301	0.01023419	-0.16046603
1055384.00000000	-0.74933868	0.01842877	-0.07063757
1050384.00000000	-0.74003571	0.02600418	0.02433722
1045384.00000000	-0.71786191	0.03224365	0.12471701
1040384.00000000	-0.68552405	0.03672293	0.22060141
1035384.00000000	-0.64292960	0.04001407	0.31409348
1030384.00000000	-0.59237381	0.04175937	0.39960123
1025384.00000000	-0.53606262	0.04287646	0.47432077
1020384.00000000	-0.47253210	0.04336270	0.54107623
1015384.00000000	-0.40650247	0.04340228	0.59639169
1010384.00000000	-0.33521725	0.04326758	0.64400421
1005384.00000000	-0.26014624	0.04309729	0.68343143
1000384.00000000	-0.18144232	0.04280591	0.71510098
995384.00000000	-0.09672910	0.04228268	0.73924179
990384.00000000	-0.01010043	0.04137149	0.75426013
985384.00000000	0.07975800	0.03974127	0.75922379
980384.00000000	0.17452371	0.03730185	0.75282324
975384.00000000	0.26440915	0.03434534	0.73456393
970384.00000000	0.35213815	0.03018039	0.70342053
965384.00000000	0.43073111	0.02533780	0.66174219
960384.00000000	0.50078326	0.02016278	0.61014218
955384.00000000	0.56279037	0.01514365	0.54971036
950384.00000000	0.61445999	0.01059885	0.48479288
945384.00000000	0.65883353	0.00629337	0.41323386
940384.00000000	0.69444980	0.00211227	0.33774142
935384.00000000	0.72122687	-0.00235281	0.25876425
930384.00000000	0.73992807	-0.00775946	0.16939606
925384.00000000	0.74724985	-0.01359409	0.07867365
920384.00000000	0.74322159	-0.01960181	-0.01846582
915384.00000000	0.72687708	-0.02508218	-0.11996884
910384.00000000	0.70049515	-0.02953268	-0.21507245
905384.00000000	0.66115045	-0.03303964	-0.31334494
900384.00000000	0.61468848	-0.03546881	-0.39866769
895384.00000000	0.56031168	-0.03702682	-0.47479694
890384.00000000	0.49789236	-0.03831061	-0.54217978
885384.00000000	0.43331830	-0.03936157	-0.59674176
880384.00000000	0.36034885	-0.04020135	-0.64507233
875384.00000000	0.28451660	-0.04095468	-0.68366434
870384.00000000	0.20287296	-0.04128693	-0.71408936
865384.00000000	0.11391815	-0.04114893	-0.73614941
860384.00000000	0.02227115	-0.04023483	-0.74751877
855384.00000000	-0.07606403	-0.03828851	-0.74759003
850384.00000000	-0.17271393	-0.03497076	-0.73609164
845384.00000000	-0.26763995	-0.03019601	-0.71304617
840384.00000000	-0.35946967	-0.02403180	-0.67804456
835384.00000000	-0.44013470	-0.01764474	-0.63414444
830384.00000000	-0.51298734	-0.01131546	-0.58031656
825384.00000000	-0.57449591	-0.00583093	-0.52029471
820384.00000000	-0.62599188	-0.00115945	-0.45565991
815384.00000000	-0.66995596	0.00317532	-0.38406857
810384.00000000	-0.70430338	0.00738235	-0.30932242
805384.00000000	-0.73041290	0.01200308	-0.22761923
800384.00000000	-0.74655264	0.01690817	-0.13988547
795384.00000000	-0.75175485	0.02189407	-0.04893201
790384.00000000	-0.74554425	0.02687619	0.04999261
785384.00000000	-0.72857123	0.03113925	0.14731415
780384.00000000	-0.70111414	0.03472101	0.24351318
775384.00000000	-0.66401538	0.03731955	0.33404166
770384.00000000	-0.61891693	0.03865564	0.41516019
765384.00000000	-0.56431271	0.03862314	0.48948315
760384.00000000	-0.50468985	0.03749374	0.55216577
755384.00000000	-0.43860031	0.03557269	0.60651978
750384.00000000	-0.36737515	0.03321216	0.65210663
745384.00000000	-0.29226501	0.03055045	0.68873297
740384.00000000	-0.20933026	0.02743683	0.71767624
735384.00000000	-0.12209906	0.02386798	0.73675113
730384.00000000	-0.02839105	0.01993268	0.74568091
725384.00000000	0.06937286	0.01554077	0.74297409
720384.00000000	0.16727957	0.01166953	0.72845764
715384.00000000	0.26579346	0.00833411	0.70134229
710384.00000000	0.35613831	0.00501486	0.66406247
705384.00000000	0.43877292	0.00156177	0.61683984
700384.00000000	0.51156586	-0.00044012	0.56189774
695384.00000000	0.57371552	-0.00257715	0.50145203
690384.00000000	0.62771576	-0.00481519	0.43458221
685384.00000000	0.67264639	-0.00700079	0.36349255
680384.00000000	0.70868201	-0.00864764	0.28894870
675384.00000000	0.73695560	-0.01128400	0.20703094
670384.00000000	0.75482779	-0.01460956	0.12157614
665384.00000000	0.76134540	-0.01711029	0.03084341
660384.00000000	0.75515546	-0.01962976	-0.06577493
655384.00000000	0.73572546	-0.02104837	-0.16294174
650384.00000000	0.70218655	-0.02320410	-0.26208026
645384.00000000	0.65794244	-0.02388855	-0.35251508
640384.00000000	0.60489294	-0.02421283	-0.43363043
635384.00000000	0.54402094	-0.02509076	-0.50578491
630384.00000000	0.47830255	-0.02627246	-0.56719052
625384.00000000	0.40616800	-0.02791895	-0.62058966
620384.00000000	0.33060690	-0.02983170	-0.66463593
615384.00000000	0.24958569	-0.03239951	-0.70049710
610384.00000000	0.16339230	-0.03590433	-0.72734103
605384.00000000	0.07184949	-0.03970917	-0.74424200
600384.00000000	-0.02477209	-0.04405142	-0.75028870
595384.00000000	-0.12324771	-0.04743018	-0.74421191
590384.00000000	-0.22087057	-0.04904202	-0.72595551
585384.00000000	-0.31526248	-0.04785687	-0.69552579
580384.00000000	-0.39981000	-0.04383807	-0.65530859
575384.00000000	-0.47523862	-0.03763992	-0.60618884
570384.00000000	-0.54069308	-0.03047266	-0.54997580
565384.00000000	-0.59801147	-0.02360150	-0.48628586
560384.00000000	-0.64567804	-0.01594461	-0.41893604
555384.00000000	-0.68565137	-0.00851987	-0.34591724
550384.00000000	-0.72011325	0.00156259	-0.25833508
545384.00000000	-0.74130875	0.01117804	-0.17498959
540384.00000000	-0.75219449	0.02168985	-0.08656680
535384.00000000	-0.75161331	0.03204605	0.00772031
530384.00000000	-0.73976913	0.04192050	0.10442932
525384.00000000	-0.71709412	0.05065277	0.20225974
520384.00000000	-0.68436899	0.05764215	0.29795840
515384.00000000	-0.64336047	0.06230139	0.38550586
510384.00000000	-0.59285406	0.06501471	0.46630548
505384.00000000	-0.53617099	0.06607996	0.53540158
500384.00000000	-0.46477487	0.06292413	0.60130099
495384.00000000	-0.39774872	0.06412195	0.64809372
490384.00000000	-0.32547507	0.06535037	0.68634366
485384.00000000	-0.24761133	0.06677170	0.71602258
480384.00000000	-0.16558130	0.06793686	0.73589703
475384.00000000	-0.07811832	0.06821082	0.74591531
470384.00000000	0.01544498	0.06687155	0.74453619
465384.00000000	0.11132022	0.06299646	0.73113687
460384.00000000	0.20847064	0.05645474	0.70631644
455384.00000000	0.30309772	0.04748550	0.67133798
450384.00000000	0.39015933	0.03718607	0.62806824
445384.00000000	0.47066626	0.02367303	0.57574951
440384.00000000	0.53901071	0.01098547	0.51879587
435384.00000000	0.59695969	0.00233389	0.45880826
430384.00000000	0.64502090	-0.00521442	0.39578348
425384.00000000	0.68372369	-0.01247574	0.33030954
420384.00000000	0.71417844	-0.02027478	0.25939688
415384.00000000	0.73377902	-0.02811490	0.18733609
410384.00000000	0.74235028	-0.03637396	0.11140198
405384.00000000	0.73829724	-0.04435272	0.03190384
400384.00000000	0.72114246	-0.05094949	-0.04772028
395384.00000000	0.69057315	-0.05565521	-0.12782889
390384.00000000	0.64908582	-0.05783401	-0.20341968
385384.00000000	0.58626175	-0.07128885	-0.30603204
380384.00000000	0.52386542	-0.06499368	-0.36741718
375384.00000000	0.45689261	-0.05768253	-0.41802454
370384.00000000	0.38350711	-0.04963226	-0.45969565
365384.00000000	0.30748434	-0.04180435	-0.49082675
360384.00000000	0.22836588	-0.03430887	-0.51236069
355384.00000000	0.14457724	-0.02710062	-0.52541299
350384.00000000	0.06117038	-0.02047742	-0.53043625
345384.00000000	-0.02463919	-0.01406277	-0.52904507
340384.00000000	-0.10833133	-0.00778162	-0.52194754
335384.00000000	-0.18781351	-0.00116306	-0.50933377
330384.00000000	-0.26308652	0.00609988	-0.49016412
325384.00000000	-0.32901129	0.01352063	-0.46423691
320384.00000000	-0.38663257	0.02050684	-0.43104932
315384.00000000	-0.43336230	0.02622058	-0.39224097
310384.00000000	-0.46880777	0.03028967	-0.34938678
305384.00000000	-0.49289542	0.03265231	-0.30412598
300384.00000000	-0.50420493	0.03355847	-0.26036615
295384.00000000	-0.50357278	0.03363535	-0.21764563
290384.00000000	-0.49166312	0.03359470	-0.17765604
285384.00000000	-0.47041513	0.03388724	-0.13996915
280384.00000000	-0.44137692	0.03426190	-0.10352658
275384.00000000	-0.40798126	0.03452603	-0.06886273
270384.00000000	-0.36970767	0.03450760	-0.03460190
265384.00000000	-0.32743613	0.03356036	-0.00218207
260384.00000000	-0.28126581	0.03114267	0.02741821
255384.00000000	-0.23071997	0.02688007	0.05336279
250384.00000000	-0.17859195	0.02134164	0.07402313
245384.00000000	-0.12682617	0.01503955	0.08952045
240384.00000000	-0.07742776	0.00875366	0.10032291
235384.00000000	-0.03376825	0.00340985	0.10701773
230384.00000000	0.00424963	-0.00052097	0.11080722
225384.00000000	0.03589713	-0.00287167	0.11244617
220384.00000000	0.06222534	-0.00386893	0.11288223
215384.00000000	0.08450333	-0.00399347	0.11256439
210384.00000000	0.10195319	-0.00376443	0.11158984
205384.00000000	0.11493176	-0.00366180	0.10944574
200384.00000000	0.12212097	-0.00393732	0.10594717
195384.00000000	0.12326749	-0.00459470	0.10090036
190384.00000000	0.11907706	-0.00541034	0.09373611
185384.00000000	0.11085007	-0.00598572	0.08583127
180384.00000000	0.10026135	-0.00609879	0.07730405
175384.00000000	0.08899869	-0.00589990	0.06913651
170384.00000000	0.07817993	-0.00548203	0.06145218
