8046866.00000000	0.00653369	0.00071170	0.02346542
8041866.00000000	0.00682684	0.00071017	0.02539407
8036866.00000000	0.00716916	0.00074557	0.02784918
8031866.00000000	0.00750504	0.00079636	0.03054132
8026866.00000000	0.00790723	0.00086557	0.03373859
8021866.00000000	0.00830255	0.00086917	0.03738104
8016866.00000000	0.00872861	0.00091290	0.04150421
8011866.00000000	0.00916211	0.00092941	0.04643231
8006866.00000000	0.00952573	0.00093457	0.05196194
8001866.00000000	0.00994565	0.00095120	0.05852826
7996866.00000000	0.01031674	0.00098279	0.06632434
7991866.00000000	0.01064310	0.00097879	0.07525412
7986866.00000000	0.01087497	0.00094284	0.08590448
7981866.00000000	0.01096536	0.00090002	0.09792685
7976866.00000000	0.01076724	0.00079306	0.11165259
7971866.00000000	0.01094205	0.00050232	0.12636670
7966866.00000000	0.01111145	0.00019318	0.14099841
7961866.00000000	0.01248840	-0.00030618	0.15395972
7956866.00000000	0.01513351	-0.00075186	0.16276428
7951866.00000000	0.01940524	-0.00100821	0.16600650
7946866.00000000	0.02572720	-0.00096225	0.16243115
7941866.00000000	0.03392175	-0.00066241	0.15266504
7936866.00000000	0.04425983	-0.00027756	0.13735632
7931866.00000000	0.05630087	-0.00001364	0.11783313
7926866.00000000	0.07032449	-0.00007779	0.09393378
7921866.00000000	0.08649576	-0.00066092	0.06502393
7916866.00000000	0.10464206	-0.00192355	0.03069760
7911866.00000000	0.12464993	-0.00384814	-0.01002502
7906866.00000000	0.14537952	-0.00598361	-0.05606348
7901866.00000000	0.16511975	-0.00795361	-0.10572797
7896866.00000000	0.18237848	-0.00903516	-0.15859863
7891866.00000000	0.19448682	-0.00905832	-0.21075290
7886866.00000000	0.20042975	-0.00799612	-0.26310703
7881866.00000000	0.20050052	-0.00659940	-0.31316760
7876866.00000000	0.19537714	-0.00547711	-0.36088843
7871866.00000000	0.18550967	-0.00478531	-0.40752393
7866866.00000000	0.17125055	-0.00450598	-0.44974225
7861866.00000000	0.15135715	-0.00445831	-0.48806873
7856866.00000000	0.12454160	-0.00436115	-0.52026447
7851866.00000000	0.09020938	-0.00379108	-0.54451941
7846866.00000000	0.04626511	-0.00290536	-0.56098560
7841866.00000000	-0.00457306	-0.00169650	-0.56773044
7836866.00000000	-0.06150290	0.00000131	-0.56435074
7831866.00000000	-0.12170215	0.00210321	-0.55019888
7826866.00000000	-0.18159720	0.00439923	-0.52566739
7821866.00000000	-0.24230170	0.00689246	-0.49025845
7816866.00000000	-0.30067697	0.00947003	-0.44615036
7811866.00000000	-0.35678012	0.01199402	-0.39484940
7806866.00000000	-0.41062772	0.01426813	-0.33731265
7801866.00000000	-0.46014197	0.01630432	-0.27611969
7796866.00000000	-0.50506616	0.01781305	-0.21034799
7791866.00000000	-0.54219534	0.01894318	-0.14296857
7786866.00000000	-0.57121216	0.01967236	-0.07233347
7781866.00000000	-0.59147452	0.02004883	0.00258600
7776866.00000000	-0.60134048	0.01962573	0.07709372
7771866.00000000	-0.60125687	0.01847812	0.15719568
7766866.00000000	-0.59082965	0.01671719	0.23697342
7761866.00000000	-0.56994247	0.01442325	0.31771750
7756866.00000000	-0.53840540	0.01145490	0.39736539
7751866.00000000	-0.49685260	0.00852686	0.47200281
7746866.00000000	-0.44585660	0.00597299	0.53954349
7741866.00000000	-0.38615945	0.00332587	0.59859048
7736866.00000000	-0.32082471	0.00140775	0.64693896
7731866.00000000	-0.24944003	-0.00050656	0.68617706
7726866.00000000	-0.17573090	-0.00205673	0.71547012
7721866.00000000	-0.09844574	-0.00331546	0.73612787
7716866.00000000	-0.01839667	-0.00489563	0.74822006
7711866.00000000	0.06442789	-0.00646530	0.75149237
7706866.00000000	0.14888458	-0.00791489	0.74497098
7701866.00000000	0.23456033	-0.00992136	0.72760956
7696866.00000000	0.31784183	-0.01162454	0.69905429
7691866.00000000	0.40072131	-0.01349786	0.65728323
7686866.00000000	0.47470581	-0.01515781	0.60580130
7681866.00000000	0.54302692	-0.01699588	0.54249808
7676866.00000000	0.60028220	-0.01840167	0.47263040
7671866.00000000	0.64669629	-0.01954785	0.39858881
7666866.00000000	0.68500092	-0.02041928	0.31770413
7661866.00000000	0.71272787	-0.02092200	0.23729425
7656866.00000000	0.73200757	-0.02156448	0.15405258
7651866.00000000	0.74261725	-0.02235474	0.06923306
7646866.00000000	0.74411935	-0.02341351	-0.01606259
7641866.00000000	0.73541650	-0.02493433	-0.10720612
7636866.00000000	0.71604965	-0.02685916	-0.19531824
7631866.00000000	0.68473511	-0.02868811	-0.28390903
7626866.00000000	0.64112161	-0.03008353	-0.37043256
7621866.00000000	0.58828427	-0.03109503	-0.44915216
7616866.00000000	0.52455472	-0.02904135	-0.52244922
7611866.00000000	0.45450742	-0.02607281	-0.58493436
7606866.00000000	0.37906839	-0.02208447	-0.63687857
7601866.00000000	0.29890115	-0.01708231	-0.67890271
7596866.00000000	0.21982227	-0.01336896	-0.70930560
7591866.00000000	0.13568402	-0.00792108	-0.73171436
7586866.00000000	0.04997827	-0.00254010	-0.74500870
7581866.00000000	-0.03587408	0.00319205	-0.74898282
7576866.00000000	-0.12531854	0.01006573	-0.74297391
7571866.00000000	-0.21494727	0.01761609	-0.72569559
7566866.00000000	-0.30407849	0.02526120	-0.69619858
7561866.00000000	-0.38930228	0.03177090	-0.65446661
7556866.00000000	-0.46807468	0.03705258	-0.60137366
7551866.00000000	-0.53983401	0.04007742	-0.53691208
7546866.00000000	-0.59916968	0.04145200	-0.46680078
7541866.00000000	-0.64804602	0.04117352	-0.39094922
7536866.00000000	-0.68649057	0.03983466	-0.31120352
7531866.00000000	-0.71472113	0.03837299	-0.22981573
7526866.00000000	-0.73390775	0.03687827	-0.14367966
7521866.00000000	-0.74331113	0.03558441	-0.05824414
7516866.00000000	-0.74288461	0.03446744	0.03144757
7511866.00000000	-0.73123468	0.03311957	0.12483359
7506866.00000000	-0.70832465	0.03152731	0.21663559
7501866.00000000	-0.67257349	0.02892896	0.30992725
7496866.00000000	-0.62569592	0.02527240	0.39832806
7491866.00000000	-0.56864624	0.02074872	0.47968527
7486866.00000000	-0.50201364	0.01563147	0.55252182
7481866.00000000	-0.43151755	0.01086499	0.61154260
7476866.00000000	-0.35516824	0.00642145	0.65989420
7471866.00000000	-0.27664896	0.00259863	0.69658994
7466866.00000000	-0.19775427	-0.00068961	0.72245709
7461866.00000000	-0.11349493	-0.00402170	0.73979514
7456866.00000000	-0.03046463	-0.00720386	0.74695016
7451866.00000000	0.05551190	-0.01073715	0.74416788
7446866.00000000	0.14454129	-0.01485123	0.72995312
7441866.00000000	0.23220651	-0.01922699	0.70436319
7436866.00000000	0.32128656	-0.02400864	0.66535721
7431866.00000000	0.40322452	-0.02820657	0.61666827
7426866.00000000	0.48012192	-0.03195172	0.55744507
7421866.00000000	0.54847369	-0.03434717	0.49012692
7416866.00000000	0.60593588	-0.03594464	0.41763251
7411866.00000000	0.65283362	-0.03662173	0.34117725
7406866.00000000	0.68912976	-0.03686221	0.26232736
7401866.00000000	0.71553226	-0.03669653	0.18254227
7396866.00000000	0.73334421	-0.03658102	0.09798938
7391866.00000000	0.74129459	-0.03675729	0.01550116
7386866.00000000	0.73939365	-0.03732025	-0.07346710
7381866.00000000	0.72665656	-0.03768030	-0.16111008
7376866.00000000	0.70204105	-0.03748428	-0.24963409
7371866.00000000	0.66388605	-0.03616006	-0.33964273
7366866.00000000	0.61511960	-0.03356329	-0.42264450
7361866.00000000	0.55439194	-0.02963129	-0.50087909
7356866.00000000	0.48597128	-0.02469736	-0.56875800
7351866.00000000	0.41392075	-0.01912512	-0.62375781
7346866.00000000	0.33489816	-0.01321597	-0.66946643
7341866.00000000	0.25724280	-0.00814545	-0.70269272
7336866.00000000	0.17533023	-0.00346054	-0.72706650
7331866.00000000	0.09342889	0.00103537	-0.74178247
7326866.00000000	0.00987076	0.00598328	-0.74705853
7321866.00000000	-0.07634186	0.01101559	-0.74221747
7316866.00000000	-0.16230765	0.01665704	-0.72639407
7311866.00000000	-0.24766293	0.02223376	-0.69870590
7306866.00000000	-0.33232211	0.02723315	-0.65824500
7301866.00000000	-0.41156387	0.03134729	-0.60755365
7296866.00000000	-0.48681232	0.03442328	-0.54580594
7291866.00000000	-0.55212692	0.03616882	-0.47811685
7286866.00000000	-0.60743842	0.03673648	-0.40610861
7281866.00000000	-0.65394574	0.03661630	-0.32884647
7276866.00000000	-0.68986093	0.03614459	-0.25061221
7271866.00000000	-0.71715903	0.03569141	-0.16867276
7266866.00000000	-0.73515714	0.03523056	-0.08575653
7261866.00000000	-0.74394019	0.03494540	-0.00181223
7256866.00000000	-0.74308383	0.03486932	0.08641901
7251866.00000000	-0.73156201	0.03515820	0.17314636
7246866.00000000	-0.70777145	0.03536014	0.26224548
7241866.00000000	-0.67154834	0.03474347	0.34892297
7236866.00000000	-0.62389359	0.03338065	0.43039612
7231866.00000000	-0.56454083	0.03108661	0.50644775
7226866.00000000	-0.49825232	0.02815900	0.57143231
7221866.00000000	-0.42567239	0.02456616	0.62605157
7216866.00000000	-0.34761884	0.02039417	0.67044797
7211866.00000000	-0.26985663	0.01638974	0.70318814
7206866.00000000	-0.18661652	0.01291287	0.72754651
7201866.00000000	-0.10390070	0.01018521	0.74227444
7196866.00000000	-0.01894321	0.00728674	0.74771616
7191866.00000000	0.06999310	0.00413354	0.74325595
7186866.00000000	0.15825208	0.00064542	0.72774249
7181866.00000000	0.24849384	-0.00355670	0.69950882
7176866.00000000	0.33588327	-0.00825208	0.65921646
7171866.00000000	0.41850098	-0.01334869	0.60790933
7166866.00000000	0.49537671	-0.01827490	0.54599637
7161866.00000000	0.56025623	-0.02243311	0.47915192
7156866.00000000	0.61713956	-0.02594293	0.40481601
7151866.00000000	0.66222430	-0.02850073	0.32825058
7146866.00000000	0.69661960	-0.03080255	0.25067709
7141866.00000000	0.72253424	-0.03314172	0.16847342
7136866.00000000	0.73856750	-0.03579813	0.08692197
7131866.00000000	0.74558154	-0.03891095	0.00103882
7126866.00000000	0.74231650	-0.04211847	-0.08630487
7121866.00000000	0.72808493	-0.04545084	-0.17434207
7116866.00000000	0.70109619	-0.04785129	-0.26466483
7111866.00000000	0.66236154	-0.04858957	-0.35155780
7106866.00000000	0.61246533	-0.04739319	-0.43365860
7101866.00000000	0.55174677	-0.04407111	-0.50971976
7096866.00000000	0.48526892	-0.03969403	-0.57404071
7091866.00000000	0.41133688	-0.03443927	-0.62932922
7086866.00000000	0.33562097	-0.02945898	-0.67232074
7081866.00000000	0.25705893	-0.02453537	-0.70528226
7076866.00000000	0.17526849	-0.01986203	-0.72918115
7071866.00000000	0.09244763	-0.01556512	-0.74338455
7066866.00000000	0.00823032	-0.01085696	-0.74800491
7061866.00000000	-0.08042569	-0.00557056	-0.74236270
7056866.00000000	-0.16752017	0.00000146	-0.72563956
7051866.00000000	-0.25906015	0.00578317	-0.69547900
7046866.00000000	-0.34443256	0.01114737	-0.65504440
7041866.00000000	-0.42677109	0.01601370	-0.60323816
7036866.00000000	-0.50136008	0.01996890	-0.54300629
7031866.00000000	-0.56716266	0.02315549	-0.47520474
7026866.00000000	-0.62278979	0.02580154	-0.40146643
7021866.00000000	-0.66669962	0.02796820	-0.32531540
7016866.00000000	-0.70059344	0.02963071	-0.24641879
7011866.00000000	-0.72513852	0.03124808	-0.16416452
7006866.00000000	-0.73954422	0.03300208	-0.08337173
7001866.00000000	-0.74485623	0.03523950	0.00407217
6996866.00000000	-0.73949857	0.03741858	0.09034076
6991866.00000000	-0.72251288	0.03934235	0.17984244
6986866.00000000	-0.69282214	0.04071347	0.27053363
6981866.00000000	-0.65118942	0.04071991	0.35802234
6976866.00000000	-0.59849622	0.03955585	0.44042749
6971866.00000000	-0.53647778	0.03687769	0.51495505
6966866.00000000	-0.46861990	0.03347287	0.57806189
6961866.00000000	-0.39365149	0.03016205	0.63196918
6956866.00000000	-0.31625708	0.02739673	0.67418369
6951866.00000000	-0.23495300	0.02509756	0.70688675
6946866.00000000	-0.15154449	0.02332779	0.72994464
6941866.00000000	-0.06759500	0.02180505	0.74345624
6936866.00000000	0.02195587	0.02003821	0.74749506
6931866.00000000	0.11113907	0.01745923	0.74064001
6926866.00000000	0.20261752	0.01416522	0.72191101
6921866.00000000	0.29327548	0.00986896	0.69037198
6916866.00000000	0.38014404	0.00478458	0.64658322
6911866.00000000	0.46165494	-0.00090021	0.59108420
6906866.00000000	0.53245990	-0.00619333	0.52766803
6901866.00000000	0.59318097	-0.01091281	0.45708325
6896866.00000000	0.64365826	-0.01502985	0.38057773
6891866.00000000	0.68245868	-0.01816953	0.30320670
6886866.00000000	0.71246991	-0.02104770	0.22150940
6881866.00000000	0.73278534	-0.02379688	0.13935223
6876866.00000000	0.74392111	-0.02664713	0.05526410
6871866.00000000	0.74539758	-0.03000146	-0.03262158
6866866.00000000	0.73583096	-0.03335934	-0.12045255
6861866.00000000	0.71413449	-0.03618692	-0.21060706
6856866.00000000	0.68011844	-0.03830527	-0.29936728
6851866.00000000	0.63468143	-0.03931653	-0.38435663
6846866.00000000	0.57793204	-0.03937219	-0.46491760
6841866.00000000	0.51482617	-0.03886121	-0.53464615
6836866.00000000	0.44434802	-0.03762283	-0.59539420
6831866.00000000	0.36880640	-0.03604437	-0.64535211
6826866.00000000	0.29203302	-0.03462173	-0.68369263
6821866.00000000	0.21029071	-0.03334863	-0.71324109
6816866.00000000	0.12734662	-0.03202493	-0.73284756
6811866.00000000	0.04025943	-0.03058728	-0.74328183
6806866.00000000	-0.04957678	-0.02850702	-0.74343921
6801866.00000000	-0.14018851	-0.02529596	-0.73245197
6796866.00000000	-0.23299612	-0.02065646	-0.70912592
6791866.00000000	-0.32157510	-0.01487054	-0.67432874
6786866.00000000	-0.40739624	-0.00796808	-0.62743597
6781866.00000000	-0.48577332	-0.00080643	-0.57041226
6776866.00000000	-0.55366498	0.00551062	-0.50626511
6771866.00000000	-0.61166080	0.01087814	-0.43508276
6766866.00000000	-0.65769604	0.01507166	-0.36167010
6761866.00000000	-0.69369229	0.01869461	-0.28510568
6756866.00000000	-0.72043674	0.02161346	-0.20487131
6751866.00000000	-0.73739734	0.02467139	-0.12474432
6746866.00000000	-0.74549188	0.02810007	-0.03928757
6741866.00000000	-0.74321585	0.03198715	0.04538815
6736866.00000000	-0.72971640	0.03660886	0.13450467
6731866.00000000	-0.70420999	0.04141635	0.22432394
6726866.00000000	-0.66665598	0.04500766	0.31351563
6721866.00000000	-0.61858447	0.04749985	0.39793665
6716866.00000000	-0.56032574	0.04803555	0.47704181
6711866.00000000	-0.49611218	0.04704285	0.54566553
6706866.00000000	-0.42500223	0.04426016	0.60522891
6701866.00000000	-0.35122668	0.04084424	0.65285101
6696866.00000000	-0.27430371	0.03719431	0.69049838
6691866.00000000	-0.19449701	0.03366980	0.71844373
6686866.00000000	-0.11360721	0.03065399	0.73674817
6681866.00000000	-0.02810168	0.02732593	0.74607785
6676866.00000000	0.05925113	0.02381940	0.74508380
6671866.00000000	0.14654724	0.01970172	0.73331924
6666866.00000000	0.23737109	0.01497150	0.70865417
6661866.00000000	0.32391263	0.01072617	0.67268832
6656866.00000000	0.40931174	0.00707367	0.62339767
6651866.00000000	0.48551205	0.00410089	0.56602704
6646866.00000000	0.55393747	0.00129282	0.50011237
6641866.00000000	0.61136401	-0.00139417	0.42903751
6636866.00000000	0.65792288	-0.00400156	0.35394720
6631866.00000000	0.69399936	-0.00670407	0.27566156
6626866.00000000	0.72010849	-0.00922592	0.19605386
6621866.00000000	0.73680515	-0.01242773	0.11528467
6616866.00000000	0.74430975	-0.01599765	0.03070990
6611866.00000000	0.74169778	-0.02004831	-0.05517035
6606866.00000000	0.72788953	-0.02500659	-0.14354236
6601866.00000000	0.70236313	-0.03045490	-0.23221701
6596866.00000000	0.66530127	-0.03530325	-0.31884964
6591866.00000000	0.61651776	-0.03886990	-0.40292468
6586866.00000000	0.55892770	-0.04075912	-0.47909506
6581866.00000000	0.49320599	-0.04200195	-0.54690604
6576866.00000000	0.42224661	-0.04222903	-0.60416666
6571866.00000000	0.34786597	-0.04151129	-0.65066757
6566866.00000000	0.26943823	-0.04032040	-0.68795718
6561866.00000000	0.18984097	-0.03904752	-0.71551205
6556866.00000000	0.10859772	-0.03789722	-0.73419992
6551866.00000000	0.02310471	-0.03644370	-0.74396906
6546866.00000000	-0.06375812	-0.03427762	-0.74397394
6541866.00000000	-0.15410446	-0.03147351	-0.73299228
6536866.00000000	-0.24418185	-0.02753986	-0.71022876
6531866.00000000	-0.33316599	-0.02258463	-0.67555511
6526866.00000000	-0.41851047	-0.01675510	-0.62922247
6521866.00000000	-0.49478189	-0.01054996	-0.57416367
6516866.00000000	-0.56245609	-0.00443973	-0.51032040
6511866.00000000	-0.61856961	0.00095212	-0.44090903
6506866.00000000	-0.66325327	0.00541382	-0.36808337
6501866.00000000	-0.69868106	0.00919638	-0.29033109
6496866.00000000	-0.72385687	0.01251291	-0.21222763
6491866.00000000	-0.74045331	0.01593716	-0.13082620
6486866.00000000	-0.74785156	0.01993729	-0.04627878
6481866.00000000	-0.74537991	0.02428714	0.03710526
6476866.00000000	-0.73162076	0.02899646	0.12693585
6471866.00000000	-0.70612628	0.03376572	0.21603647
6466866.00000000	-0.66808453	0.03797934	0.30559232
6461866.00000000	-0.61846692	0.04116464	0.39197040
6456866.00000000	-0.56059656	0.04291711	0.47007098
6451866.00000000	-0.49433243	0.04329153	0.54062872
6446866.00000000	-0.42330188	0.04242285	0.60021466
6441866.00000000	-0.34841248	0.04130441	0.64883841
6436866.00000000	-0.27014108	0.03974969	0.68749969
6431866.00000000	-0.19047021	0.03822400	0.71606207
6426866.00000000	-0.10631931	0.03680179	0.73582217
6421866.00000000	-0.02053299	0.03545984	0.74571628
6416866.00000000	0.06823529	0.03355139	0.74533826
6411866.00000000	0.15972867	0.03083484	0.73325381
6406866.00000000	0.24947855	0.02723010	0.70925980
6401866.00000000	0.33952710	0.02282867	0.67219162
6396866.00000000	0.42320355	0.01800528	0.62438831
6391866.00000000	0.49940515	0.01327237	0.56699164
6386866.00000000	0.56664996	0.00914627	0.50082547
6381866.00000000	0.62044763	0.00510657	0.43166769
6376866.00000000	0.66429565	0.00171072	0.35779456
6371866.00000000	0.69850937	-0.00134439	0.27906180
6366866.00000000	0.72213361	-0.00398041	0.20119138
6361866.00000000	0.73737189	-0.00730438	0.11693549
6356866.00000000	0.74264661	-0.01137067	0.03330399
6351866.00000000	0.73768460	-0.01649347	-0.05436322
6346866.00000000	0.72165659	-0.02243732	-0.14351849
6341866.00000000	0.69414481	-0.02868665	-0.23281607
6336866.00000000	0.65402493	-0.03493347	-0.32327182
6331866.00000000	0.60439044	-0.04028250	-0.40749554
6326866.00000000	0.54620834	-0.04377277	-0.48453674
6321866.00000000	0.47883395	-0.04551382	-0.55452795
6316866.00000000	0.40940128	-0.04588107	-0.61066116
6311866.00000000	0.33357135	-0.04530099	-0.65787769
6306866.00000000	0.25721735	-0.04405844	-0.69349887
6301866.00000000	0.17816003	-0.04267725	-0.71972760
6296866.00000000	0.09512189	-0.04143518	-0.73712421
6291866.00000000	0.01044290	-0.04010669	-0.74453659
6286866.00000000	-0.07666968	-0.03824310	-0.74160040
6281866.00000000	-0.16789249	-0.03536813	-0.72664850
6276866.00000000	-0.25743738	-0.03160013	-0.69979413
6271866.00000000	-0.34704971	-0.02644629	-0.65971326
6266866.00000000	-0.43003998	-0.02054062	-0.60907162
6261866.00000000	-0.50612833	-0.01419888	-0.54839526
6256866.00000000	-0.57230237	-0.00824832	-0.48043762
6251866.00000000	-0.62626727	-0.00299008	-0.40912354
6246866.00000000	-0.67064059	0.00157114	-0.33229749
6241866.00000000	-0.70448730	0.00556815	-0.25352094
6236866.00000000	-0.72890860	0.00867654	-0.17294373
6231866.00000000	-0.74447723	0.01210434	-0.08912909
6226866.00000000	-0.75042999	0.01596924	-0.00348325
6221866.00000000	-0.74605518	0.02079654	0.08595911
6216866.00000000	-0.72985324	0.02565323	0.17684225
6211866.00000000	-0.70195483	0.03033658	0.26540768
6206866.00000000	-0.66097369	0.03488574	0.35371710
6201866.00000000	-0.60976382	0.03842920	0.43491110
6196866.00000000	-0.54904327	0.04010611	0.50844351
6191866.00000000	-0.48087628	0.04078665	0.57212527
6186866.00000000	-0.40878711	0.04064062	0.62460779
6181866.00000000	-0.33122473	0.04026138	0.66772369
6176866.00000000	-0.25265671	0.03991498	0.70039362
6171866.00000000	-0.17065619	0.04026050	0.72423541
6166866.00000000	-0.08505106	0.04087854	0.73932581
6161866.00000000	0.00141364	0.04133426	0.74451886
6156866.00000000	0.09358182	0.04143936	0.73892352
6151866.00000000	0.18532333	0.04012317	0.72196271
6146866.00000000	0.27687988	0.03747476	0.69293661
6141866.00000000	0.36715176	0.03312949	0.65151297
6136866.00000000	0.44870065	0.02765186	0.60105127
6131866.00000000	0.52337433	0.02166425	0.54087296
6126866.00000000	0.58592230	0.01601514	0.47575888
6121866.00000000	0.63769305	0.01091946	0.40570129
6116866.00000000	0.67942841	0.00669254	0.33100104
6111866.00000000	0.71059485	0.00278265	0.25495239
6106866.00000000	0.73309180	-0.00158585	0.17457956
6101866.00000000	0.74598230	-0.00653522	0.09171866
6096866.00000000	0.74868524	-0.01196149	0.00762613
6091866.00000000	0.73987650	-0.01884201	-0.08207166
6086866.00000000	0.71916586	-0.02609814	-0.17061646
6081866.00000000	0.68532764	-0.03348724	-0.26123410
6076866.00000000	0.63947003	-0.03976959	-0.34953448
6071866.00000000	0.58454575	-0.04369696	-0.43128333
6066866.00000000	0.52052353	-0.04628882	-0.50697699
6061866.00000000	0.45230447	-0.04698285	-0.57098544
6056866.00000000	0.37968307	-0.04644098	-0.62489746
6051866.00000000	0.30330310	-0.04520428	-0.66865057
6046866.00000000	0.22635464	-0.04354733	-0.70170151
6041866.00000000	0.14551590	-0.04161044	-0.72585324
6036866.00000000	0.06309723	-0.03937210	-0.74004733
6031866.00000000	-0.02157016	-0.03679630	-0.74406821
6026866.00000000	-0.11046228	-0.03362723	-0.73643845
6021866.00000000	-0.19660742	-0.03009683	-0.71704169
6016866.00000000	-0.28490353	-0.02607422	-0.68409470
6011866.00000000	-0.36885358	-0.02236203	-0.64018176
6006866.00000000	-0.44839679	-0.01890103	-0.58626059
6001866.00000000	-0.52015784	-0.01547629	-0.52491098
5996866.00000000	-0.58167758	-0.01177252	-0.45877643
5991866.00000000	-0.63378638	-0.00830679	-0.38754453
5986866.00000000	-0.67618793	-0.00499100	-0.31233517
5981866.00000000	-0.70834250	-0.00200165	-0.23597882
5976866.00000000	-0.73271088	0.00078537	-0.15350909
5971866.00000000	-0.74756223	0.00387610	-0.07097009
5966866.00000000	-0.75339838	0.00751880	0.01665594
5961866.00000000	-0.74898169	0.01203735	0.10704733
5956866.00000000	-0.73326047	0.01781110	0.19975403
5951866.00000000	-0.70547836	0.02440982	0.29195425
5946866.00000000	-0.66596176	0.03074274	0.38051685
5941866.00000000	-0.61618103	0.03573599	0.46120612
5936866.00000000	-0.55514264	0.03914432	0.53469046
5931866.00000000	-0.48817831	0.04090356	0.59519107
5926866.00000000	-0.41409045	0.04126614	0.64579184
5921866.00000000	-0.33778003	0.04078943	0.68477283
5916866.00000000	-0.25875909	0.03982474	0.71369162
5911866.00000000	-0.17549438	0.03891782	0.73347177
5906866.00000000	-0.09036182	0.03777054	0.74317517
5901866.00000000	-0.00060455	0.03654141	0.74204645
5896866.00000000	0.09154755	0.03461194	0.72942642
5891866.00000000	0.18424542	0.03202844	0.70486813
5886866.00000000	0.27954169	0.02880493	0.66794153
5881866.00000000	0.36919543	0.02466080	0.62125705
5876866.00000000	0.45204666	0.01992404	0.56674155
5871866.00000000	0.52568338	0.01501962	0.50536249
5866866.00000000	0.58703448	0.01035181	0.44038837
5861866.00000000	0.63883319	0.00612051	0.36949026
5856866.00000000	0.67916605	0.00255466	0.29666150
5851866.00000000	0.70985941	-0.00025989	0.22124832
5846866.00000000	0.73185989	-0.00308249	0.14195328
5841866.00000000	0.74436389	-0.00618643	0.06101047
5836866.00000000	0.74723248	-0.00991583	-0.02494492
5831866.00000000	0.73899048	-0.01440424	-0.11204895
5826866.00000000	0.71904578	-0.01951031	-0.20005237
5821866.00000000	0.68663446	-0.02505670	-0.28822589
5816866.00000000	0.64349329	-0.02975177	-0.37159113
5811866.00000000	0.58945923	-0.03360327	-0.45019394
5806866.00000000	0.52766693	-0.03548776	-0.51982809
5801866.00000000	0.45981696	-0.03673117	-0.57970389
5796866.00000000	0.38549887	-0.03646808	-0.63078836
5791866.00000000	0.31000696	-0.03584793	-0.67071970
5786866.00000000	0.23066718	-0.03495108	-0.70202533
5781866.00000000	0.14812857	-0.03445810	-0.72463580
5776866.00000000	0.06497079	-0.03316876	-0.73756241
5771866.00000000	-0.02291010	-0.03184775	-0.74112497
5766866.00000000	-0.11185239	-0.03058578	-0.73392484
5761866.00000000	-0.20399136	-0.02885400	-0.71479092
5756866.00000000	-0.29454605	-0.02641690	-0.68413440
5751866.00000000	-0.38026950	-0.02389111	-0.64296109
5746866.00000000	-0.46090958	-0.02079770	-0.59129501
5741866.00000000	-0.53093472	-0.01718820	-0.53286377
5736866.00000000	-0.59072858	-0.01344675	-0.46842935
5731866.00000000	-0.64095258	-0.00968805	-0.39789493
5726866.00000000	-0.68006061	-0.00613614	-0.32544556
5721866.00000000	-0.71047546	-0.00254050	-0.24878745
5716866.00000000	-0.73203046	0.00133658	-0.16991034
5711866.00000000	-0.74492715	0.00572275	-0.08811316
5706866.00000000	-0.74858560	0.01081345	-0.00214331
5701866.00000000	-0.74191696	0.01683765	0.08506985
5696866.00000000	-0.72354565	0.02336230	0.17573257
5691866.00000000	-0.69289716	0.02913794	0.26672165
5686866.00000000	-0.65125433	0.03348047	0.35369388
5681866.00000000	-0.59763266	0.03609430	0.43777844
5676866.00000000	-0.53783255	0.03695749	0.51019681
5671866.00000000	-0.46882504	0.03657837	0.57524893
5666866.00000000	-0.39664487	0.03556580	0.62812494
5661866.00000000	-0.32050955	0.03435867	0.67096164
5656866.00000000	-0.24011887	0.03342200	0.70451456
5651866.00000000	-0.15551416	0.03277975	0.72863821
5646866.00000000	-0.06775842	0.03265588	0.74264713
5641866.00000000	0.02619339	0.03243985	0.74597806
5636866.00000000	0.11791064	0.03112024	0.73761966
5631866.00000000	0.21394104	0.02932321	0.71595291
5626866.00000000	0.30687067	0.02717255	0.68190515
5621866.00000000	0.39508704	0.02465964	0.63632718
5616866.00000000	0.47519949	0.02164682	0.58102548
5611866.00000000	0.54485376	0.01823352	0.51826846
5606866.00000000	0.60354138	0.01459384	0.44949738
5601866.00000000	0.65084885	0.01108813	0.37750748
5596866.00000000	0.68783298	0.00783047	0.30327875
5591866.00000000	0.71657260	0.00457761	0.22369513
5586866.00000000	0.73525220	0.00112479	0.14522531
5581866.00000000	0.74534637	-0.00294055	0.06041879
5576866.00000000	0.74513828	-0.00783032	-0.02523828
5571866.00000000	0.73412335	-0.01354318	-0.11327841
5566866.00000000	0.71128357	-0.01972955	-0.20413165
5561866.00000000	0.67710919	-0.02578543	-0.29327078
5556866.00000000	0.63198984	-0.03127490	-0.37906027
5551866.00000000	0.57687924	-0.03546213	-0.45894772
5546866.00000000	0.51516898	-0.03828821	-0.52838715
5541866.00000000	0.44758511	-0.03962048	-0.58784317
5536866.00000000	0.37511160	-0.03984622	-0.63749661
5531866.00000000	0.29838556	-0.03972467	-0.67772739
5526866.00000000	0.21790433	-0.03958655	-0.70866534
5521866.00000000	0.13611792	-0.03948840	-0.73001389
5516866.00000000	0.04817813	-0.03945181	-0.74277780
5511866.00000000	-0.04258737	-0.03912561	-0.74515210
5506866.00000000	-0.13605420	-0.03811551	-0.73662909
5501866.00000000	-0.23214581	-0.03599811	-0.71559500
5496866.00000000	-0.32459042	-0.03263046	-0.68307178
5491866.00000000	-0.41323917	-0.02793539	-0.63876620
5486866.00000000	-0.49274536	-0.02266537	-0.58500085
5481866.00000000	-0.56030807	-0.01744424	-0.52420648
5476866.00000000	-0.61779810	-0.01252448	-0.45582855
5471866.00000000	-0.66243863	-0.00835236	-0.38528314
5466866.00000000	-0.69723380	-0.00453595	-0.31093491
5461866.00000000	-0.72286636	-0.00085928	-0.23174612
5456866.00000000	-0.73797119	0.00303217	-0.15232401
5451866.00000000	-0.74315231	0.00760764	-0.06599100
5446866.00000000	-0.73656961	0.01282175	0.02112509
5441866.00000000	-0.71738730	0.01845547	0.11240167
5436866.00000000	-0.68466800	0.02387863	0.20680194
5431866.00000000	-0.64092633	0.02839423	0.29844827
5426866.00000000	-0.58621426	0.03184082	0.38817111
5421866.00000000	-0.52439035	0.03401065	0.46963037
5416866.00000000	-0.45728061	0.03536560	0.54084769
5411866.00000000	-0.38458688	0.03594409	0.60214096
5406866.00000000	-0.31097055	0.03603360	0.65085071
5401866.00000000	-0.23276364	0.03599084	0.69031696
5396866.00000000	-0.15290982	0.03605997	0.71955557
5391866.00000000	-0.07003275	0.03610141	0.73940698
5386866.00000000	0.01777399	0.03578412	0.74963007
5381866.00000000	0.10597461	0.03498022	0.74888632
5376866.00000000	0.19709555	0.03326141	0.73573721
5371866.00000000	0.28489804	0.03097156	0.71077151
5366866.00000000	0.36863382	0.02733099	0.67457745
5361866.00000000	0.44716919	0.02271274	0.62797443
5356866.00000000	0.51762515	0.01799655	0.57273218
5351866.00000000	0.57868738	0.01332419	0.51066205
5346866.00000000	0.63043375	0.00871863	0.44215311
5341866.00000000	0.67134464	0.00499890	0.37175677
5336866.00000000	0.70445651	0.00132745	0.29602310
5331866.00000000	0.72846799	-0.00229980	0.21884512
5326866.00000000	0.74406161	-0.00635565	0.13851898
5321866.00000000	0.75042728	-0.01073932	0.05442746
5316866.00000000	0.74646463	-0.01530252	-0.03395135
5311866.00000000	0.73069357	-0.01981100	-0.12672488
5306866.00000000	0.70323373	-0.02432361	-0.22011264
5301866.00000000	0.66526334	-0.02733408	-0.31046942
5296866.00000000	0.61540573	-0.02901370	-0.39971185
5291866.00000000	0.55985074	-0.02924664	-0.47693225
5286866.00000000	0.49515884	-0.02849286	-0.54703116
5281866.00000000	0.42751584	-0.02728705	-0.60410864
5276866.00000000	0.35579544	-0.02578891	-0.65070041
5271866.00000000	0.27936523	-0.02452863	-0.68815881
5266866.00000000	0.20107437	-0.02327771	-0.71571957
5261866.00000000	0.11779501	-0.02213098	-0.73467593
5256866.00000000	0.02870996	-0.02091391	-0.74366925
5251866.00000000	-0.06005341	-0.01991321	-0.74193658
5246866.00000000	-0.15536533	-0.01896832	-0.72833286
5241866.00000000	-0.24743451	-0.01814590	-0.70370978
5236866.00000000	-0.33877661	-0.01672180	-0.66747913
5231866.00000000	-0.42451422	-0.01486884	-0.62102823
5226866.00000000	-0.50005237	-0.01221777	-0.56661240
5221866.00000000	-0.56536475	-0.00926099	-0.50481577
5216866.00000000	-0.61954404	-0.00615173	-0.43787939
5211866.00000000	-0.66311264	-0.00345627	-0.36694147
5206866.00000000	-0.69785397	-0.00076297	-0.29118887
5201866.00000000	-0.72258957	0.00183456	-0.21391705
5196866.00000000	-0.73870322	0.00470087	-0.13080695
5191866.00000000	-0.74447458	0.00757944	-0.04483215
5186866.00000000	-0.73942020	0.01116727	0.04397244
5181866.00000000	-0.72218091	0.01465146	0.13808783
5176866.00000000	-0.69262308	0.01855267	0.23316852
5171866.00000000	-0.65184021	0.02239981	0.32540259
5166866.00000000	-0.60131622	0.02477014	0.41186908
5161866.00000000	-0.54355295	0.02597241	0.48868469
5156866.00000000	-0.47770181	0.02664307	0.55690204
5151866.00000000	-0.40921286	0.02693039	0.61215842
5146866.00000000	-0.33575784	0.02611932	0.65789871
5141866.00000000	-0.25937302	0.02539532	0.69364328
5136866.00000000	-0.18070636	0.02445016	0.71993692
5131866.00000000	-0.09589120	0.02318436	0.73781912
5126866.00000000	-0.00945404	0.02217453	0.74559613
5121866.00000000	0.07936697	0.02094611	0.74268536
5116866.00000000	0.17295776	0.01939072	0.72764404
5111866.00000000	0.26336655	0.01781165	0.70096002
5106866.00000000	0.35324161	0.01597372	0.66182523
5101866.00000000	0.43926852	0.01337036	0.61016602
5096866.00000000	0.51259030	0.01083148	0.55186688
5091866.00000000	0.57773257	0.00856662	0.48444135
5086866.00000000	0.62878384	0.00632440	0.41588867
5081866.00000000	0.67128143	0.00510303	0.34150818
5076866.00000000	0.70429120	0.00350500	0.26365149
5071866.00000000	0.72760907	0.00237079	0.18446713
5066866.00000000	0.74232358	0.00090753	0.09932156
5061866.00000000	0.74685281	-0.00144070	0.01151175
5056866.00000000	0.74046466	-0.00506934	-0.08104391
5051866.00000000	0.72213806	-0.00860532	-0.17649573
5046866.00000000	0.69267899	-0.01279291	-0.27037857
5041866.00000000	0.65174271	-0.01727966	-0.36261014
5036866.00000000	0.60220236	-0.02129950	-0.44629953
5031866.00000000	0.54371634	-0.02389316	-0.52176843
5026866.00000000	0.47816708	-0.02568088	-0.58604428
5021866.00000000	0.40838474	-0.02659607	-0.63793698
5016866.00000000	0.33397565	-0.02742554	-0.67953314
5011866.00000000	0.25651062	-0.02813904	-0.71026428
5006866.00000000	0.17478354	-0.02885880	-0.73143958
5001866.00000000	0.08726825	-0.02991632	-0.74242902
4996866.00000000	-0.00162402	-0.03092969	-0.74179947
4991866.00000000	-0.09661340	-0.03136328	-0.72857394
4986866.00000000	-0.19211996	-0.03097214	-0.70276868
4981866.00000000	-0.28732196	-0.02957962	-0.66438263
4976866.00000000	-0.37808963	-0.02702298	-0.61583853
4971866.00000000	-0.45999875	-0.02338263	-0.55960245
4966866.00000000	-0.53160562	-0.01909250	-0.49708679
4961866.00000000	-0.59224902	-0.01447644	-0.42930579
4956866.00000000	-0.64093265	-0.01037027	-0.35917523
4951866.00000000	-0.68052621	-0.00593454	-0.28386102
4946866.00000000	-0.70919080	-0.00248596	-0.20875366
4941866.00000000	-0.72979620	0.00113077	-0.12791254
4936866.00000000	-0.74044736	0.00452728	-0.04530316
4931866.00000000	-0.74095255	0.00814468	0.03945798
4926866.00000000	-0.72981461	0.01238693	0.12866324
4921866.00000000	-0.70684720	0.01585397	0.21678711
4916866.00000000	-0.67177966	0.01927423	0.30437863
4911866.00000000	-0.62546909	0.02116553	0.38850983
4906866.00000000	-0.57169000	0.02236935	0.46371613
4901866.00000000	-0.50826663	0.02320932	0.53331088
4896866.00000000	-0.44161694	0.02321933	0.59108496
4891866.00000000	-0.36936148	0.02286932	0.64038034
4886866.00000000	-0.29426331	0.02244339	0.67995654
4881866.00000000	-0.21695117	0.02222531	0.71055536
4876866.00000000	-0.13579483	0.02229968	0.73255777
4871866.00000000	-0.05147391	0.02264771	0.74508810
4866866.00000000	0.03540753	0.02322458	0.74740372
4861866.00000000	0.12801620	0.02347412	0.73801599
4856866.00000000	0.21912283	0.02322308	0.71687482
4851866.00000000	0.31099179	0.02251633	0.68298508
4846866.00000000	0.39704959	0.02114624	0.63841498
4841866.00000000	0.47415234	0.01900491	0.58546948
4836866.00000000	0.54314072	0.01646017	0.52380383
4831866.00000000	0.59997089	0.01390933	0.45798694
4826866.00000000	0.64786426	0.01161533	0.38599954
4821866.00000000	0.68552164	0.00973553	0.31126062
4816866.00000000	0.71400955	0.00763641	0.23401004
4811866.00000000	0.73399176	0.00574426	0.15132892
4806866.00000000	0.74418671	0.00369858	0.06724213
4801866.00000000	0.74407422	0.00117764	-0.02186032
4796866.00000000	0.73241052	-0.00190536	-0.11439261
4791866.00000000	0.70913257	-0.00474759	-0.20695923
4786866.00000000	0.67303445	-0.00773987	-0.30198511
4781866.00000000	0.62738028	-0.01068158	-0.39007965
4776866.00000000	0.57296042	-0.01322253	-0.47072980
4771866.00000000	0.51091382	-0.01552621	-0.54208499
4766866.00000000	0.44529410	-0.01745663	-0.60065802
4761866.00000000	0.37349750	-0.01907678	-0.65036597
4756866.00000000	0.29935992	-0.02089963	-0.68909412
4751866.00000000	0.22277023	-0.02285837	-0.71815564
4746866.00000000	0.14111569	-0.02513995	-0.73819678
4741866.00000000	0.05811713	-0.02734683	-0.74785095
4736866.00000000	-0.03114191	-0.02932510	-0.74670175
4731866.00000000	-0.12282791	-0.02971628	-0.73317722
4726866.00000000	-0.21550500	-0.02899734	-0.70730988
4721866.00000000	-0.30788800	-0.02693417	-0.66928696
4716866.00000000	-0.39280234	-0.02346899	-0.62260110
4711866.00000000	-0.47174802	-0.01918631	-0.56705072
4706866.00000000	-0.54138831	-0.01496048	-0.50483047
4701866.00000000	-0.59962631	-0.01118704	-0.43802310
4696866.00000000	-0.64857349	-0.00780743	-0.36569168
4691866.00000000	-0.68667816	-0.00544583	-0.29167764
4686866.00000000	-0.71608759	-0.00331302	-0.21340182
4681866.00000000	-0.73655157	-0.00143549	-0.13081906
4676866.00000000	-0.74718646	0.00057040	-0.04581992
4671866.00000000	-0.74723071	0.00300601	0.04537460
4666866.00000000	-0.73529626	0.00558719	0.13777615
4661866.00000000	-0.71094510	0.00852820	0.23107306
4656866.00000000	-0.67357593	0.01144043	0.32440942
4651866.00000000	-0.62639813	0.01395969	0.40951343
4646866.00000000	-0.56841510	0.01609790	0.48842285
4641866.00000000	-0.50335641	0.01764108	0.55610916
4636866.00000000	-0.43315222	0.01873767	0.61251639
4631866.00000000	-0.35714532	0.01982162	0.65919348
4626866.00000000	-0.28084412	0.02076639	0.69435065
4621866.00000000	-0.19830331	0.02175897	0.72131235
4616866.00000000	-0.11232166	0.02322629	0.73871835
4611866.00000000	-0.02549213	0.02470175	0.74542273
4606866.00000000	0.06880832	0.02603726	0.74112204
4601866.00000000	0.16111514	0.02693729	0.72525388
4596866.00000000	0.25698056	0.02690207	0.69646326
4591866.00000000	0.34757751	0.02568512	0.65713837
4586866.00000000	0.43085110	0.02310974	0.60844302
4581866.00000000	0.50621069	0.01966180	0.55096036
4576866.00000000	0.56936670	0.01588937	0.48818460
4571866.00000000	0.62184570	0.01240451	0.42050180
4566866.00000000	0.66465366	0.00922241	0.34811569
4561866.00000000	0.69704422	0.00658710	0.27436902
4556866.00000000	0.72164536	0.00399133	0.19443027
4551866.00000000	0.73688062	0.00144788	0.11305630
4546866.00000000	0.74277496	-0.00133536	0.02653165
4541866.00000000	0.73800055	-0.00439990	-0.06353110
4536866.00000000	0.72205710	-0.00783124	-0.15437613
4531866.00000000	0.69419159	-0.01128989	-0.24693854
4526866.00000000	0.65518137	-0.01441351	-0.33727081
4521866.00000000	0.60720004	-0.01713409	-0.42083511
4516866.00000000	0.54963708	-0.01976962	-0.49734286
4511866.00000000	0.48757639	-0.02155557	-0.56150644
4506866.00000000	0.41789697	-0.02255170	-0.61742389
4501866.00000000	0.34514929	-0.02311581	-0.66236478
4496866.00000000	0.27006653	-0.02379327	-0.69731482
4491866.00000000	0.18963168	-0.02469174	-0.72401544
4486866.00000000	0.10701624	-0.02572992	-0.74103571
4481866.00000000	0.01924005	-0.02689331	-0.74819846
4476866.00000000	-0.07324551	-0.02777826	-0.74383075
4471866.00000000	-0.16579388	-0.02823083	-0.72761917
4466866.00000000	-0.26065482	-0.02754578	-0.69828354
4461866.00000000	-0.35118829	-0.02553802	-0.65804599
4456866.00000000	-0.43525452	-0.02257950	-0.60800247
4451866.00000000	-0.51122205	-0.01858139	-0.54917590
4446866.00000000	-0.57439929	-0.01493622	-0.48622720
4441866.00000000	-0.62845114	-0.01138016	-0.41682169
4436866.00000000	-0.67147641	-0.00833609	-0.34486642
4431866.00000000	-0.70490961	-0.00538950	-0.26994870
4426866.00000000	-0.72998053	-0.00241656	-0.18911316
4421866.00000000	-0.74478839	0.00086038	-0.10695020
4416866.00000000	-0.74944479	0.00452325	-0.01928317
4411866.00000000	-0.74236749	0.00852948	0.07179956
4406866.00000000	-0.72322073	0.01232822	0.16482333
4401866.00000000	-0.69180957	0.01587982	0.25950650
4396866.00000000	-0.64991980	0.01862369	0.35021216
4391866.00000000	-0.59854565	0.02052039	0.43517300
4386866.00000000	-0.53898401	0.02193112	0.51147198
4381866.00000000	-0.47514807	0.02257159	0.57477399
4376866.00000000	-0.40554337	0.02266467	0.62828964
4371866.00000000	-0.33259991	0.02247525	0.67112491
4366866.00000000	-0.25666638	0.02206888	0.70404724
4361866.00000000	-0.17670953	0.02167355	0.72813669
4356866.00000000	-0.09571597	0.02117307	0.74222015
4351866.00000000	-0.00996030	0.02035553	0.74640411
4346866.00000000	0.07931421	0.01915024	0.73917825
4341866.00000000	0.16890341	0.01726782	0.71990521
4336866.00000000	0.25983990	0.01493146	0.68788858
4331866.00000000	0.34568793	0.01230643	0.64586365
4326866.00000000	0.42675311	0.00960822	0.59400760
4321866.00000000	0.49875903	0.00725592	0.53559293
4316866.00000000	0.56081909	0.00532523	0.47219522
4311866.00000000	0.61433478	0.00374664	0.40293417
4306866.00000000	0.65654230	0.00253833	0.33271820
4301866.00000000	0.69044412	0.00162015	0.25891522
4296866.00000000	0.71598962	0.00048236	0.18103146
4291866.00000000	0.73235922	-0.00088342	0.10097876
4286866.00000000	0.73918875	-0.00273349	0.01593423
4281866.00000000	0.73484091	-0.00493231	-0.07234399
4276866.00000000	0.71874866	-0.00769974	-0.16183951
4271866.00000000	0.68931708	-0.01080347	-0.25474524
4266866.00000000	0.64906812	-0.01368533	-0.34248355
4261866.00000000	0.59690295	-0.01596445	-0.42748285
4256866.00000000	0.53767706	-0.01734793	-0.50168701
4251866.00000000	0.47142752	-0.01771201	-0.56653210
4246866.00000000	0.39984106	-0.01754800	-0.62102850
4241866.00000000	0.32571860	-0.01714774	-0.66467273
4236866.00000000	0.24729288	-0.01675906	-0.69918655
4231866.00000000	0.16604926	-0.01640448	-0.72435727
4226866.00000000	0.08206488	-0.01631094	-0.74001318
4221866.00000000	-0.00685910	-0.01641055	-0.74533240
4216866.00000000	-0.09701508	-0.01655176	-0.73910281
4211866.00000000	-0.19020389	-0.01690839	-0.72024420
4206866.00000000	-0.28141837	-0.01707590	-0.68946768
4201866.00000000	-0.36885062	-0.01695697	-0.64761658
4196866.00000000	-0.45056943	-0.01625137	-0.59592365
4191866.00000000	-0.52291055	-0.01498837	-0.53708551
4186866.00000000	-0.58458447	-0.01334763	-0.47280069
4181866.00000000	-0.63695685	-0.01153055	-0.40280801
4176866.00000000	-0.67795999	-0.00974780	-0.33191287
4171866.00000000	-0.71130191	-0.00788403	-0.25517303
4166866.00000000	-0.73484183	-0.00593430	-0.17773260
4161866.00000000	-0.74957791	-0.00356039	-0.09664401
4156866.00000000	-0.75444510	-0.00037811	-0.01057999
4151866.00000000	-0.74834622	0.00371405	0.07627808
4146866.00000000	-0.73001733	0.00867978	0.16659442
4141866.00000000	-0.69979660	0.01371170	0.25621533
4136866.00000000	-0.65829721	0.01803491	0.34288327
4131866.00000000	-0.60606845	0.02108243	0.42555963
4126866.00000000	-0.54765405	0.02313330	0.49732004
4121866.00000000	-0.48158942	0.02356635	0.56121854
4116866.00000000	-0.41084232	0.02321796	0.61513385
4111866.00000000	-0.33698373	0.02246033	0.65942255
4106866.00000000	-0.25846240	0.02177948	0.69549002
4101866.00000000	-0.17742023	0.02115729	0.72246118
4096866.00000000	-0.09169162	0.02046487	0.74083273
4091866.00000000	-0.00149213	0.01974115	0.74911160
4086866.00000000	0.09109125	0.01910416	0.74631631
4081866.00000000	0.18722775	0.01839761	0.73124429
4076866.00000000	0.28024460	0.01750372	0.70395053
4071866.00000000	0.37057233	0.01614905	0.66445029
4066866.00000000	0.45349841	0.01404773	0.61431195
4061866.00000000	0.52499731	0.01168594	0.55640588
4056866.00000000	0.58633127	0.00917392	0.49108633
4051866.00000000	0.63696478	0.00691678	0.42065002
4046866.00000000	0.67771344	0.00495416	0.34606952
4041866.00000000	0.70948349	0.00327765	0.26702322
4036866.00000000	0.73182550	0.00170285	0.18535898
4031866.00000000	0.74519672	0.00007382	0.09749936
4026866.00000000	0.74806473	-0.00155768	0.00446161
4021866.00000000	0.73983841	-0.00323773	-0.09109729
4016866.00000000	0.71942249	-0.00504141	-0.19103549
4011866.00000000	0.68814072	-0.00652148	-0.28775311
4006866.00000000	0.64621149	-0.00761642	-0.38051947
4001866.00000000	0.59479059	-0.00822601	-0.46501147
3996866.00000000	0.53623398	-0.00829343	-0.53768979
3991866.00000000	0.47016959	-0.00824899	-0.60023965
3986866.00000000	0.40071677	-0.00826947	-0.65024399
3981866.00000000	0.32682056	-0.00857932	-0.69052527
3976866.00000000	0.24843185	-0.00905936	-0.72155261
3971866.00000000	0.16767435	-0.00988541	-0.74241199
3966866.00000000	0.08142996	-0.01112924	-0.75327304
3961866.00000000	-0.00831812	-0.01249347	-0.75267395
3956866.00000000	-0.10157208	-0.01390720	-0.73948831
3951866.00000000	-0.19616306	-0.01475235	-0.71324850
3946866.00000000	-0.28837283	-0.01485153	-0.67488547
3941866.00000000	-0.37540546	-0.01412006	-0.62600253
3936866.00000000	-0.45531946	-0.01247491	-0.56776862
3931866.00000000	-0.52457095	-0.01060455	-0.50333749
3926866.00000000	-0.58570081	-0.00878909	-0.43128174
3921866.00000000	-0.63474237	-0.00709332	-0.35773230
3916866.00000000	-0.67638647	-0.00557297	-0.27737115
3911866.00000000	-0.70796268	-0.00420264	-0.19619995
3906866.00000000	-0.73113632	-0.00293512	-0.11016046
3901866.00000000	-0.74501056	-0.00167099	-0.01861700
3896866.00000000	-0.74810516	-0.00050900	0.07498087
3891866.00000000	-0.73906952	0.00056375	0.17311063
3886866.00000000	-0.71729419	0.00121362	0.27136288
3881866.00000000	-0.68349338	0.00174176	0.36458063
3876866.00000000	-0.63769794	0.00251135	0.45243060
3871866.00000000	-0.58322977	0.00317010	0.52860873
3866866.00000000	-0.51917435	0.00379428	0.59536475
3861866.00000000	-0.45180725	0.00460767	0.64800323
3856866.00000000	-0.37987164	0.00557724	0.69019400
3851866.00000000	-0.30434033	0.00629282	0.72248428
3846866.00000000	-0.22540115	0.00708640	0.74535129
3841866.00000000	-0.14382370	0.00762225	0.75874203
3836866.00000000	-0.05724500	0.00829440	0.76152798
3831866.00000000	0.03051855	0.00873178	0.75305084
3826866.00000000	0.12409451	0.00897800	0.73200528
3821866.00000000	0.21616565	0.00899765	0.70003412
3816866.00000000	0.30682574	0.00833176	0.65818173
3811866.00000000	0.39315121	0.00753436	0.60839136
3806866.00000000	0.47105188	0.00665756	0.55285202
3801866.00000000	0.54076147	0.00591330	0.49122064
3796866.00000000	0.59924066	0.00526483	0.42623178
3791866.00000000	0.64760999	0.00477606	0.35764786
3786866.00000000	0.68725793	0.00442685	0.28449280
3781866.00000000	0.71716367	0.00407126	0.20941061
3776866.00000000	0.73864792	0.00344717	0.12929584
3771866.00000000	0.75031635	0.00260962	0.04542389
3766866.00000000	0.75142517	0.00105957	-0.04209506
3761866.00000000	0.74056345	-0.00090320	-0.13400543
3756866.00000000	0.71736313	-0.00294464	-0.22618130
3751866.00000000	0.68163486	-0.00470728	-0.31792599
3746866.00000000	0.63428070	-0.00566824	-0.40457962
3741866.00000000	0.57796420	-0.00544669	-0.48212885
3736866.00000000	0.51338675	-0.00475574	-0.55004221
3731866.00000000	0.44393701	-0.00335937	-0.60634161
3726866.00000000	0.36936588	-0.00188513	-0.65263892
3721866.00000000	0.29107492	-0.00053397	-0.68920908
3716866.00000000	0.21160587	0.00007611	-0.71572141
3711866.00000000	0.12615472	-0.00004874	-0.73356830
3706866.00000000	0.03763223	-0.00063812	-0.74148944
3701866.00000000	-0.05521738	-0.00189819	-0.73793384
3696866.00000000	-0.15244867	-0.00348489	-0.72171552
3691866.00000000	-0.24744073	-0.00558209	-0.69354218
3686866.00000000	-0.34144879	-0.00691422	-0.65257916
3681866.00000000	-0.42783862	-0.00720001	-0.60196750
3676866.00000000	-0.50444537	-0.00640308	-0.54357324
3671866.00000000	-0.57087198	-0.00458063	-0.47847495
3666866.00000000	-0.62528085	-0.00252319	-0.41016696
3661866.00000000	-0.66997989	-0.00030466	-0.33760672
3656866.00000000	-0.70508563	0.00195389	-0.26236993
3651866.00000000	-0.73107071	0.00433243	-0.18477527
3646866.00000000	-0.74823605	0.00690604	-0.10299182
3641866.00000000	-0.75526852	0.00961121	-0.01888736
3636866.00000000	-0.75141138	0.01241699	0.06928775
3631866.00000000	-0.73575491	0.01511581	0.15956387
3626866.00000000	-0.70845886	0.01678720	0.24917371
3621866.00000000	-0.66972726	0.01726593	0.33715063
3616866.00000000	-0.62150107	0.01613342	0.41903079
3611866.00000000	-0.56388928	0.01390707	0.49413748
3606866.00000000	-0.49951257	0.01095016	0.55923178
3601866.00000000	-0.42987097	0.00827948	0.61413147
3596866.00000000	-0.35578030	0.00564087	0.65937619
3591866.00000000	-0.27760791	0.00363553	0.69572894
3586866.00000000	-0.19682816	0.00256546	0.72299945
3581866.00000000	-0.10991248	0.00219168	0.74205942
3576866.00000000	-0.02127338	0.00276865	0.75110620
3571866.00000000	0.07233585	0.00429849	0.74948373
3566866.00000000	0.16708170	0.00641629	0.73561530
3561866.00000000	0.25982843	0.00918332	0.70959125
3556866.00000000	0.34954248	0.01158405	0.67136237
3551866.00000000	0.43122711	0.01286285	0.62293890
3546866.00000000	0.50408585	0.01310788	0.56530194
3541866.00000000	0.56609650	0.01217776	0.50083273
3536866.00000000	0.61703525	0.01081509	0.43208350
3531866.00000000	0.65909033	0.00920108	0.35818317
3526866.00000000	0.69148273	0.00752002	0.28225607
3521866.00000000	0.71552042	0.00527792	0.20126581
3516866.00000000	0.73037122	0.00279156	0.11666864
3511866.00000000	0.73528479	-0.00028656	0.02798148
3506866.00000000	0.72927457	-0.00353329	-0.06516351
3501866.00000000	0.71174481	-0.00653473	-0.16116837
3496866.00000000	0.68379663	-0.00915445	-0.25513733
3491866.00000000	0.64486984	-0.01122186	-0.34764917
3486866.00000000	0.59823926	-0.01262491	-0.43053488
3481866.00000000	0.54229404	-0.01370602	-0.50589035
3476866.00000000	0.48080380	-0.01422281	-0.56927304
3471866.00000000	0.41407755	-0.01440344	-0.62206000
3466866.00000000	0.34155829	-0.01427936	-0.66567172
3461866.00000000	0.26608759	-0.01396405	-0.69937964
3456866.00000000	0.18610892	-0.01375922	-0.72428738
3451866.00000000	0.10138812	-0.01339746	-0.73969824
3446866.00000000	0.01240186	-0.01269077	-0.74476941
3441866.00000000	-0.08120740	-0.01214001	-0.73838968
3436866.00000000	-0.17524326	-0.01164929	-0.72031409
3431866.00000000	-0.26953925	-0.01086292	-0.69037775
3426866.00000000	-0.35988559	-0.00981857	-0.64965228
3421866.00000000	-0.44250815	-0.00845135	-0.59980682
3416866.00000000	-0.51572058	-0.00711307	-0.54163022
3411866.00000000	-0.57699011	-0.00592474	-0.47836368
3406866.00000000	-0.62821960	-0.00484848	-0.40981796
3401866.00000000	-0.66996704	-0.00383401	-0.33643246
3396866.00000000	-0.70215842	-0.00303009	-0.26027872
3391866.00000000	-0.72618494	-0.00213339	-0.17833014
3386866.00000000	-0.74069397	-0.00113721	-0.09324310
3381866.00000000	-0.74526880	0.00012598	-0.00334039
3376866.00000000	-0.73867511	0.00168723	0.09120300
3371866.00000000	-0.72045248	0.00321161	0.18613681
3366866.00000000	-0.69020203	0.00490555	0.28133270
3361866.00000000	-0.64873099	0.00614807	0.37153638
3356866.00000000	-0.59818839	0.00726706	0.45280609
3351866.00000000	-0.53887134	0.00831204	0.52495981
3346866.00000000	-0.47321146	0.00879761	0.58582785
3341866.00000000	-0.40277744	0.00907980	0.63593155
3336866.00000000	-0.32787839	0.00914917	0.67649899
3331866.00000000	-0.24972867	0.00931668	0.70724844
3326866.00000000	-0.16630768	0.00971860	0.72912155
3321866.00000000	-0.07988925	0.01026944	0.74058710
3316866.00000000	0.01180301	0.01088889	0.74124606
3311866.00000000	0.10729077	0.01144424	0.73001651
3306866.00000000	0.20306357	0.01162192	0.70700388
3301866.00000000	0.29769373	0.01141974	0.67268912
3296866.00000000	0.38679514	0.01044464	0.62851312
3291866.00000000	0.46665918	0.00890836	0.57648911
3286866.00000000	0.53722171	0.00706143	0.51691434
3281866.00000000	0.59585425	0.00540201	0.45278836
3276866.00000000	0.64511957	0.00406396	0.38280130
3271866.00000000	0.68391571	0.00309241	0.31026639
3266866.00000000	0.71398892	0.00238010	0.23361148
3261866.00000000	0.73514825	0.00167877	0.15260794
3256866.00000000	0.74663528	0.00093549	0.06756268
3251866.00000000	0.74742078	-0.00002756	-0.02094821
3246866.00000000	0.73640277	-0.00134586	-0.11375851
3241866.00000000	0.71372272	-0.00297134	-0.20546210
3236866.00000000	0.67850653	-0.00492209	-0.29867877
3231866.00000000	0.63402606	-0.00677023	-0.38438776
3226866.00000000	0.58004514	-0.00855438	-0.46341608
3221866.00000000	0.51882605	-0.00993109	-0.53263763
3216866.00000000	0.45291272	-0.01135632	-0.59055679
3211866.00000000	0.38215652	-0.01222299	-0.63881302
3206866.00000000	0.30804807	-0.01307611	-0.67738443
3201866.00000000	0.23062576	-0.01404126	-0.70658295
3196866.00000000	0.14952856	-0.01541763	-0.72636813
3191866.00000000	0.06619669	-0.01717688	-0.73554346
3186866.00000000	-0.02134851	-0.01919089	-0.73326144
3181866.00000000	-0.10905579	-0.02065649	-0.71878653
3176866.00000000	-0.19553848	-0.02128107	-0.69203610
3171866.00000000	-0.27737479	-0.02048676	-0.65507388
3166866.00000000	-0.35359656	-0.01810489	-0.60917413
3161866.00000000	-0.42142493	-0.01473645	-0.55706030
3156866.00000000	-0.48248734	-0.01074750	-0.49832614
3151866.00000000	-0.53374301	-0.00679837	-0.43665039
3146866.00000000	-0.57829599	-0.00301285	-0.36932581
3141866.00000000	-0.61373987	0.00050180	-0.30090930
3136866.00000000	-0.64215601	0.00392169	-0.22793433
3131866.00000000	-0.66277530	0.00727521	-0.15136765
3126866.00000000	-0.67482486	0.01048981	-0.07234357
3121866.00000000	-0.67747467	0.01344977	0.01040128
3116866.00000000	-0.67000220	0.01595541	0.09401834
3111866.00000000	-0.65163379	0.01801797	0.17850406
3106866.00000000	-0.62240656	0.01896069	0.26095926
3101866.00000000	-0.58337305	0.01903271	0.33807300
3096866.00000000	-0.53562830	0.01841418	0.40873056
3091866.00000000	-0.48058600	0.01734253	0.47161212
3086866.00000000	-0.41981000	0.01616238	0.52631256
3081866.00000000	-0.35386505	0.01530933	0.57338620
3076866.00000000	-0.28421426	0.01509756	0.61237689
3071866.00000000	-0.21000082	0.01584274	0.64428433
3066866.00000000	-0.13079788	0.01780429	0.66916660
3061866.00000000	-0.04637686	0.02111453	0.68673987
3056866.00000000	0.04451965	0.02630075	0.69636734
3051866.00000000	0.14025983	0.03300229	0.69740463
3046866.00000000	0.24148788	0.04025018	0.68898917
3041866.00000000	0.34489429	0.04603616	0.67018179
3036866.00000000	0.44368317	0.04846951	0.64019952
3031866.00000000	0.53294409	0.04725763	0.59850235
3026866.00000000	0.60904645	0.04376376	0.54623877
3021866.00000000	0.67105237	0.03934549	0.48576651
3016866.00000000	0.72055899	0.03449600	0.41844153
3011866.00000000	0.75853845	0.02917621	0.34595724
3006866.00000000	0.78578760	0.02279166	0.26807635
3001866.00000000	0.80112784	0.01473267	0.18555170
2996866.00000000	0.80276575	0.00433661	0.09812631
2991866.00000000	0.78800958	-0.00774762	0.00561490
2986866.00000000	0.75590759	-0.01979913	-0.08818314
2981866.00000000	0.70798654	-0.02909830	-0.18128934
2976866.00000000	0.64884036	-0.03441693	-0.26964215
2971866.00000000	0.58417905	-0.03588910	-0.34926123
2966866.00000000	0.51580389	-0.03484177	-0.42028387
2961866.00000000	0.44635742	-0.03262729	-0.48095169
2956866.00000000	0.37551926	-0.02993848	-0.53249814
2951866.00000000	0.30234875	-0.02731577	-0.57572784
2946866.00000000	0.22960864	-0.02502292	-0.60948981
2941866.00000000	0.15258780	-0.02328842	-0.63592383
2936866.00000000	0.07510532	-0.02186063	-0.65337003
2931866.00000000	-0.00647195	-0.02074863	-0.66205301
2926866.00000000	-0.08784464	-0.01967700	-0.66069034
2921866.00000000	-0.16986099	-0.01891873	-0.64866855
2916866.00000000	-0.24956488	-0.01826242	-0.62585550
2911866.00000000	-0.32507892	-0.01767938	-0.59262003
2906866.00000000	-0.39479172	-0.01717694	-0.55018674
2901866.00000000	-0.45776086	-0.01674033	-0.49988892
2896866.00000000	-0.51328473	-0.01619376	-0.44317538
2891866.00000000	-0.56182318	-0.01561169	-0.38090161
2886866.00000000	-0.60279416	-0.01505313	-0.31480347
2881866.00000000	-0.63681247	-0.01449182	-0.24488821
2876866.00000000	-0.66423331	-0.01401208	-0.17060886
2871866.00000000	-0.68399966	-0.01338147	-0.09342545
2866866.00000000	-0.69596988	-0.01241333	-0.01118777
2861866.00000000	-0.69874838	-0.01091864	0.07436206
2856866.00000000	-0.69101212	-0.00887112	0.16204721
2851866.00000000	-0.67151349	-0.00604654	0.25194537
2846866.00000000	-0.64088086	-0.00284418	0.33683990
2841866.00000000	-0.59788440	0.00077744	0.41905707
2836866.00000000	-0.54535568	0.00401645	0.49267319
2831866.00000000	-0.48387479	0.00718106	0.55803342
2826866.00000000	-0.41654330	0.01007693	0.61343958
2821866.00000000	-0.34374167	0.01264963	0.65968076
2816866.00000000	-0.26664145	0.01503546	0.69683777
2811866.00000000	-0.18424789	0.01715616	0.72508484
2806866.00000000	-0.09824188	0.01887518	0.74321597
2801866.00000000	-0.00659674	0.01967120	0.75064914
2796866.00000000	0.08680566	0.01931348	0.74568723
2791866.00000000	0.18173926	0.01838681	0.72758154
2786866.00000000	0.27578909	0.01661191	0.69650638
2781866.00000000	0.36289139	0.01464035	0.65478867
2776866.00000000	0.44366724	0.01244009	0.60318121
2771866.00000000	0.51400912	0.01037323	0.54482138
2766866.00000000	0.57443314	0.00862894	0.48117480
2761866.00000000	0.62575717	0.00696466	0.41257187
2756866.00000000	0.66743094	0.00548706	0.34122552
2751866.00000000	0.70108206	0.00421060	0.26584894
2746866.00000000	0.72596890	0.00288455	0.18692703
2741866.00000000	0.74192047	0.00138882	0.10440503
2736866.00000000	0.74790546	-0.00033447	0.01603171
2731866.00000000	0.74235168	-0.00236108	-0.07431870
2726866.00000000	0.72466528	-0.00435818	-0.16763559
2721866.00000000	0.69486469	-0.00609348	-0.26089352
2716866.00000000	0.65443954	-0.00778189	-0.34973569
2711866.00000000	0.60386423	-0.00962186	-0.43280255
2706866.00000000	0.54615305	-0.01131161	-0.50608148
2701866.00000000	0.48146078	-0.01286761	-0.57010406
2696866.00000000	0.41213333	-0.01425110	-0.62377802
2691866.00000000	0.33948178	-0.01551813	-0.66727548
2686866.00000000	0.26235880	-0.01663968	-0.70197302
2681866.00000000	0.18231985	-0.01776099	-0.72687488
2676866.00000000	0.09738324	-0.01876160	-0.74191428
2671866.00000000	0.00721255	-0.01962073	-0.74545218
2666866.00000000	-0.08453543	-0.02027213	-0.73666754
2661866.00000000	-0.17957504	-0.02049976	-0.71465454
2656866.00000000	-0.27276138	-0.02113605	-0.68076236
2651866.00000000	-0.36119754	-0.01948227	-0.63658569
2646866.00000000	-0.44335852	-0.01693384	-0.58331573
2641866.00000000	-0.51484421	-0.01421140	-0.52441846
2636866.00000000	-0.57721194	-0.01153775	-0.45945471
2631866.00000000	-0.62944693	-0.00926440	-0.39090469
2626866.00000000	-0.67206683	-0.00734164	-0.31922354
2621866.00000000	-0.70680182	-0.00567831	-0.24269601
2616866.00000000	-0.73262686	-0.00419501	-0.16247577
2611866.00000000	-0.74897049	-0.00265115	-0.07945157
2606866.00000000	-0.75537448	-0.00062912	0.00956598
2601866.00000000	-0.75036670	0.00191077	0.09893771
2596866.00000000	-0.73277838	0.00516830	0.19419104
2591866.00000000	-0.70399170	0.00860178	0.28508075
2586866.00000000	-0.66309857	0.01217953	0.37441699
2581866.00000000	-0.61267380	0.01514478	0.45575693
2576866.00000000	-0.55532303	0.01716617	0.52622470
2571866.00000000	-0.49052588	0.01829233	0.58727008
2566866.00000000	-0.42189438	0.01884283	0.63714139
2561866.00000000	-0.34941107	0.01931662	0.67729871
2556866.00000000	-0.27157004	0.01983301	0.70856931
2551866.00000000	-0.19064465	0.02058054	0.72993842
2546866.00000000	-0.10403674	0.02158258	0.74104034
2541866.00000000	-0.01328165	0.02239859	0.74043912
2536866.00000000	0.08040567	0.02269739	0.72701096
2531866.00000000	0.17705289	0.02233368	0.70107031
2526866.00000000	0.27129114	0.02106067	0.66407123
2521866.00000000	0.36013525	0.01931284	0.61826840
2516866.00000000	0.44272397	0.01693820	0.56399442
2511866.00000000	0.51442865	0.01441547	0.50466034
2506866.00000000	0.57832199	0.01190472	0.43791339
2501866.00000000	0.62970120	0.00985391	0.37003427
2496866.00000000	0.67308829	0.00805536	0.29685278
2491866.00000000	0.70727875	0.00644019	0.22075256
2486866.00000000	0.73275928	0.00489069	0.14083893
2481866.00000000	0.74912543	0.00313489	0.05521295
2476866.00000000	0.75456488	0.00099191	-0.03344110
2471866.00000000	0.74813251	-0.00164685	-0.12450708
2466866.00000000	0.72870032	-0.00485971	-0.21809619
2461866.00000000	0.69707010	-0.00820819	-0.30763452
2456866.00000000	0.65299118	-0.01161487	-0.39328400
2451866.00000000	0.59960883	-0.01453284	-0.46958578
2446866.00000000	0.53831949	-0.01686255	-0.53663535
2441866.00000000	0.47025565	-0.01842746	-0.59457422
2436866.00000000	0.39887674	-0.01948032	-0.64231100
2431866.00000000	0.32319855	-0.02026718	-0.68126648
2426866.00000000	0.24307269	-0.02119260	-0.71209808
2421866.00000000	0.15949255	-0.02245465	-0.73374536
2416866.00000000	0.07080145	-0.02362845	-0.74588461
2411866.00000000	-0.02155096	-0.02427921	-0.74745178
2406866.00000000	-0.11729129	-0.02438089	-0.73751599
2401866.00000000	-0.21358188	-0.02338995	-0.71607483
2396866.00000000	-0.30639017	-0.02170074	-0.68355771
2391866.00000000	-0.39314798	-0.01950128	-0.64085223
2386866.00000000	-0.47131549	-0.01707141	-0.58947610
2381866.00000000	-0.53893774	-0.01471671	-0.53120990
2376866.00000000	-0.59664771	-0.01259311	-0.46693814
2371866.00000000	-0.64466617	-0.01064142	-0.39832620
2366866.00000000	-0.68435208	-0.00864078	-0.32499942
2361866.00000000	-0.71587689	-0.00638199	-0.24652231
2356866.00000000	-0.73865494	-0.00355313	-0.16371158
2351866.00000000	-0.75216052	0.00004010	-0.07480569
2346866.00000000	-0.75492233	0.00445941	0.01778616
2341866.00000000	-0.74630649	0.00937769	0.11357831
2336866.00000000	-0.72570004	0.01442792	0.21078519
2331866.00000000	-0.69416696	0.01858286	0.30380252
2326866.00000000	-0.65147766	0.02149219	0.39180963
2321866.00000000	-0.60000980	0.02302325	0.46992654
2316866.00000000	-0.54107419	0.02332303	0.53763345
2311866.00000000	-0.47609030	0.02317575	0.59493661
2306866.00000000	-0.40742352	0.02285464	0.64185019
2301866.00000000	-0.33351529	0.02280740	0.67985950
2296866.00000000	-0.25602554	0.02306406	0.70865137
2291866.00000000	-0.17229483	0.02368753	0.72814841
2286866.00000000	-0.08433228	0.02445102	0.73705319
2281866.00000000	0.00856470	0.02500116	0.73452414
2276866.00000000	0.10427344	0.02522733	0.72022620
2271866.00000000	0.20313528	0.02471198	0.69446680
2266866.00000000	0.29769363	0.02351022	0.65921796
2261866.00000000	0.38906360	0.02144907	0.61422620
2256866.00000000	0.46874942	0.01876086	0.56332748
2251866.00000000	0.53978403	0.01585336	0.50503766
2246866.00000000	0.59958475	0.01285611	0.44186206
2241866.00000000	0.64947665	0.01022726	0.37387457
2236866.00000000	0.69077737	0.00752499	0.30020840
2231866.00000000	0.72243604	0.00414279	0.22401843
2226866.00000000	0.74531937	0.00002090	0.14261844
2221866.00000000	0.75846771	-0.00504779	0.05468738
2216866.00000000	0.76025189	-0.01073782	-0.03633249
2211866.00000000	0.74971332	-0.01655246	-0.13192328
2206866.00000000	0.72719537	-0.02165512	-0.22723022
2201866.00000000	0.69265656	-0.02559863	-0.32159381
2196866.00000000	0.64800812	-0.02817990	-0.40891110
2191866.00000000	0.59427222	-0.02965018	-0.48710358
2186866.00000000	0.53366180	-0.03015662	-0.55439789
2181866.00000000	0.46671213	-0.03003854	-0.61150198
2176866.00000000	0.39674240	-0.02972183	-0.65745483
2171866.00000000	0.32087766	-0.02933426	-0.69489606
2166866.00000000	0.24285852	-0.02897781	-0.72200354
2161866.00000000	0.15768857	-0.02874164	-0.74045139
2156866.00000000	0.06821219	-0.02837344	-0.74814166
2151866.00000000	-0.02596527	-0.02769473	-0.74465445
2146866.00000000	-0.12542291	-0.02630612	-0.72906818
2141866.00000000	-0.22386349	-0.02430515	-0.70286627
2136866.00000000	-0.32090146	-0.02166422	-0.66588654
2131866.00000000	-0.41080573	-0.01854456	-0.61990439
2126866.00000000	-0.48996768	-0.01523181	-0.56676907
2121866.00000000	-0.55927982	-0.01189767	-0.50608215
2116866.00000000	-0.61659378	-0.00912897	-0.44083875
2111866.00000000	-0.66425983	-0.00637796	-0.37094067
2106866.00000000	-0.70303723	-0.00364233	-0.29634802
2101866.00000000	-0.73294684	-0.00083789	-0.21786798
2096866.00000000	-0.75441238	0.00261627	-0.13317920
2091866.00000000	-0.76592548	0.00676144	-0.04406763
2086866.00000000	-0.76679205	0.01184293	0.04906180
2081866.00000000	-0.75550903	0.01705377	0.14673190
2076866.00000000	-0.73233832	0.02196008	0.24326324
2071866.00000000	-0.69660815	0.02553708	0.33773889
2066866.00000000	-0.65078543	0.02761816	0.42289700
2061866.00000000	-0.59499463	0.02853503	0.49896558
2056866.00000000	-0.53141037	0.02851886	0.56414935
2051866.00000000	-0.46320319	0.02820737	0.61740094
2046866.00000000	-0.38929089	0.02772351	0.66139359
2041866.00000000	-0.31112515	0.02770767	0.69557745
2036866.00000000	-0.22830438	0.02785040	0.72038708
2031866.00000000	-0.13808646	0.02845831	0.73524142
2026866.00000000	-0.04367831	0.02938333	0.73879016
2021866.00000000	0.05663849	0.03030005	0.73036725
2016866.00000000	0.15842776	0.03138480	0.71012503
2011866.00000000	0.25899109	0.03152963	0.67937650
2006866.00000000	0.35523889	0.03053070	0.63876572
2001866.00000000	0.44051898	0.02844000	0.59143390
1996866.00000000	0.51569827	0.02533777	0.53692957
1991866.00000000	0.57951740	0.02181427	0.47643332
1986866.00000000	0.63137399	0.01828979	0.41220636
1981866.00000000	0.67449048	0.01483554	0.34193143
1976866.00000000	0.70742078	0.01111652	0.26845782
1971866.00000000	0.73088535	0.00695563	0.19004315
1966866.00000000	0.74422351	0.00183514	0.10544431
1961866.00000000	0.74590512	-0.00407898	0.01697919
1956866.00000000	0.73459369	-0.01094748	-0.07964722
1951866.00000000	0.71123706	-0.01789389	-0.17544986
1946866.00000000	0.67640964	-0.02441037	-0.27152078
1941866.00000000	0.63163773	-0.02978979	-0.36352573
1936866.00000000	0.57794669	-0.03392300	-0.44857932
1931866.00000000	0.51881870	-0.03698209	-0.52177740
1926866.00000000	0.45428296	-0.03927716	-0.58458151
1921866.00000000	0.38681686	-0.04127084	-0.63591238
1916866.00000000	0.31370731	-0.04339313	-0.67887735
1911866.00000000	0.23761957	-0.04610168	-0.71209436
1906866.00000000	0.15585388	-0.04907040	-0.73646451
1901866.00000000	0.06926300	-0.05238531	-0.75045190
1896866.00000000	-0.02111398	-0.05492236	-0.75310071
1891866.00000000	-0.11685001	-0.05609225	-0.74316708
1886866.00000000	-0.21145694	-0.05500854	-0.72040686
1881866.00000000	-0.30422244	-0.05191916	-0.68601050
1876866.00000000	-0.39159897	-0.04706750	-0.64078671
1871866.00000000	-0.46879092	-0.04144525	-0.58832339
1866866.00000000	-0.53953644	-0.03556122	-0.52667422
1861866.00000000	-0.59750305	-0.03009299	-0.46294363
1856866.00000000	-0.64802582	-0.02466287	-0.39340955
1851866.00000000	-0.68941876	-0.01904156	-0.32061594
1846866.00000000	-0.72244995	-0.01283600	-0.24361987
1841866.00000000	-0.74623367	-0.00553607	-0.16289035
1836866.00000000	-0.76020911	0.00323724	-0.07655667
1831866.00000000	-0.76246463	0.01309930	0.01368396
1826866.00000000	-0.75184268	0.02354562	0.10965466
1821866.00000000	-0.72859772	0.03322318	0.20399460
1816866.00000000	-0.69293668	0.04130280	0.29755280
1811866.00000000	-0.64657892	0.04719028	0.38582822
1806866.00000000	-0.59204416	0.05083801	0.46476770
1801866.00000000	-0.52972107	0.05285556	0.53461026
1796866.00000000	-0.46357275	0.05372379	0.59251306
1791866.00000000	-0.39183011	0.05410608	0.64174118
1786866.00000000	-0.31532343	0.05417856	0.68216617
1781866.00000000	-0.23503937	0.05426328	0.71385986
1776866.00000000	-0.14879630	0.05419550	0.73728442
1771866.00000000	-0.05855295	0.05360117	0.75091446
1766866.00000000	0.03533847	0.05228137	0.75396765
1761866.00000000	0.13273410	0.05007462	0.74527795
1756866.00000000	0.22829868	0.04688058	0.72489395
1751866.00000000	0.32172275	0.04275305	0.69270242
1746866.00000000	0.40679422	0.03739478	0.65053622
1741866.00000000	0.48314572	0.03147232	0.59889740
1736866.00000000	0.54925067	0.02560815	0.53951047
1731866.00000000	0.60419623	0.02030429	0.47560562
1726866.00000000	0.65111127	0.01524677	0.40531519
1721866.00000000	0.68920261	0.01038562	0.33091055
1716866.00000000	0.71896964	0.00527734	0.25232968
1711866.00000000	0.74071570	-0.00055383	0.16650940
1706866.00000000	0.75264127	-0.00721909	0.07601199
1701866.00000000	0.75385461	-0.01457367	-0.02085526
1696866.00000000	0.74332956	-0.02188440	-0.12139423
1691866.00000000	0.72149130	-0.02829468	-0.22127261
1686866.00000000	0.68814310	-0.03352130	-0.31988327
1681866.00000000	0.64541449	-0.03739551	-0.40919778
1676866.00000000	0.59359128	-0.03999954	-0.48844141
1671866.00000000	0.53403818	-0.04188831	-0.55668417
1666866.00000000	0.46960547	-0.04309683	-0.61264026
1661866.00000000	0.39833041	-0.04421133	-0.65986761
1656866.00000000	0.32280060	-0.04521759	-0.69708292
1651866.00000000	0.24264297	-0.04650525	-0.72486502
1646866.00000000	0.15455954	-0.04775403	-0.74331104
1641866.00000000	0.06350729	-0.04899344	-0.75027216
1636866.00000000	-0.03498019	-0.04955402	-0.74506104
1631866.00000000	-0.13570062	-0.04868030	-0.72704980
1626866.00000000	-0.23384744	-0.04639343	-0.69757700
1621866.00000000	-0.33035406	-0.04209128	-0.65664615
1616866.00000000	-0.41436368	-0.03701224	-0.60952856
1611866.00000000	-0.49196463	-0.03091885	-0.55305063
1606866.00000000	-0.55685751	-0.02529861	-0.49247516
1601866.00000000	-0.61185071	-0.02019913	-0.42721222
1596866.00000000	-0.65792609	-0.01554062	-0.35738611
1591866.00000000	-0.69492062	-0.01082837	-0.28377710
1586866.00000000	-0.72327850	-0.00593301	-0.20556729
1581866.00000000	-0.74283212	-0.00026944	-0.12040594
1576866.00000000	-0.75153625	0.00567694	-0.03402850
1571866.00000000	-0.74926007	0.01236270	0.06120468
1566866.00000000	-0.73539444	0.01882053	0.15662213
1561866.00000000	-0.70990390	0.02511780	0.25282007
1556866.00000000	-0.67340900	0.03123288	0.34511655
1551866.00000000	-0.62811942	0.03663901	0.42783667
1546866.00000000	-0.57321445	0.04097144	0.50302609
1541866.00000000	-0.51273914	0.04415372	0.56623441
1536866.00000000	-0.44672757	0.04632260	0.62019635
1531866.00000000	-0.37570239	0.04809714	0.66501746
1526866.00000000	-0.30277106	0.04948352	0.69995313
1521866.00000000	-0.22328110	0.05098349	0.72675635
1516866.00000000	-0.14036664	0.05199008	0.74358139
1511866.00000000	-0.05251599	0.05283307	0.74950302
1506866.00000000	0.04020834	0.05234915	0.74348831
1501866.00000000	0.13641544	0.05015536	0.72473489
1496866.00000000	0.23053339	0.04656937	0.69509845
1491866.00000000	0.32311850	0.04152951	0.65499741
1486866.00000000	0.40590369	0.03627072	0.60879236
1481866.00000000	0.48251871	0.03055759	0.55430927
1476866.00000000	0.54867593	0.02523962	0.49504510
1471866.00000000	0.60543359	0.02047806	0.43092960
1466866.00000000	0.65390652	0.01609360	0.36190771
1461866.00000000	0.69342178	0.01193655	0.28982510
1456866.00000000	0.72595950	0.00735843	0.21061340
1451866.00000000	0.74942596	0.00218951	0.12777875
1446866.00000000	0.76307901	-0.00402753	0.04054410
1441866.00000000	0.76580713	-0.01141003	-0.05212173
1436866.00000000	0.75646100	-0.01890869	-0.14553552
1431866.00000000	0.73396848	-0.02644327	-0.24219907
1426866.00000000	0.69947437	-0.03284555	-0.33415411
1421866.00000000	0.65377631	-0.03810892	-0.41896954
1416866.00000000	0.59742673	-0.04190912	-0.49603699
1411866.00000000	0.53519229	-0.04428146	-0.56065289
1406866.00000000	0.46574817	-0.04602530	-0.61621545
1401866.00000000	0.39175250	-0.04720493	-0.66186511
1396866.00000000	0.31395209	-0.04845361	-0.69771619
1391866.00000000	0.22979108	-0.04987579	-0.72505685
1386866.00000000	0.14089767	-0.05138531	-0.74186758
1381866.00000000	0.04654132	-0.05257837	-0.74743216
1376866.00000000	-0.05333292	-0.05297223	-0.74026730
1371866.00000000	-0.15226428	-0.05194537	-0.72075394
1366866.00000000	-0.25145413	-0.04909171	-0.68874768
1361866.00000000	-0.34365353	-0.04498911	-0.64719537
1356866.00000000	-0.42801270	-0.03979456	-0.59688644
1351866.00000000	-0.50298383	-0.03438220	-0.53898218
1346866.00000000	-0.56611639	-0.02898288	-0.47701947
1341866.00000000	-0.62071802	-0.02366937	-0.40900461
1336866.00000000	-0.66550537	-0.01855280	-0.33795151
1331866.00000000	-0.70175311	-0.01304611	-0.26306799
1326866.00000000	-0.73000366	-0.00658273	-0.18195636
1321866.00000000	-0.74816296	0.00086774	-0.09874591
1316866.00000000	-0.75598038	0.00986157	-0.00855847
1311866.00000000	-0.75150186	0.01967938	0.08394214
1306866.00000000	-0.73404694	0.02961465	0.17754773
1301866.00000000	-0.70342145	0.03876837	0.27055301
1296866.00000000	-0.66164841	0.04597339	0.35703503
1291866.00000000	-0.60872586	0.05103360	0.43786130
1286866.00000000	-0.54805267	0.05386743	0.50944876
1281866.00000000	-0.48353186	0.05503891	0.56942383
1276866.00000000	-0.41134607	0.05561700	0.62281470
1271866.00000000	-0.33766278	0.05567657	0.66573804
1266866.00000000	-0.25706375	0.05582184	0.70140674
1261866.00000000	-0.17262469	0.05612280	0.72800311
1256866.00000000	-0.08227844	0.05622043	0.74539038
1251866.00000000	0.01314255	0.05577017	0.75201245
1246866.00000000	0.11072198	0.05422516	0.74719229
1241866.00000000	0.20771533	0.05150574	0.73044861
1236866.00000000	0.30295761	0.04712338	0.70191565
1231866.00000000	0.38845609	0.04155420	0.66417181
1226866.00000000	0.46740750	0.03473792	0.61590652
1221866.00000000	0.53457343	0.02783231	0.56156339
1216866.00000000	0.59210687	0.02112347	0.50123178
1211866.00000000	0.64141879	0.01416806	0.43467651
1206866.00000000	0.68086514	0.00702386	0.36576001
1201866.00000000	0.71314890	-0.00079016	0.29077911
1196866.00000000	0.73737204	-0.00948779	0.20982388
1191866.00000000	0.75140179	-0.01896036	0.12607614
1186866.00000000	0.75526468	-0.02912970	0.03315994
1181866.00000000	0.74768219	-0.03813428	-0.06103064
1176866.00000000	0.72778323	-0.04558231	-0.16015289
1171866.00000000	0.69668481	-0.05068314	-0.25658734
1166866.00000000	0.65572009	-0.05380490	-0.34717001
1161866.00000000	0.60502988	-0.05559457	-0.43043625
1156866.00000000	0.54754019	-0.05651764	-0.50259174
1151866.00000000	0.48422995	-0.05699619	-0.56410629
1146866.00000000	0.41348151	-0.05719333	-0.61760403
1141866.00000000	0.33873511	-0.05762631	-0.66098639
1136866.00000000	0.25612869	-0.05789111	-0.69718619
1131866.00000000	0.16849429	-0.05800458	-0.72422256
1126866.00000000	0.07461517	-0.05751440	-0.74204364
1121866.00000000	-0.02542609	-0.05618823	-0.74950040
1116866.00000000	-0.12717004	-0.05343170	-0.74558658
1111866.00000000	-0.22916324	-0.04895114	-0.72945511
1106866.00000000	-0.32537039	-0.04256348	-0.70157742
1101866.00000000	-0.41212335	-0.03523575	-0.66251254
1096866.00000000	-0.49045074	-0.02779910	-0.61260638
1091866.00000000	-0.55598773	-0.02121875	-0.55602454
1086866.00000000	-0.61210031	-0.01492599	-0.49272086
1081866.00000000	-0.65900290	-0.00861392	-0.42448868
1076866.00000000	-0.69636404	-0.00194733	-0.35273157
1071866.00000000	-0.72556079	0.00611227	-0.27305331
1066866.00000000	-0.74349506	0.01492004	-0.19007556
1061866.00000000	-0.74981931	0.02422775	-0.09982117
1056866.00000000	-0.74306107	0.03265823	-0.00275140
1051866.00000000	-0.72405756	0.03903305	0.09482562
1046866.00000000	-0.69328333	0.04331436	0.19448596
1041866.00000000	-0.65391351	0.04555164	0.28744254
1036866.00000000	-0.60633698	0.04633630	0.37371130
1031866.00000000	-0.55071274	0.04605240	0.45268823
1026866.00000000	-0.49086981	0.04511029	0.51984842
1021866.00000000	-0.42475803	0.04379715	0.57907202
1016866.00000000	-0.35574463	0.04232571	0.62835120
1011866.00000000	-0.28239407	0.04070715	0.67002158
1006866.00000000	-0.20228024	0.03891089	0.70501404
1001866.00000000	-0.11999368	0.03697153	0.73118915
996866.00000000	-0.03125162	0.03459207	0.74924567
991866.00000000	0.06009094	0.03176508	0.75694046
986866.00000000	0.15208328	0.02875357	0.75324457
981866.00000000	0.24554095	0.02586417	0.73689374
976866.00000000	0.33199408	0.02298141	0.70876776
971866.00000000	0.41331961	0.01993082	0.66877103
966866.00000000	0.48587744	0.01690012	0.61867953
961866.00000000	0.54862125	0.01397125	0.56122528
956866.00000000	0.60348911	0.01117886	0.49654587
951866.00000000	0.64947867	0.00844626	0.42744675
946866.00000000	0.68705466	0.00558743	0.35412701
941866.00000000	0.71743719	0.00216370	0.27257608
936866.00000000	0.73727185	-0.00193079	0.19009900
931866.00000000	0.74782523	-0.00730453	0.09564047
926866.00000000	0.74646500	-0.01327237	0.00108997
921866.00000000	0.73401309	-0.01894131	-0.09509988
916866.00000000	0.70851559	-0.02457010	-0.19809171
911866.00000000	0.67420746	-0.02881458	-0.29096298
906866.00000000	0.62934015	-0.03194193	-0.37947095
901866.00000000	0.57624796	-0.03377844	-0.45867477
896866.00000000	0.51958743	-0.03481451	-0.52430621
891866.00000000	0.45178986	-0.03542566	-0.58587088
886866.00000000	0.38296838	-0.03553653	-0.63480017
881866.00000000	0.30823322	-0.03540115	-0.67621802
876866.00000000	0.22670068	-0.03461691	-0.71011807
871866.00000000	0.14292599	-0.03339133	-0.73428104
866866.00000000	0.04870401	-0.03123984	-0.74968796
861866.00000000	-0.04667874	-0.02853610	-0.75346246
856866.00000000	-0.14280304	-0.02488565	-0.74575894
851866.00000000	-0.24193231	-0.02045236	-0.72569498
846866.00000000	-0.33142947	-0.01558081	-0.69537512
841866.00000000	-0.41737491	-0.01027713	-0.65288052
836866.00000000	-0.48999634	-0.00547708	-0.60322379
831866.00000000	-0.55389664	-0.00130103	-0.54555966
826866.00000000	-0.60922632	0.00221661	-0.48066513
821866.00000000	-0.65395111	0.00523172	-0.41316147
816866.00000000	-0.69174704	0.00828549	-0.33789529
811866.00000000	-0.72016818	0.01132190	-0.25864264
806866.00000000	-0.73922415	0.01442334	-0.17340088
801866.00000000	-0.74800061	0.01759171	-0.08043616
796866.00000000	-0.74560025	0.02036490	0.01475247
791866.00000000	-0.73206451	0.02255261	0.11515237
786866.00000000	-0.70786862	0.02400864	0.21330212
781866.00000000	-0.67469864	0.02505368	0.30447351
776866.00000000	-0.63111926	0.02579443	0.39091345
771866.00000000	-0.58029593	0.02598639	0.46649573
766866.00000000	-0.52171930	0.02560895	0.53305630
761866.00000000	-0.45800531	0.02473560	0.58964365
756866.00000000	-0.38909299	0.02365869	0.63729062
751866.00000000	-0.31433148	0.02260709	0.67705124
746866.00000000	-0.23457291	0.02138452	0.70801968
741866.00000000	-0.14675012	0.02012622	0.73064374
736866.00000000	-0.05416031	0.01901440	0.74248880
731866.00000000	0.04223059	0.01789609	0.74318777
726866.00000000	0.14347614	0.01667514	0.73152954
721866.00000000	0.23981497	0.01523395	0.70847015
716866.00000000	0.33343649	0.01389212	0.67355017
711866.00000000	0.41861337	0.01153607	0.62860016
706866.00000000	0.49243256	0.00918665	0.57659821
701866.00000000	0.55861203	0.00681796	0.51619580
696866.00000000	0.61369257	0.00349487	0.45197147
691866.00000000	0.66057959	0.00013989	0.38269565
686866.00000000	0.69936435	-0.00308762	0.30848441
681866.00000000	0.72878485	-0.00584225	0.23136462
676866.00000000	0.74974988	-0.01133371	0.14674448
671866.00000000	0.75945193	-0.01477771	0.05747021
666866.00000000	0.75712692	-0.01805283	-0.03519894
661866.00000000	0.74097437	-0.02046149	-0.13560211
656866.00000000	0.71164438	-0.02175293	-0.23378574
651866.00000000	0.67014557	-0.02319403	-0.32741068
646866.00000000	0.61965027	-0.02408127	-0.41131897
641866.00000000	0.56210699	-0.02528714	-0.48475656
636866.00000000	0.49704517	-0.02672342	-0.55005078
631866.00000000	0.42865622	-0.02844022	-0.60459402
626866.00000000	0.35295187	-0.03061990	-0.65227667
621866.00000000	0.27339426	-0.03323975	-0.69071466
616866.00000000	0.18933142	-0.03677243	-0.72020087
611866.00000000	0.09761267	-0.04089767	-0.74055548
606866.00000000	0.00288776	-0.04528174	-0.75001590
601866.00000000	-0.09500012	-0.04910818	-0.74753351
596866.00000000	-0.19473734	-0.05112189	-0.73252429
591866.00000000	-0.28717813	-0.05041736	-0.70660950
586866.00000000	-0.37650787	-0.04650430	-0.66825464
581866.00000000	-0.45344196	-0.04055511	-0.62214981
576866.00000000	-0.52048715	-0.03317053	-0.56877936
571866.00000000	-0.58107974	-0.02566840	-0.50629840
566866.00000000	-0.63033594	-0.01829172	-0.44159280
561866.00000000	-0.67305460	-0.01026047	-0.36974350
556866.00000000	-0.70914084	-0.00137421	-0.28781778
551866.00000000	-0.73394858	0.00850897	-0.20488388
546866.00000000	-0.74836349	0.01929041	-0.11677701
541866.00000000	-0.75158017	0.03032813	-0.02551450
536866.00000000	-0.74337921	0.04112219	0.07240997
531866.00000000	-0.72446646	0.05045630	0.17036169
526866.00000000	-0.69542108	0.05826044	0.26699234
521866.00000000	-0.65672968	0.06397183	0.35863327
516866.00000000	-0.60949878	0.06744946	0.44128238
511866.00000000	-0.55499844	0.06905365	0.51348135
506866.00000000	-0.49235306	0.06936142	0.57676501
501866.00000000	-0.42074683	0.06812277	0.63196902
496866.00000000	-0.35129803	0.06924210	0.67238593
491866.00000000	-0.27605957	0.07043750	0.70474460
486866.00000000	-0.19488660	0.07147894	0.72825568
481866.00000000	-0.10774783	0.07167221	0.74190259
476866.00000000	-0.01691266	0.07027023	0.74439777
471866.00000000	0.08107852	0.06627512	0.73515842
466866.00000000	0.17810278	0.05963260	0.71448276
461866.00000000	0.27293652	0.05054184	0.68365479
456866.00000000	0.36283340	0.03972668	0.64361633
451866.00000000	0.44305844	0.02830484	0.59691211
446866.00000000	0.51521826	0.01744574	0.54293842
441866.00000000	0.57657553	0.00802911	0.48462918
436866.00000000	0.62822421	-0.00020752	0.42257141
431866.00000000	0.67084476	-0.00810858	0.35683859
426866.00000000	0.70326501	-0.01587247	0.28958401
421866.00000000	0.72654208	-0.02441458	0.21757126
416866.00000000	0.73865408	-0.03340958	0.14290402
411866.00000000	0.73856674	-0.04222992	0.06492078
406866.00000000	0.72481146	-0.04941788	-0.01868259
401866.00000000	0.69825110	-0.05567041	-0.09845889
396866.00000000	0.65963718	-0.05975778	-0.17639499
391866.00000000	0.61133749	-0.06139893	-0.24883783
386866.00000000	0.55507098	-0.06039069	-0.31475406
381866.00000000	0.48816599	-0.05285336	-0.37786194
376866.00000000	0.40397433	-0.05353351	-0.44576825
371866.00000000	0.32877774	-0.04543146	-0.47998709
366866.00000000	0.24929074	-0.03759561	-0.50482916
361866.00000000	0.16860287	-0.03037402	-0.52030130
356866.00000000	0.08339310	-0.02345651	-0.52819876
351866.00000000	-0.00059677	-0.01698526	-0.52929932
346866.00000000	-0.08519171	-0.01049887	-0.52465137
341866.00000000	-0.16674179	-0.00368713	-0.51437296
336866.00000000	-0.24151700	0.00359763	-0.49805954
331866.00000000	-0.31127222	0.01142813	-0.47394449
326866.00000000	-0.37038156	0.01890555	-0.44310788
321866.00000000	-0.41950116	0.02517261	-0.40590961
316866.00000000	-0.45788678	0.02987717	-0.36371609
311866.00000000	-0.48437085	0.03275888	-0.31935403
306866.00000000	-0.49848898	0.03412015	-0.27514899
301866.00000000	-0.50023236	0.03451819	-0.23205289
296866.00000000	-0.49065155	0.03453558	-0.19182104
291866.00000000	-0.47072226	0.03477811	-0.15253897
286866.00000000	-0.44395099	0.03503809	-0.11655951
281866.00000000	-0.41065848	0.03528888	-0.08013437
276866.00000000	-0.37411459	0.03523383	-0.04556589
271866.00000000	-0.33301566	0.03441354	-0.01198657
266866.00000000	-0.28778821	0.03223712	0.01888358
261866.00000000	-0.23893207	0.02831995	0.04589215
256866.00000000	-0.18718701	0.02294412	0.06814139
251866.00000000	-0.13536691	0.01664417	0.08525522
246866.00000000	-0.08640323	0.01030673	0.09734775
241866.00000000	-0.04148438	0.00463712	0.10544327
236866.00000000	-0.00324545	0.00040393	0.11024002
231866.00000000	0.02929794	-0.00230524	0.11272714
226866.00000000	0.05650885	-0.00356442	0.11381665
221866.00000000	0.07898428	-0.00390021	0.11400629
216866.00000000	0.09751382	-0.00376904	0.11352679
211866.00000000	0.11112964	-0.00370624	0.11199026
206866.00000000	0.11914850	-0.00399304	0.10891702
201866.00000000	0.12136099	-0.00469714	0.10396741
196866.00000000	0.11805301	-0.00552234	0.09737485
191866.00000000	0.11028796	-0.00617218	0.08910825
186866.00000000	0.10030618	-0.00642328	0.08071448
