8046866.00000000	0.01075339	0.00045233	0.02878601
8041866.00000000	0.01147992	0.00045987	0.03174887
8036866.00000000	0.01224786	0.00043631	0.03522061
8031866.00000000	0.01306677	0.00043546	0.03913284
8026866.00000000	0.01402213	0.00041522	0.04374606
8021866.00000000	0.01503876	0.00036798	0.04917310
8016866.00000000	0.01613452	0.00030624	0.05520370
8011866.00000000	0.01738541	0.00019437	0.06257324
8006866.00000000	0.01866022	0.00003757	0.07095200
8001866.00000000	0.02014523	-0.00019220	0.08120688
7996866.00000000	0.02168527	-0.00049231	0.09262329
7991866.00000000	0.02333286	-0.00087939	0.10558530
7986866.00000000	0.02527209	-0.00134393	0.12005762
7981866.00000000	0.02746393	-0.00173703	0.13446381
7976866.00000000	0.03008344	-0.00200580	0.14786072
7971866.00000000	0.03341745	-0.00212015	0.15794702
7966866.00000000	0.03748135	-0.00192249	0.16259610
7961866.00000000	0.04236539	-0.00139462	0.16072516
7956866.00000000	0.04851291	-0.00059372	0.15216693
7951866.00000000	0.05641177	0.00024078	0.13770004
7946866.00000000	0.06584964	0.00090671	0.11816519
7941866.00000000	0.07686679	0.00135614	0.09388467
7936866.00000000	0.08899377	0.00138712	0.06555316
7931866.00000000	0.10285349	0.00091635	0.03113635
7926866.00000000	0.11777194	-0.00006042	-0.00909717
7921866.00000000	0.13396539	-0.00153290	-0.05727802
7916866.00000000	0.14827493	-0.00292300	-0.10637228
7911866.00000000	0.16076929	-0.00379102	-0.16043774
7906866.00000000	0.16883841	-0.00373352	-0.21505225
7901866.00000000	0.17110818	-0.00262445	-0.26658572
7896866.00000000	0.16736502	-0.00092255	-0.31787738
7891866.00000000	0.15832178	0.00067334	-0.36544919
7886866.00000000	0.14485553	0.00157736	-0.41090820
7881866.00000000	0.12718555	0.00188098	-0.45312357
7876866.00000000	0.10545932	0.00172049	-0.48997116
7871866.00000000	0.07724237	0.00136075	-0.52159009
7866866.00000000	0.04270212	0.00106711	-0.54480917
7861866.00000000	-0.00061234	0.00103162	-0.55937576
7856866.00000000	-0.05004999	0.00122894	-0.56358853
7851866.00000000	-0.10410870	0.00167108	-0.55748801
7846866.00000000	-0.16214523	0.00216861	-0.54042288
7841866.00000000	-0.21993607	0.00288461	-0.51254446
7836866.00000000	-0.27599036	0.00383481	-0.47469946
7831866.00000000	-0.33016287	0.00481400	-0.42712555
7826866.00000000	-0.38148276	0.00606281	-0.37193851
7821866.00000000	-0.42929321	0.00725333	-0.31128503
7816866.00000000	-0.47344925	0.00838593	-0.24587073
7811866.00000000	-0.51249210	0.00924088	-0.17731720
7806866.00000000	-0.54507898	0.00976508	-0.10566818
7801866.00000000	-0.56867023	0.00989069	-0.03453809
7796866.00000000	-0.58335495	0.00958005	0.03964343
7791866.00000000	-0.58798462	0.00862277	0.11305795
7786866.00000000	-0.58244269	0.00728064	0.18708984
7781866.00000000	-0.56583777	0.00533618	0.26352673
7776866.00000000	-0.53948157	0.00308609	0.33554083
7771866.00000000	-0.50208453	0.00039182	0.40582846
7766866.00000000	-0.45508304	-0.00202612	0.47016724
7761866.00000000	-0.40047330	-0.00380856	0.52609912
7756866.00000000	-0.33596143	-0.00476236	0.57547842
7751866.00000000	-0.26633228	-0.00499307	0.61497540
7746866.00000000	-0.19148312	-0.00471732	0.64588589
7741866.00000000	-0.11488297	-0.00426978	0.66758081
7736866.00000000	-0.03693185	-0.00353647	0.68095917
7731866.00000000	0.04424487	-0.00276761	0.68661691
7726866.00000000	0.12587677	-0.00196210	0.68407358
7721866.00000000	0.20935092	-0.00099484	0.67295758
7716866.00000000	0.29416882	-0.00033398	0.65224872
7711866.00000000	0.37496805	0.00029761	0.62246948
7706866.00000000	0.45481052	0.00079144	0.58092831
7701866.00000000	0.52682727	0.00065939	0.52990048
7696866.00000000	0.58816928	0.00013657	0.47179782
7691866.00000000	0.64151266	-0.00066281	0.40387552
7686866.00000000	0.68200351	-0.00138272	0.33358932
7681866.00000000	0.71291528	-0.00205338	0.25800366
7676866.00000000	0.73376065	-0.00284201	0.18094061
7671866.00000000	0.74537827	-0.00356677	0.10377032
7666866.00000000	0.74827200	-0.00446613	0.02203925
7661866.00000000	0.74224280	-0.00537018	-0.05464227
7656866.00000000	0.72655447	-0.00632251	-0.13339478
7651866.00000000	0.69985806	-0.00744382	-0.21285706
7646866.00000000	0.66209995	-0.00873401	-0.28968457
7641866.00000000	0.61074222	-0.01023862	-0.36541055
7636866.00000000	0.55030353	-0.01159137	-0.43296930
7631866.00000000	0.48040198	-0.01241788	-0.49356116
7626866.00000000	0.40343579	-0.01271249	-0.54556781
7621866.00000000	0.32408282	-0.01258261	-0.58727081
7616866.00000000	0.24055316	-0.01186554	-0.62042282
7611866.00000000	0.15720224	-0.01098718	-0.64411893
7606866.00000000	0.07232996	-0.00986633	-0.65957431
7601866.00000000	-0.01527991	-0.00855054	-0.66673758
7596866.00000000	-0.10085046	-0.00722583	-0.66554022
7591866.00000000	-0.19024118	-0.00530359	-0.65525980
7586866.00000000	-0.27751901	-0.00316873	-0.63593204
7581866.00000000	-0.35863205	-0.00063428	-0.60846085
7576866.00000000	-0.44046466	0.00251276	-0.56919449
7571866.00000000	-0.51322696	0.00572232	-0.52151917
7566866.00000000	-0.57888437	0.00879837	-0.46397714
7561866.00000000	-0.63405365	0.01138007	-0.39846909
7556866.00000000	-0.67646393	0.01302737	-0.33006210
7551866.00000000	-0.70956155	0.01430893	-0.25450403
7546866.00000000	-0.73128711	0.01508151	-0.17961026
7541866.00000000	-0.74377817	0.01558850	-0.10259067
7536866.00000000	-0.74638657	0.01762686	-0.04354987
7531866.00000000	-0.74242105	0.01854587	0.03499368
7526866.00000000	-0.72748212	0.01933243	0.11804996
7521866.00000000	-0.70174426	0.02005206	0.19787741
7516866.00000000	-0.66375482	0.01995950	0.27740948
7511866.00000000	-0.61271075	0.01913507	0.35561823
7506866.00000000	-0.55236334	0.01779977	0.42614142
7501866.00000000	-0.48388556	0.01569037	0.48869376
7496866.00000000	-0.40952716	0.01337259	0.54181778
7491866.00000000	-0.33194482	0.01124133	0.58497885
7486866.00000000	-0.24990219	0.00950543	0.61913904
7481866.00000000	-0.16951062	0.00808264	0.64291373
7476866.00000000	-0.08538049	0.00719635	0.65855322
7471866.00000000	-0.00142859	0.00637540	0.66513605
7466866.00000000	0.08281360	0.00535168	0.66316589
7461866.00000000	0.17224252	0.00429779	0.65134891
7456866.00000000	0.25570364	0.00313583	0.63060077
7451866.00000000	0.34026819	0.00157919	0.59912262
7446866.00000000	0.42142889	-0.00016794	0.55727243
7441866.00000000	0.49456015	-0.00227618	0.50732480
7436866.00000000	0.56161371	-0.00449850	0.44751941
7431866.00000000	0.61728397	-0.00645111	0.38254419
7426866.00000000	0.66417712	-0.00799307	0.30989932
7421866.00000000	0.69868823	-0.00943945	0.23674377
7416866.00000000	0.72315372	-0.01083475	0.16197284
7411866.00000000	0.73885480	-0.01190118	0.08302728
7406866.00000000	0.74480579	-0.01286935	0.00480826
7401866.00000000	0.74092877	-0.01400073	-0.07484015
7396866.00000000	0.72587225	-0.01523306	-0.15680685
7391866.00000000	0.69928152	-0.01614624	-0.23630386
7386866.00000000	0.65904465	-0.01638211	-0.31591345
7381866.00000000	0.60569644	-0.01571307	-0.39177124
7376866.00000000	0.54472214	-0.01439905	-0.45767197
7371866.00000000	0.47257089	-0.01273032	-0.51831915
7366866.00000000	0.39676779	-0.01072568	-0.56796582
7361866.00000000	0.31655399	-0.00854523	-0.60836908
7356866.00000000	0.23559387	-0.00671738	-0.63863611
7351866.00000000	0.15413501	-0.00529312	-0.65992966
7346866.00000000	0.06874597	-0.00432993	-0.67280124
7341866.00000000	-0.01284286	-0.00324271	-0.67664651
7336866.00000000	-0.09856702	-0.00248468	-0.67163464
7331866.00000000	-0.18445865	-0.00158499	-0.65690839
7326866.00000000	-0.26790668	-0.00044684	-0.63220764
7321866.00000000	-0.35254987	0.00048923	-0.59602521
7316866.00000000	-0.43039038	0.00142880	-0.55123160
7311866.00000000	-0.50259412	0.00280515	-0.49737338
7306866.00000000	-0.56693738	0.00437723	-0.43612296
7301866.00000000	-0.62145059	0.00549551	-0.36947226
7296866.00000000	-0.66604108	0.00649716	-0.29860657
7291866.00000000	-0.69986630	0.00766138	-0.22608701
7286866.00000000	-0.72461902	0.00859506	-0.15090799
7281866.00000000	-0.74034946	0.00943829	-0.07348615
7276866.00000000	-0.74692203	0.00997134	0.00365839
7271866.00000000	-0.74394189	0.01074088	0.08364764
7266866.00000000	-0.72998199	0.01189520	0.16451138
7261866.00000000	-0.70507892	0.01321906	0.24216965
7256866.00000000	-0.66635507	0.01449927	0.32106311
7251866.00000000	-0.61711786	0.01556223	0.39299890
7246866.00000000	-0.55621182	0.01591403	0.45991168
7241866.00000000	-0.48667624	0.01585880	0.51885425
7236866.00000000	-0.41316959	0.01538315	0.56745874
7231866.00000000	-0.33260379	0.01458237	0.60839447
7226866.00000000	-0.25270758	0.01384622	0.63846094
7221866.00000000	-0.16823929	0.01305185	0.66062128
7216866.00000000	-0.08487897	0.01238968	0.67354941
7211866.00000000	-0.00143332	0.01170581	0.67815134
7206866.00000000	0.08784952	0.01082098	0.67370859
7201866.00000000	0.17365173	0.00935806	0.66006482
7196866.00000000	0.26142346	0.00735727	0.63585968
7191866.00000000	0.34867587	0.00411801	0.60049368
7186866.00000000	0.43034390	-0.00010858	0.55517560
7181866.00000000	0.50527042	-0.00431116	0.50071832
7176866.00000000	0.57067261	-0.00913019	0.43917627
7171866.00000000	0.62510165	-0.01344275	0.37299396
7166866.00000000	0.66984003	-0.01677246	0.30106967
7161866.00000000	0.70284348	-0.01947665	0.22874725
7156866.00000000	0.72660550	-0.02155386	0.15318027
7151866.00000000	0.74068341	-0.02387289	0.07612598
7146866.00000000	0.74520734	-0.02608670	-0.00072226
7141866.00000000	0.73947986	-0.02821695	-0.08131433
7136866.00000000	0.72309622	-0.02978345	-0.15829031
7131866.00000000	0.69438635	-0.03061017	-0.23621307
7126866.00000000	0.65210623	-0.03016574	-0.31371503
7121866.00000000	0.60070889	-0.02828571	-0.38323041
7116866.00000000	0.53626147	-0.02514636	-0.45033994
7111866.00000000	0.46644968	-0.02132367	-0.50735892
7106866.00000000	0.39066940	-0.01750677	-0.55613477
7101866.00000000	0.31303735	-0.01385364	-0.59498666
7096866.00000000	0.23368741	-0.01078229	-0.62512726
7091866.00000000	0.15038535	-0.00818011	-0.64709769
7086866.00000000	0.06741129	-0.00569153	-0.66045309
7081866.00000000	-0.01623630	-0.00367233	-0.66533444
7076866.00000000	-0.10366125	-0.00171353	-0.66150171
7071866.00000000	-0.18900357	0.00027850	-0.64853793
7066866.00000000	-0.27643643	0.00221060	-0.62536243
7061866.00000000	-0.36141013	0.00397681	-0.59195309
7056866.00000000	-0.44099396	0.00559656	-0.54938889
7051866.00000000	-0.51532803	0.00714087	-0.49686588
7046866.00000000	-0.58001889	0.00860196	-0.43687506
7041866.00000000	-0.63247058	0.00981406	-0.37283154
7036866.00000000	-0.67524402	0.01118927	-0.30304294
7031866.00000000	-0.70717853	0.01171948	-0.23089694
7026866.00000000	-0.73005200	0.01252698	-0.15333835
7021866.00000000	-0.74233478	0.01337637	-0.07905508
7016866.00000000	-0.74534119	0.01476892	-0.00088641
7011866.00000000	-0.73780051	0.01615222	0.07923282
7006866.00000000	-0.71921841	0.01741177	0.15777603
7001866.00000000	-0.68762781	0.01879117	0.23820096
6996866.00000000	-0.64455273	0.01997449	0.31428049
6991866.00000000	-0.58997235	0.02049908	0.38657385
6986866.00000000	-0.52504843	0.01985370	0.45322482
6981866.00000000	-0.45453458	0.01906778	0.51037131
6976866.00000000	-0.37694086	0.01781674	0.55975592
6971866.00000000	-0.29685376	0.01687411	0.59939310
6966866.00000000	-0.21363614	0.01599237	0.63002997
6961866.00000000	-0.13074649	0.01527023	0.65138101
6956866.00000000	-0.04665134	0.01460712	0.66444879
6951866.00000000	0.04071689	0.01372565	0.66911246
6946866.00000000	0.13011600	0.01252289	0.66469568
6941866.00000000	0.21698157	0.01050323	0.65093475
6936866.00000000	0.30660162	0.00738763	0.62616898
6931866.00000000	0.39101465	0.00328223	0.59128116
6926866.00000000	0.47056262	-0.00128979	0.54583170
6921866.00000000	0.54171472	-0.00562692	0.49063495
6916866.00000000	0.60100647	-0.00906577	0.42929150
6911866.00000000	0.65079135	-0.01167612	0.36030844
6906866.00000000	0.68865356	-0.01329218	0.28911298
6901866.00000000	0.71668893	-0.01456226	0.21504990
6896866.00000000	0.73548273	-0.01520956	0.13769669
6891866.00000000	0.74468173	-0.01619165	0.06091510
6886866.00000000	0.74403534	-0.01749921	-0.02113849
6881866.00000000	0.73311148	-0.01923172	-0.09882950
6876866.00000000	0.71017545	-0.02074951	-0.17892691
6871866.00000000	0.67400146	-0.02176431	-0.25941516
6866866.00000000	0.62592090	-0.02261435	-0.33585968
6861866.00000000	0.56763007	-0.02330811	-0.40649039
6856866.00000000	0.50062933	-0.02337122	-0.47033963
6851866.00000000	0.42684436	-0.02297031	-0.52606528
6846866.00000000	0.34852142	-0.02237695	-0.57272424
6841866.00000000	0.26807297	-0.02198199	-0.60972012
6836866.00000000	0.18549734	-0.02181564	-0.63750934
6831866.00000000	0.10083099	-0.02161005	-0.65684976
6826866.00000000	0.01635825	-0.02120270	-0.66732346
6821866.00000000	-0.07163806	-0.02015814	-0.66939954
6816866.00000000	-0.16054794	-0.01840646	-0.66217419
6811866.00000000	-0.25067627	-0.01578656	-0.64475754
6806866.00000000	-0.34044955	-0.01198956	-0.61618799
6801866.00000000	-0.42228915	-0.00748349	-0.57867841
6796866.00000000	-0.49945844	-0.00263553	-0.53049683
6791866.00000000	-0.56562454	0.00224512	-0.47512006
6786866.00000000	-0.62298911	0.00651511	-0.41096307
6781866.00000000	-0.66677533	0.00987714	-0.34506421
6776866.00000000	-0.70101776	0.01253497	-0.27446118
6771866.00000000	-0.72583902	0.01479163	-0.19967310
6766866.00000000	-0.74072421	0.01717545	-0.12520255
6761866.00000000	-0.74629657	0.01940729	-0.04792719
6756866.00000000	-0.74152890	0.02223682	0.03163101
6751866.00000000	-0.72593906	0.02540799	0.11023923
6746866.00000000	-0.69780200	0.02922418	0.19091684
6741866.00000000	-0.65741321	0.03210361	0.26973428
6736866.00000000	-0.60586148	0.03424081	0.34494928
6731866.00000000	-0.54336029	0.03474936	0.41606003
6726866.00000000	-0.47386200	0.03445935	0.47906622
6721866.00000000	-0.40156940	0.03294867	0.53174875
6716866.00000000	-0.32416910	0.03059161	0.57647342
6711866.00000000	-0.24564423	0.02800336	0.61154218
6706866.00000000	-0.16191080	0.02573740	0.63887518
6701866.00000000	-0.08198087	0.02414569	0.65611075
6696866.00000000	0.00195486	0.02286624	0.66557764
6691866.00000000	0.08824329	0.02194113	0.66637143
6686866.00000000	0.17334393	0.02063156	0.65804874
6681866.00000000	0.26064548	0.01998837	0.63930576
6676866.00000000	0.34502567	0.01970163	0.61034271
6671866.00000000	0.42602579	0.01943414	0.57093146
6666866.00000000	0.50102524	0.01891647	0.52201764
6661866.00000000	0.56659268	0.01753708	0.46554309
6656866.00000000	0.62334695	0.01501550	0.40105731
6651866.00000000	0.66815231	0.01175183	0.33269064
6646866.00000000	0.70272302	0.00793188	0.25974591
6641866.00000000	0.72645682	0.00388998	0.18639001
6636866.00000000	0.74093362	-0.00038168	0.11134570
6631866.00000000	0.74627957	-0.00498669	0.03289035
6626866.00000000	0.74131891	-0.01049557	-0.04697791
6621866.00000000	0.72547888	-0.01625778	-0.12554105
6616866.00000000	0.69702264	-0.02226303	-0.20600507
6611866.00000000	0.65666138	-0.02791324	-0.28416129
6606866.00000000	0.60534982	-0.03181702	-0.35782108
6601866.00000000	0.54398541	-0.03430484	-0.42651608
6596866.00000000	0.47585074	-0.03459299	-0.48707162
6591866.00000000	0.40122971	-0.03419882	-0.54000177
6586866.00000000	0.32461392	-0.03280554	-0.58306573
6581866.00000000	0.24510114	-0.03112079	-0.61761334
6576866.00000000	0.16387125	-0.02912924	-0.64380722
6571866.00000000	0.08203473	-0.02751404	-0.66159268
6566866.00000000	-0.00463351	-0.02599588	-0.67166815
6561866.00000000	-0.08834506	-0.02474796	-0.67313400
6556866.00000000	-0.17617493	-0.02313281	-0.66577988
6551866.00000000	-0.26562259	-0.02074292	-0.64828217
6546866.00000000	-0.35154218	-0.01804660	-0.62118405
6541866.00000000	-0.43423386	-0.01448880	-0.58350034
6536866.00000000	-0.50917426	-0.01040805	-0.53653015
6531866.00000000	-0.57548218	-0.00633591	-0.48049832
6526866.00000000	-0.62950247	-0.00270276	-0.41890295
6521866.00000000	-0.67231546	0.00073441	-0.35264911
6516866.00000000	-0.70538458	0.00388190	-0.28119980
6511866.00000000	-0.72867709	0.00657761	-0.20732501
6506866.00000000	-0.74264609	0.00890570	-0.13188257
6501866.00000000	-0.74745895	0.01221228	-0.05252875
6496866.00000000	-0.74226132	0.01527658	0.02592807
6491866.00000000	-0.72565695	0.01922018	0.10748712
6486866.00000000	-0.69629465	0.02314566	0.19010831
6481866.00000000	-0.65609167	0.02667664	0.26782825
6476866.00000000	-0.60311945	0.03009528	0.34450421
6471866.00000000	-0.54155338	0.03242160	0.41406671
6466866.00000000	-0.47173969	0.03336395	0.47713248
6461866.00000000	-0.39672470	0.03415234	0.53147818
6456866.00000000	-0.31967450	0.03402762	0.57575748
6451866.00000000	-0.23779504	0.03344382	0.61204599
6446866.00000000	-0.15778381	0.03296317	0.63796613
6441866.00000000	-0.07426672	0.03262143	0.65613556
6436866.00000000	0.01221506	0.03237866	0.66580136
6431866.00000000	0.09929523	0.03142654	0.66649661
6426866.00000000	0.18909094	0.03032458	0.65734793
6421866.00000000	0.27786148	0.02778391	0.63803448
6416866.00000000	0.36343930	0.02466840	0.60851715
6411866.00000000	0.44590964	0.02082095	0.56785190
6406866.00000000	0.52019901	0.01612839	0.51786047
6401866.00000000	0.58376535	0.01080197	0.46059344
6396866.00000000	0.63706039	0.00534280	0.39598605
6391866.00000000	0.67870230	0.00017712	0.32752859
6386866.00000000	0.71055096	-0.00487119	0.25394174
6381866.00000000	0.73182394	-0.00983188	0.18036743
6376866.00000000	0.74401984	-0.01458920	0.10384946
6371866.00000000	0.74658615	-0.02054898	0.02378546
6366866.00000000	0.73903098	-0.02670770	-0.05317654
6361866.00000000	0.71979590	-0.03335995	-0.13417673
6356866.00000000	0.68903958	-0.03950238	-0.21315347
6351866.00000000	0.64696378	-0.04470660	-0.28982825
6346866.00000000	0.59319611	-0.04830869	-0.36412241
6341866.00000000	0.53280731	-0.04927689	-0.42988480
6336866.00000000	0.46333853	-0.04817661	-0.49020285
6331866.00000000	0.39045822	-0.04567200	-0.54062558
6326866.00000000	0.31347311	-0.04233142	-0.58251736
6321866.00000000	0.23469397	-0.03933298	-0.61499292
6316866.00000000	0.15512506	-0.03620126	-0.63869308
6311866.00000000	0.07198389	-0.03314282	-0.65459128
6306866.00000000	-0.01218887	-0.03010919	-0.66188901
6301866.00000000	-0.09819266	-0.02722507	-0.66049551
6296866.00000000	-0.18781558	-0.02405887	-0.64937262
6291866.00000000	-0.27711868	-0.02010571	-0.62785141
6286866.00000000	-0.36226236	-0.01595340	-0.59649268
6281866.00000000	-0.44401566	-0.01118506	-0.55432880
6276866.00000000	-0.51698734	-0.00637769	-0.50374503
6271866.00000000	-0.58161584	-0.00188330	-0.44422089
6266866.00000000	-0.63434723	0.00212604	-0.37934656
6261866.00000000	-0.67656381	0.00564417	-0.30923676
6256866.00000000	-0.70846280	0.00867810	-0.23545822
6251866.00000000	-0.73005084	0.01136633	-0.16101385
6246866.00000000	-0.74275400	0.01464685	-0.08244199
6241866.00000000	-0.74575677	0.01779733	-0.00445685
6236866.00000000	-0.73867322	0.02204520	0.07595139
6231866.00000000	-0.71973273	0.02597226	0.15879651
6226866.00000000	-0.68918787	0.03025253	0.23863788
6221866.00000000	-0.64525922	0.03390497	0.31793365
6216866.00000000	-0.59081946	0.03659488	0.39103732
6211866.00000000	-0.52706812	0.03796335	0.45723911
6206866.00000000	-0.45714038	0.03788031	0.51444070
6201866.00000000	-0.38252887	0.03744669	0.56268234
6196866.00000000	-0.30320599	0.03681992	0.60253244
6191866.00000000	-0.22193680	0.03628925	0.63336462
6186866.00000000	-0.14009589	0.03593787	0.65521109
6181866.00000000	-0.05408423	0.03553763	0.66919681
6176866.00000000	0.03228357	0.03522168	0.67437292
6171866.00000000	0.12118845	0.03433762	0.67054187
6166866.00000000	0.21328204	0.03202798	0.65651572
6161866.00000000	0.29953000	0.02844794	0.63352322
6156866.00000000	0.38705984	0.02291794	0.59922427
6151866.00000000	0.46662360	0.01667239	0.55599341
6146866.00000000	0.53795401	0.00981036	0.50410208
6141866.00000000	0.59973361	0.00321283	0.44442117
6136866.00000000	0.64910086	-0.00281003	0.38069586
6131866.00000000	0.68913461	-0.00796960	0.31005844
6126866.00000000	0.71734549	-0.01219281	0.23990677
6121866.00000000	0.73656421	-0.01600528	0.16574524
6116866.00000000	0.74618912	-0.02018448	0.08903275
6111866.00000000	0.74551453	-0.02470319	0.01180417
6106866.00000000	0.73352744	-0.02960965	-0.06771976
6101866.00000000	0.70904617	-0.03457376	-0.14789679
6096866.00000000	0.67201971	-0.03863687	-0.22629449
6091866.00000000	0.62179846	-0.04150446	-0.30405032
6086866.00000000	0.56167719	-0.04225867	-0.37623663
6081866.00000000	0.49475522	-0.04169073	-0.44114395
6076866.00000000	0.42127634	-0.03995688	-0.49923245
6071866.00000000	0.34554761	-0.03764813	-0.54786203
6066866.00000000	0.26634616	-0.03522641	-0.58820737
6061866.00000000	0.18771603	-0.03294983	-0.61907281
6056866.00000000	0.10703027	-0.03103268	-0.64183591
6051866.00000000	0.02312433	-0.02941534	-0.65632950
6046866.00000000	-0.05774081	-0.02812656	-0.66174826
6041866.00000000	-0.14357266	-0.02681802	-0.65800735
6036866.00000000	-0.22727304	-0.02590985	-0.64455008
6031866.00000000	-0.31033142	-0.02565967	-0.62052844
6026866.00000000	-0.39200928	-0.02591394	-0.58538171
6021866.00000000	-0.46604303	-0.02627707	-0.54213037
6016866.00000000	-0.53514804	-0.02579004	-0.48905414
6011866.00000000	-0.59499686	-0.02414047	-0.42912143
6006866.00000000	-0.64508978	-0.02155493	-0.36283676
6001866.00000000	-0.68349335	-0.01860782	-0.29454816
5996866.00000000	-0.71240988	-0.01543646	-0.22317252
5991866.00000000	-0.73294238	-0.01185431	-0.14685910
5986866.00000000	-0.74395868	-0.00818918	-0.07041708
5981866.00000000	-0.74580786	-0.00361264	0.00794781
5976866.00000000	-0.73738577	0.00222562	0.08975583
5971866.00000000	-0.71738098	0.00923065	0.17122672
5966866.00000000	-0.68585684	0.01711609	0.24969669
5961866.00000000	-0.64170523	0.02533337	0.32594702
5956866.00000000	-0.58656125	0.03262506	0.39649869
5951866.00000000	-0.52099338	0.03834988	0.45990344
5946866.00000000	-0.44900504	0.04226160	0.51374918
5941866.00000000	-0.37164319	0.04436008	0.55842822
5936866.00000000	-0.29101874	0.04535379	0.59380090
5931866.00000000	-0.21004462	0.04560034	0.61942889
5926866.00000000	-0.12450592	0.04553036	0.63698941
5921866.00000000	-0.04060611	0.04550882	0.64554437
5916866.00000000	0.04552206	0.04549969	0.64539581
5911866.00000000	0.13739883	0.04540445	0.63558331
5906866.00000000	0.22469250	0.04456131	0.61688129
5901866.00000000	0.31442209	0.04285580	0.58778293
5896866.00000000	0.39994943	0.04021417	0.54931305
5891866.00000000	0.47992612	0.03612265	0.50156723
5886866.00000000	0.54948044	0.03156760	0.44743143
5881866.00000000	0.60803085	0.02661246	0.38752786
5876866.00000000	0.65615112	0.02174127	0.32194580
5871866.00000000	0.69324158	0.01729605	0.25282968
5866866.00000000	0.71977216	0.01351920	0.18202368
5861866.00000000	0.73756070	0.00992569	0.10702866
5856866.00000000	0.74562604	0.00616156	0.03236191
5851866.00000000	0.74386884	0.00190488	-0.04486621
5846866.00000000	0.73098373	-0.00337891	-0.12415070
5841866.00000000	0.70697086	-0.00913031	-0.20048410
5836866.00000000	0.66973544	-0.01542902	-0.27780417
5831866.00000000	0.62067853	-0.02161600	-0.35092206
5826866.00000000	0.56311880	-0.02699921	-0.41706653
5821866.00000000	0.49546841	-0.03107535	-0.47832925
5816866.00000000	0.42410608	-0.03389163	-0.52965469
5811866.00000000	0.34567520	-0.03554004	-0.57444336
5806866.00000000	0.26788821	-0.03673212	-0.60881085
5801866.00000000	0.18752377	-0.03742035	-0.63563248
5796866.00000000	0.10423029	-0.03797739	-0.65462607
5791866.00000000	0.01997864	-0.03834781	-0.66526166
5786866.00000000	-0.06727338	-0.03892795	-0.66742761
5781866.00000000	-0.15467773	-0.03903317	-0.66050073
5776866.00000000	-0.24158188	-0.03863303	-0.64427032
5771866.00000000	-0.32903210	-0.03726291	-0.61739041
5766866.00000000	-0.41033826	-0.03507144	-0.58188550
5761866.00000000	-0.48703857	-0.03173416	-0.53632440
5756866.00000000	-0.55486758	-0.02745325	-0.48287207
5751866.00000000	-0.61216174	-0.02292502	-0.42310623
5746866.00000000	-0.65866180	-0.01811890	-0.35821017
5741866.00000000	-0.69463641	-0.01342883	-0.28999866
5736866.00000000	-0.72107062	-0.00906677	-0.21899884
5731866.00000000	-0.73879752	-0.00494473	-0.14391656
5726866.00000000	-0.74722156	-0.00076129	-0.07068225
5721866.00000000	-0.74640973	0.00407623	0.00653275
5716866.00000000	-0.73494974	0.00924265	0.08458026
5711866.00000000	-0.71188791	0.01501825	0.16210046
5706866.00000000	-0.67553885	0.02051962	0.24003250
5701866.00000000	-0.62805804	0.02505402	0.31306610
5696866.00000000	-0.56846500	0.02869006	0.38315942
5691866.00000000	-0.50120786	0.03111319	0.44565091
5686866.00000000	-0.42888074	0.03258640	0.49966882
5681866.00000000	-0.35063309	0.03345044	0.54661667
5676866.00000000	-0.27185345	0.03418124	0.58381778
5671866.00000000	-0.18858765	0.03525018	0.61368066
5666866.00000000	-0.10559323	0.03666525	0.63444672
5661866.00000000	-0.02026617	0.03843173	0.64729691
5656866.00000000	0.06873541	0.04029050	0.65176605
5651866.00000000	0.15872705	0.04202704	0.64708847
5646866.00000000	0.24812460	0.04300659	0.63264151
5641866.00000000	0.33791718	0.04298608	0.60747202
5636866.00000000	0.42139914	0.04129648	0.57252014
5631866.00000000	0.49966916	0.03785889	0.52660010
5626866.00000000	0.56637720	0.03301721	0.47289807
5621866.00000000	0.62247534	0.02741031	0.41175171
5616866.00000000	0.66769809	0.02165274	0.34443802
5611866.00000000	0.70137418	0.01620169	0.27549442
5606866.00000000	0.72621899	0.01090610	0.20198044
5601866.00000000	0.74175607	0.00566342	0.12710547
5596866.00000000	0.74794348	0.00016187	0.05052341
5591866.00000000	0.74395480	-0.00609283	-0.03038882
5586866.00000000	0.72937030	-0.01259613	-0.10885349
5581866.00000000	0.70243793	-0.01936475	-0.19008115
5576866.00000000	0.66374814	-0.02575449	-0.26927859
5571866.00000000	0.61306686	-0.03101526	-0.34642731
5566866.00000000	0.55288803	-0.03543036	-0.41714877
5561866.00000000	0.48643784	-0.03821512	-0.47893924
5556866.00000000	0.41407016	-0.04013174	-0.53256076
5551866.00000000	0.33702872	-0.04085974	-0.57773483
5546866.00000000	0.25918433	-0.04114783	-0.61292187
5541866.00000000	0.17811664	-0.04130319	-0.64009531
5536866.00000000	0.09575912	-0.04165912	-0.65886758
5531866.00000000	0.00945465	-0.04203647	-0.66968082
5526866.00000000	-0.08060870	-0.04232709	-0.67187900
5521866.00000000	-0.17071603	-0.04180319	-0.66462741
5516866.00000000	-0.26491907	-0.04020804	-0.64671713
5511866.00000000	-0.35684494	-0.03728210	-0.61798569
5506866.00000000	-0.44082849	-0.03289435	-0.58011301
5501866.00000000	-0.51953101	-0.02729468	-0.53103146
5496866.00000000	-0.58474539	-0.02147842	-0.47567581
5491866.00000000	-0.64060901	-0.01575424	-0.41089981
5486866.00000000	-0.68265793	-0.01076035	-0.34382089
5481866.00000000	-0.71356821	-0.00643204	-0.27456116
5476866.00000000	-0.73554404	-0.00230579	-0.19977347
5471866.00000000	-0.74709909	0.00158353	-0.12444418
5466866.00000000	-0.74826959	0.00589502	-0.04558459
5461866.00000000	-0.73749182	0.01071674	0.03547525
5456866.00000000	-0.71437418	0.01586038	0.11543973
5451866.00000000	-0.67641232	0.02100253	0.19891739
5446866.00000000	-0.62723035	0.02516504	0.27746323
5441866.00000000	-0.56719827	0.02840149	0.35258945
5436866.00000000	-0.49916177	0.03028473	0.42189838
5431866.00000000	-0.42663260	0.03107755	0.48253891
5426866.00000000	-0.34973700	0.03129007	0.53497672
5421866.00000000	-0.27154578	0.03103296	0.57764749
5416866.00000000	-0.19150583	0.03079971	0.61146286
5411866.00000000	-0.10687228	0.03075461	0.63749478
5406866.00000000	-0.02581461	0.03080679	0.65379572
5401866.00000000	0.06062363	0.03107196	0.66236179
5396866.00000000	0.14755777	0.03090723	0.66198257
5391866.00000000	0.23420825	0.03067795	0.65222897
5386866.00000000	0.32179385	0.02989948	0.63191644
5381866.00000000	0.40317694	0.02833960	0.60209805
5376866.00000000	0.47947458	0.02635809	0.56221725
5371866.00000000	0.54779532	0.02383676	0.51322205
5366866.00000000	0.60514325	0.02104184	0.45751761
5361866.00000000	0.65371973	0.01792087	0.39365356
5356866.00000000	0.69075943	0.01526865	0.32700241
5351866.00000000	0.71883118	0.01256625	0.25579529
5346866.00000000	0.73740036	0.00991989	0.18336835
5341866.00000000	0.74706018	0.00699942	0.10930252
5336866.00000000	0.74726895	0.00365353	0.03032635
5331866.00000000	0.73632654	-0.00051855	-0.05023965
5326866.00000000	0.71446552	-0.00501608	-0.12857028
5321866.00000000	0.67923590	-0.01019824	-0.20996616
5316866.00000000	0.63266074	-0.01505353	-0.28796582
5311866.00000000	0.57588846	-0.01916180	-0.36166617
5306866.00000000	0.51195425	-0.02213452	-0.42834021
5301866.00000000	0.44222675	-0.02412479	-0.48699051
5296866.00000000	0.36738199	-0.02573834	-0.53766397
5291866.00000000	0.29169501	-0.02678470	-0.57836917
5286866.00000000	0.21203082	-0.02771878	-0.61132559
5281866.00000000	0.13087189	-0.02876645	-0.63576633
5276866.00000000	0.04957059	-0.02999503	-0.65170102
5271866.00000000	-0.03828210	-0.03146414	-0.66002551
5266866.00000000	-0.12424081	-0.03295941	-0.65938123
5261866.00000000	-0.21401361	-0.03403391	-0.64949106
5256866.00000000	-0.30372137	-0.03472791	-0.62958722
5251866.00000000	-0.38928375	-0.03405557	-0.60006116
5246866.00000000	-0.46853430	-0.03221545	-0.56115405
5241866.00000000	-0.53927963	-0.02913229	-0.51327988
5236866.00000000	-0.60118793	-0.02534119	-0.45605099
5231866.00000000	-0.65036258	-0.02148651	-0.39404715
5226866.00000000	-0.68833282	-0.01788785	-0.32824173
5221866.00000000	-0.71752100	-0.01451694	-0.25670276
5216866.00000000	-0.73673935	-0.01133078	-0.18330450
5211866.00000000	-0.74672418	-0.00820425	-0.10666232
5206866.00000000	-0.74650430	-0.00456299	-0.02660135
5201866.00000000	-0.73521613	-0.00062695	0.05344211
5196866.00000000	-0.71158133	0.00384558	0.13577722
5191866.00000000	-0.67472131	0.00854385	0.21947794
5186866.00000000	-0.62880328	0.01287299	0.29609674
5181866.00000000	-0.57058420	0.01703561	0.37184225
5176866.00000000	-0.50569147	0.01998529	0.43921875
5171866.00000000	-0.43384674	0.02242029	0.49915854
5166866.00000000	-0.36043845	0.02413416	0.54808475
5161866.00000000	-0.28515137	0.02517056	0.58774680
5156866.00000000	-0.20386475	0.02596201	0.62028979
5151866.00000000	-0.12512411	0.02646585	0.64302527
5146866.00000000	-0.04165948	0.02728949	0.65819119
5141866.00000000	0.04441696	0.02812994	0.66509030
5136866.00000000	0.13096204	0.02881519	0.66313263
5131866.00000000	0.22085034	0.02940894	0.65123190
5126866.00000000	0.30653635	0.02966205	0.63008521
5121866.00000000	0.39105490	0.02903235	0.59795547
5116866.00000000	0.47140244	0.02713071	0.55458447
5111866.00000000	0.54082950	0.02479922	0.50384641
5106866.00000000	0.60175836	0.02136646	0.44331442
5101866.00000000	0.65089694	0.01800015	0.37774097
5096866.00000000	0.68936490	0.01513983	0.30791422
5091866.00000000	0.71754968	0.01223587	0.23604489
5086866.00000000	0.73621054	0.00950311	0.16216907
5081866.00000000	0.74591254	0.00621783	0.08396915
5076866.00000000	0.74502631	0.00178790	0.00378217
5071866.00000000	0.73304648	-0.00356366	-0.07528632
5066866.00000000	0.70807520	-0.00980914	-0.15777710
5061866.00000000	0.67127502	-0.01583337	-0.23701260
5056866.00000000	0.62233652	-0.02164227	-0.31337064
5051866.00000000	0.56366974	-0.02600623	-0.38402029
5046866.00000000	0.49843909	-0.02885886	-0.44602368
5041866.00000000	0.42570090	-0.03033047	-0.50129611
5036866.00000000	0.35130762	-0.03083112	-0.54579575
5031866.00000000	0.27324841	-0.03065582	-0.58183084
5026866.00000000	0.19221841	-0.03034552	-0.60927216
5021866.00000000	0.11166943	-0.03011765	-0.62753058
5016866.00000000	0.02432242	-0.02978891	-0.63812616
5011866.00000000	-0.06091525	-0.02939041	-0.63956305
5006866.00000000	-0.15029672	-0.02853943	-0.63159650
5001866.00000000	-0.24112726	-0.02694110	-0.61352386
4996866.00000000	-0.32912213	-0.02455075	-0.58567072
4991866.00000000	-0.41403809	-0.02154749	-0.54770142
4986866.00000000	-0.49127524	-0.01761829	-0.50105273
4981866.00000000	-0.55965381	-0.01319427	-0.44592215
4976866.00000000	-0.61650757	-0.00845743	-0.38511353
4971866.00000000	-0.66163629	-0.00425912	-0.32072684
4966866.00000000	-0.69714267	-0.00014178	-0.25131787
4961866.00000000	-0.72275934	0.00367319	-0.17956461
4956866.00000000	-0.73880786	0.00699033	-0.10613071
4951866.00000000	-0.74562497	0.01012674	-0.02914331
4946866.00000000	-0.74200220	0.01345184	0.04825912
4941866.00000000	-0.72685004	0.01739029	0.12730133
4936866.00000000	-0.69858786	0.02060715	0.20694638
4931866.00000000	-0.65994107	0.02319601	0.28061801
4926866.00000000	-0.60780856	0.02497104	0.35403278
4921866.00000000	-0.54755682	0.02585184	0.42005295
4916866.00000000	-0.47748575	0.02593213	0.48118680
4911866.00000000	-0.40587576	0.02540286	0.53129651
4906866.00000000	-0.32874710	0.02464017	0.57467422
4901866.00000000	-0.24839432	0.02384601	0.60956244
4896866.00000000	-0.16880569	0.02319971	0.63518082
4891866.00000000	-0.08402744	0.02305441	0.65349774
4886866.00000000	0.00136444	0.02247812	0.66314569
4881866.00000000	0.08725034	0.02146774	0.66398489
4876866.00000000	0.17642502	0.02016138	0.65542270
4871866.00000000	0.26451248	0.01830948	0.63712067
4866866.00000000	0.35085513	0.01534326	0.60862900
4861866.00000000	0.43409982	0.01123929	0.56943265
4856866.00000000	0.50908072	0.00648505	0.52129929
4851866.00000000	0.57334732	0.00180142	0.46603836
4846866.00000000	0.62739014	-0.00260214	0.40410287
4841866.00000000	0.67056229	-0.00630002	0.33788376
4836866.00000000	0.70474435	-0.00960049	0.26529947
4831866.00000000	0.72778613	-0.01231549	0.19399197
4826866.00000000	0.74243454	-0.01482349	0.11761337
4821866.00000000	0.74728751	-0.01751309	0.03974738
4816866.00000000	0.74149496	-0.02020419	-0.03963132
4811866.00000000	0.72368457	-0.02308493	-0.12088425
4806866.00000000	0.69399454	-0.02546265	-0.20009586
4801866.00000000	0.65147537	-0.02736429	-0.27876443
4796866.00000000	0.59817892	-0.02852567	-0.35305679
4791866.00000000	0.53731564	-0.02875668	-0.41981427
4786866.00000000	0.46775748	-0.02844012	-0.48066104
4781866.00000000	0.39550119	-0.02785471	-0.53153888
4776866.00000000	0.31855615	-0.02731006	-0.57419754
4771866.00000000	0.24141342	-0.02687207	-0.60704300
4766866.00000000	0.16328076	-0.02661710	-0.63132047
4761866.00000000	0.08017776	-0.02648715	-0.64811725
4756866.00000000	-0.00444595	-0.02621088	-0.65602203
4751866.00000000	-0.08864847	-0.02558609	-0.65520682
4746866.00000000	-0.17804443	-0.02416119	-0.64473596
4741866.00000000	-0.26455798	-0.02173560	-0.62479987
4736866.00000000	-0.35137000	-0.01838400	-0.59415515
4731866.00000000	-0.43290759	-0.01430817	-0.55428339
4726866.00000000	-0.50630795	-0.00993298	-0.50638727
4721866.00000000	-0.57245306	-0.00549164	-0.44949811
4716866.00000000	-0.62602106	-0.00165875	-0.38840375
4711866.00000000	-0.67020526	0.00169934	-0.32100500
4706866.00000000	-0.70371237	0.00439438	-0.25052014
4701866.00000000	-0.72723126	0.00650122	-0.17852078
4696866.00000000	-0.74218594	0.00853308	-0.09988773
4691866.00000000	-0.74673398	0.01052512	-0.02393246
4686866.00000000	-0.74025571	0.01345428	0.05967282
4681866.00000000	-0.72153650	0.01599686	0.14210822
4676866.00000000	-0.69013361	0.01874243	0.22288281
4671866.00000000	-0.64602484	0.02166599	0.30111813
4666866.00000000	-0.59143042	0.02423587	0.37362732
4661866.00000000	-0.52684518	0.02635263	0.44033701
4656866.00000000	-0.45473627	0.02788297	0.49910138
4651866.00000000	-0.38030829	0.02866150	0.54714148
4646866.00000000	-0.29988651	0.02882550	0.58765704
4641866.00000000	-0.21933188	0.02889084	0.61836542
4636866.00000000	-0.13653540	0.02872678	0.64059671
4631866.00000000	-0.05028110	0.02858548	0.65463055
4626866.00000000	0.03612054	0.02828268	0.65984125
4621866.00000000	0.12744962	0.02717276	0.65595990
4616866.00000000	0.22078204	0.02521353	0.64183792
4611866.00000000	0.30799911	0.02220056	0.61869769
4606866.00000000	0.39519205	0.01793723	0.58444208
4601866.00000000	0.47348328	0.01294211	0.54180713
4596866.00000000	0.54551746	0.00743689	0.48878375
4591866.00000000	0.60406461	0.00231625	0.43091769
4586866.00000000	0.65170822	-0.00215213	0.36796329
4581866.00000000	0.68981821	-0.00606021	0.29944125
4576866.00000000	0.71747229	-0.00920755	0.22918768
4571866.00000000	0.73637167	-0.01202982	0.15567548
4566866.00000000	0.74609940	-0.01479449	0.07922955
4561866.00000000	0.74609763	-0.01753146	0.00269891
4556866.00000000	0.73527930	-0.02048724	-0.07756479
4551866.00000000	0.71317276	-0.02339069	-0.15612097
4546866.00000000	0.67907355	-0.02584641	-0.23400211
4541866.00000000	0.63311719	-0.02756271	-0.30988431
4536866.00000000	0.57778391	-0.02804523	-0.37984644
4531866.00000000	0.51462585	-0.02767850	-0.44290799
4526866.00000000	0.44597876	-0.02626443	-0.49766556
4521866.00000000	0.37321304	-0.02404590	-0.54414020
4516866.00000000	0.29473111	-0.02171744	-0.58321786
4511866.00000000	0.21798331	-0.01925211	-0.61226700
4506866.00000000	0.13642404	-0.01673041	-0.63443353
4501866.00000000	0.05222229	-0.01411417	-0.64846295
4496866.00000000	-0.03333807	-0.01119174	-0.65397815
4491866.00000000	-0.12366043	-0.00788922	-0.65042267
4486866.00000000	-0.21277222	-0.00416391	-0.63746985
4481866.00000000	-0.30241171	0.00016055	-0.61405408
4476866.00000000	-0.38996277	0.00477548	-0.57990359
4471866.00000000	-0.46846698	0.00910480	-0.53746329
4466866.00000000	-0.54033719	0.01333987	-0.48508362
4461866.00000000	-0.59987888	0.01668671	-0.42731216
4456866.00000000	-0.64984802	0.01945264	-0.36226154
4451866.00000000	-0.68810312	0.02152344	-0.29482272
4446866.00000000	-0.71628317	0.02325031	-0.22500714
4441866.00000000	-0.73578198	0.02497595	-0.15029141
4436866.00000000	-0.74536517	0.02685834	-0.07307144
4431866.00000000	-0.74445090	0.02874847	0.00413562
4426866.00000000	-0.73170023	0.03047067	0.08598660
4421866.00000000	-0.70660785	0.03152823	0.16710287
4416866.00000000	-0.66877545	0.03166144	0.24796500
4411866.00000000	-0.62032639	0.03047739	0.32434302
4406866.00000000	-0.56288123	0.02815656	0.39497879
4401866.00000000	-0.49654233	0.02457291	0.45995499
4396866.00000000	-0.42665756	0.02048590	0.51448584
4391866.00000000	-0.35351166	0.01665674	0.55963065
4386866.00000000	-0.27613068	0.01278818	0.59660477
4381866.00000000	-0.19810165	0.00927448	0.62426508
4376866.00000000	-0.11565860	0.00637302	0.64413724
4371866.00000000	-0.03411795	0.00336081	0.65520581
4366866.00000000	0.05061484	0.00060626	0.65787915
4361866.00000000	0.13804599	-0.00194202	0.65130188
4356866.00000000	0.22540790	-0.00441443	0.63501202
4351866.00000000	0.31067105	-0.00635632	0.60902087
4346866.00000000	0.39305490	-0.00774451	0.57307681
4341866.00000000	0.46940433	-0.00836377	0.52831454
4336866.00000000	0.53823880	-0.00839514	0.47543857
4331866.00000000	0.59574719	-0.00815680	0.41793625
4326866.00000000	0.64478568	-0.00772736	0.35355789
4321866.00000000	0.68309396	-0.00731277	0.28681525
4316866.00000000	0.71217114	-0.00706833	0.21692218
4311866.00000000	0.73266180	-0.00711938	0.14340234
4306866.00000000	0.74376025	-0.00759717	0.06898145
4301866.00000000	0.74516043	-0.00859271	-0.00834552
4296866.00000000	0.73513855	-0.01012616	-0.08851624
4291866.00000000	0.71369022	-0.01201495	-0.16562189
4286866.00000000	0.67882190	-0.01408762	-0.24415247
4281866.00000000	0.63248532	-0.01582578	-0.31825919
4276866.00000000	0.57418027	-0.01716220	-0.38897540
4271866.00000000	0.50920966	-0.01783289	-0.45091077
4266866.00000000	0.43904822	-0.01786130	-0.50432318
4261866.00000000	0.36257999	-0.01736081	-0.55058612
4256866.00000000	0.28562408	-0.01673181	-0.58694162
4251866.00000000	0.20578735	-0.01616721	-0.61537314
4246866.00000000	0.12245837	-0.01569739	-0.63605139
4241866.00000000	0.03869705	-0.01548969	-0.64820859
4236866.00000000	-0.04900842	-0.01554904	-0.65202710
4231866.00000000	-0.13765533	-0.01597824	-0.64665411
4226866.00000000	-0.22634467	-0.01664307	-0.63164407
4221866.00000000	-0.31533398	-0.01739853	-0.60599225
4216866.00000000	-0.39994690	-0.01823138	-0.57046970
4211866.00000000	-0.47672672	-0.01855746	-0.52639755
4206866.00000000	-0.54573169	-0.01829874	-0.47382901
4201866.00000000	-0.60363220	-0.01732111	-0.41557962
4196866.00000000	-0.65270575	-0.01582782	-0.34998413
4191866.00000000	-0.68924438	-0.01423911	-0.28430713
4186866.00000000	-0.71729221	-0.01249716	-0.21422116
4181866.00000000	-0.73660184	-0.01063113	-0.14011124
4176866.00000000	-0.74615140	-0.00846017	-0.06644958
4171866.00000000	-0.74579538	-0.00563477	0.01152750
4166866.00000000	-0.73425217	-0.00191681	0.08985727
4161866.00000000	-0.71094543	0.00268710	0.16740906
4156866.00000000	-0.67435400	0.00791797	0.24608707
4151866.00000000	-0.62724832	0.01281293	0.31943723
4146866.00000000	-0.56948676	0.01694479	0.38907220
4141866.00000000	-0.50405460	0.01980664	0.45181305
4136866.00000000	-0.43262466	0.02139822	0.50711530
4131866.00000000	-0.35728741	0.02209396	0.55423514
4126866.00000000	-0.28035858	0.02231879	0.59242636
4121866.00000000	-0.19947171	0.02285416	0.62337250
4116866.00000000	-0.11594440	0.02302725	0.64654956
4111866.00000000	-0.03195523	0.02300531	0.66142102
4106866.00000000	0.05674771	0.02329794	0.66826120
4101866.00000000	0.14656769	0.02365091	0.66599661
4096866.00000000	0.23803638	0.02378348	0.65394476
4091866.00000000	0.32864328	0.02342136	0.63110217
4086866.00000000	0.41311060	0.02214258	0.59843631
4081866.00000000	0.49188565	0.01988214	0.55502652
4076866.00000000	0.55967758	0.01687128	0.50325943
4071866.00000000	0.61659085	0.01355060	0.44391199
4066866.00000000	0.66282877	0.01036224	0.37810059
4061866.00000000	0.69813016	0.00756595	0.30887454
4056866.00000000	0.72440781	0.00502380	0.23404303
4051866.00000000	0.74043552	0.00273007	0.15922961
4046866.00000000	0.74699667	0.00042184	0.08046924
4041866.00000000	0.74278000	-0.00214713	-0.00183423
4036866.00000000	0.72651010	-0.00477628	-0.08608975
4031866.00000000	0.69817444	-0.00742023	-0.16914896
4026866.00000000	0.65752664	-0.00962607	-0.25135205
4021866.00000000	0.60610748	-0.01130930	-0.32909274
4016866.00000000	0.54557816	-0.01226355	-0.40032742
4011866.00000000	0.47955481	-0.01258466	-0.46199200
4006866.00000000	0.40768417	-0.01235995	-0.51535629
4001866.00000000	0.33300711	-0.01212769	-0.55891656
3996866.00000000	0.25618802	-0.01186874	-0.59321780
3991866.00000000	0.17600967	-0.01187521	-0.61910712
3986866.00000000	0.09415271	-0.01194186	-0.63629932
3981866.00000000	0.00859076	-0.01230859	-0.64479703
3976866.00000000	-0.08000183	-0.01254602	-0.64415936
3971866.00000000	-0.16782828	-0.01246243	-0.63387701
3966866.00000000	-0.25813956	-0.01160553	-0.61304565
3961866.00000000	-0.34451196	-0.00978745	-0.58240433
3956866.00000000	-0.42736819	-0.00713766	-0.54138705
3951866.00000000	-0.50051923	-0.00406427	-0.49278784
3946866.00000000	-0.56446008	-0.00098212	-0.43708139
3941866.00000000	-0.61935477	0.00180249	-0.37410410
3936866.00000000	-0.66276263	0.00404037	-0.30863730
3931866.00000000	-0.69731567	0.00593402	-0.23868625
3926866.00000000	-0.72293060	0.00770923	-0.16547195
3921866.00000000	-0.73916641	0.00931412	-0.09078830
3916866.00000000	-0.74583627	0.01091330	-0.01255814
3911866.00000000	-0.74158340	0.01229636	0.06638708
3906866.00000000	-0.72518533	0.01348181	0.14614655
3901866.00000000	-0.69545480	0.01407617	0.22613455
3896866.00000000	-0.65342416	0.01410651	0.30213153
3891866.00000000	-0.60104562	0.01362885	0.37213641
3886866.00000000	-0.53940472	0.01289890	0.43569843
3881866.00000000	-0.47194479	0.01220715	0.49070074
3876866.00000000	-0.39749762	0.01142157	0.53845993
3871866.00000000	-0.32505139	0.01084732	0.57475946
3866866.00000000	-0.24812305	0.01045911	0.60406653
3861866.00000000	-0.16700781	0.01010858	0.62600620
3856866.00000000	-0.08748587	0.00979529	0.63929782
3851866.00000000	-0.00283353	0.00935477	0.64506195
3846866.00000000	0.08245346	0.00877734	0.64235913
3841866.00000000	0.16971957	0.00789325	0.63072549
3836866.00000000	0.25730350	0.00729367	0.60982047
3831866.00000000	0.34116931	0.00676181	0.58040759
3826866.00000000	0.42204932	0.00624118	0.54183875
3821866.00000000	0.49520142	0.00566983	0.49606082
3816866.00000000	0.56121133	0.00509125	0.44218542
3811866.00000000	0.61649857	0.00464459	0.38305667
3806866.00000000	0.66137949	0.00455411	0.31962231
3801866.00000000	0.69723056	0.00447885	0.25101474
3796866.00000000	0.72301825	0.00443188	0.18057504
3791866.00000000	0.73951147	0.00419986	0.10818179
3786866.00000000	0.74646255	0.00369241	0.03123209
3781866.00000000	0.74227811	0.00261047	-0.04737509
3776866.00000000	0.72619849	0.00089703	-0.12597137
3771866.00000000	0.69675806	-0.00123099	-0.20552365
3766866.00000000	0.65497198	-0.00340701	-0.28220590
3761866.00000000	0.60082785	-0.00526953	-0.35573322
3756866.00000000	0.53787701	-0.00654410	-0.42217926
3751866.00000000	0.46801489	-0.00700873	-0.48046979
3746866.00000000	0.39267880	-0.00699112	-0.53051135
3741866.00000000	0.31543979	-0.00663116	-0.57096216
3736866.00000000	0.23271371	-0.00612802	-0.60412250
3731866.00000000	0.15201523	-0.00578152	-0.62754916
3726866.00000000	0.06670660	-0.00589096	-0.64366476
3721866.00000000	-0.02333279	-0.00638071	-0.65127689
3716866.00000000	-0.11109637	-0.00725000	-0.64976495
3711866.00000000	-0.20404608	-0.00828662	-0.63837534
3706866.00000000	-0.29435678	-0.00928058	-0.61680054
3701866.00000000	-0.38282498	-0.01001581	-0.58401102
3696866.00000000	-0.46396701	-0.01018185	-0.54150610
3691866.00000000	-0.53540601	-0.00951877	-0.49043683
3686866.00000000	-0.59742187	-0.00822784	-0.43124030
3681866.00000000	-0.64803400	-0.00670071	-0.36693604
3676866.00000000	-0.68781406	-0.00535403	-0.29906750
3671866.00000000	-0.71854126	-0.00443930	-0.22678818
3666866.00000000	-0.73923102	-0.00384717	-0.15388516
3661866.00000000	-0.75087738	-0.00364127	-0.07734857
3656866.00000000	-0.75198218	-0.00379922	0.00271082
3651866.00000000	-0.74194806	-0.00443832	0.07970990
3646866.00000000	-0.71922122	-0.00539227	0.16020502
3641866.00000000	-0.68395309	-0.00659604	0.23923935
3636866.00000000	-0.62619794	-0.00862183	0.32963129
3631866.00000000	-0.58086591	-0.01016223	0.38489087
3626866.00000000	-0.51682861	-0.01188950	0.44825885
3621866.00000000	-0.44537201	-0.01335074	0.50504184
3616866.00000000	-0.37178799	-0.01437747	0.55204025
3611866.00000000	-0.29339035	-0.01492218	0.59153271
3606866.00000000	-0.21181696	-0.01497220	0.62293958
3601866.00000000	-0.12938760	-0.01438120	0.64590259
3596866.00000000	-0.04211581	-0.01339813	0.66147345
3591866.00000000	0.04636765	-0.01126755	0.66837973
3586866.00000000	0.13760803	-0.00775848	0.66650848
3581866.00000000	0.23031107	-0.00343307	0.65481256
3576866.00000000	0.32166159	0.00110297	0.63241837
3571866.00000000	0.40571280	0.00496985	0.60058563
3566866.00000000	0.48414017	0.00778400	0.55833087
3561866.00000000	0.55234079	0.00947012	0.50771387
3556866.00000000	0.61168353	0.00991061	0.44752777
3551866.00000000	0.65732599	0.00953680	0.38490042
3546866.00000000	0.69400052	0.00881903	0.31617401
3541866.00000000	0.72099539	0.00793143	0.24374362
3536866.00000000	0.73845401	0.00665140	0.16935992
3531866.00000000	0.74625671	0.00512476	0.09098645
3526866.00000000	0.74330096	0.00313232	0.01164404
3521866.00000000	0.72847220	0.00087946	-0.07116776
3516866.00000000	0.70137650	-0.00139578	-0.15414133
3511866.00000000	0.66299805	-0.00340173	-0.23467307
3506866.00000000	0.61381808	-0.00466589	-0.31252130
3501866.00000000	0.55695804	-0.00544263	-0.38323007
3496866.00000000	0.49193433	-0.00522998	-0.44797076
3491866.00000000	0.42337866	-0.00481039	-0.50253781
3486866.00000000	0.35106250	-0.00414270	-0.54836099
3481866.00000000	0.27511203	-0.00329175	-0.58594833
3476866.00000000	0.19599155	-0.00222980	-0.61545731
3471866.00000000	0.11654523	-0.00139230	-0.63618027
3466866.00000000	0.03211151	-0.00051147	-0.64934824
3461866.00000000	-0.05401208	0.00052063	-0.65406894
3456866.00000000	-0.14324313	0.00134128	-0.64979846
3451866.00000000	-0.23327966	0.00170465	-0.63619391
3446866.00000000	-0.32130801	0.00260464	-0.61284760
3441866.00000000	-0.40698840	0.00359756	-0.57933142
3436866.00000000	-0.48426111	0.00477786	-0.53707013
3431866.00000000	-0.55196753	0.00624777	-0.48677325
3426866.00000000	-0.60993246	0.00756717	-0.42857352
3421866.00000000	-0.65630502	0.00868347	-0.36567715
3416866.00000000	-0.69380811	0.00971851	-0.29586835
3411866.00000000	-0.71997012	0.01075659	-0.22658832
3406866.00000000	-0.73798825	0.01181763	-0.15157077
3401866.00000000	-0.74644687	0.01283585	-0.07377786
3396866.00000000	-0.74446667	0.01370703	0.00715024
3391866.00000000	-0.73130466	0.01443552	0.08853738
3386866.00000000	-0.70596555	0.01466647	0.17102420
3381866.00000000	-0.66827017	0.01403055	0.25275381
3376866.00000000	-0.61915164	0.01272339	0.33065396
3371866.00000000	-0.56119022	0.01083719	0.40160263
3366866.00000000	-0.49573224	0.00887070	0.46481680
3361866.00000000	-0.42397769	0.00676154	0.51955722
3356866.00000000	-0.34941290	0.00494885	0.56440451
3351866.00000000	-0.27108472	0.00343274	0.60073941
3346866.00000000	-0.19108127	0.00223486	0.62807852
3341866.00000000	-0.10746548	0.00114807	0.64734848
3336866.00000000	-0.01891254	0.00026056	0.65810168
3331866.00000000	0.06818832	-0.00041562	0.65960956
3326866.00000000	0.16040289	-0.00118475	0.65142859
3321866.00000000	0.25125305	-0.00141254	0.63334140
3316866.00000000	0.34161032	-0.00176657	0.60469254
3311866.00000000	0.42561868	-0.00206830	0.56673782
3306866.00000000	0.50158929	-0.00242276	0.51984744
3301866.00000000	0.56813104	-0.00262259	0.46473950
3296866.00000000	0.62298761	-0.00266840	0.40408725
3291866.00000000	0.66722729	-0.00252017	0.33847775
3286866.00000000	0.70147644	-0.00227429	0.26886331
3281866.00000000	0.72583026	-0.00202850	0.19705478
3276866.00000000	0.74120377	-0.00183871	0.12128967
3271866.00000000	0.74636380	-0.00180566	0.04388879
3266866.00000000	0.74049924	-0.00215591	-0.03587222
3261866.00000000	0.72220206	-0.00290616	-0.11778265
3256866.00000000	0.69103491	-0.00420914	-0.19883249
3251866.00000000	0.64853271	-0.00575601	-0.27640738
3246866.00000000	0.59523346	-0.00756946	-0.35032187
3241866.00000000	0.53362927	-0.00932031	-0.41778528
3236866.00000000	0.46406503	-0.01064905	-0.47904907
3231866.00000000	0.39316251	-0.01147412	-0.52959775
3226866.00000000	0.31864276	-0.01253094	-0.57210760
3221866.00000000	0.24106085	-0.01329306	-0.60682993
3216866.00000000	0.16263742	-0.01379285	-0.63307520
3211866.00000000	0.08177216	-0.01438214	-0.65136688
3206866.00000000	-0.00066660	-0.01498990	-0.66129568
3201866.00000000	-0.08406519	-0.01560654	-0.66221429
3196866.00000000	-0.16732089	-0.01571109	-0.65324011
3191866.00000000	-0.24748904	-0.01518033	-0.63419641
3186866.00000000	-0.32441693	-0.01368091	-0.60451526
3181866.00000000	-0.39463177	-0.01140112	-0.56543085
3176866.00000000	-0.45902521	-0.00843411	-0.51659525
3171866.00000000	-0.51416998	-0.00520129	-0.46160611
3166866.00000000	-0.56115509	-0.00190280	-0.40071378
3161866.00000000	-0.60037921	0.00130594	-0.33496420
3156866.00000000	-0.63217419	0.00458054	-0.26420807
3151866.00000000	-0.65527173	0.00762592	-0.19301349
3146866.00000000	-0.67131635	0.01081345	-0.11634509
3141866.00000000	-0.67880963	0.01388275	-0.03793027
3136866.00000000	-0.67720834	0.01677722	0.04287906
3131866.00000000	-0.66552145	0.01939053	0.12605539
3126866.00000000	-0.64348618	0.02118607	0.20765170
3121866.00000000	-0.61083978	0.02218332	0.28759567
3116866.00000000	-0.56857672	0.02216937	0.36253091
3111866.00000000	-0.51723547	0.02116159	0.43154523
3106866.00000000	-0.45872601	0.01978137	0.49232123
3101866.00000000	-0.39482376	0.01809164	0.54431259
3096866.00000000	-0.32493875	0.01667734	0.58872046
3091866.00000000	-0.25444031	0.01633392	0.62328827
3086866.00000000	-0.17861316	0.01641733	0.65111066
3081866.00000000	-0.09817719	0.01752502	0.67138687
3076866.00000000	-0.01381372	0.01994443	0.68374457
3071866.00000000	0.07381155	0.02383331	0.68780551
3066866.00000000	0.16791608	0.02946634	0.68307352
3061866.00000000	0.26624246	0.03637909	0.66889612
3056866.00000000	0.36772189	0.04255057	0.64429132
3051866.00000000	0.46603711	0.04606458	0.60913907
3046866.00000000	0.55649957	0.04588235	0.56285599
3041866.00000000	0.63365222	0.04280661	0.50672021
3036866.00000000	0.69515009	0.03838440	0.44331631
3031866.00000000	0.74341779	0.03346927	0.37295407
3026866.00000000	0.77874054	0.02834238	0.29899078
3021866.00000000	0.80277075	0.02244354	0.22044153
3016866.00000000	0.81523746	0.01495944	0.13624908
3011866.00000000	0.81408118	0.00576266	0.05184949
3006866.00000000	0.79725046	-0.00569788	-0.03737033
3001866.00000000	0.76260849	-0.01793463	-0.12819363
2996866.00000000	0.71081027	-0.02841467	-0.21784573
2991866.00000000	0.64802774	-0.03488626	-0.30059109
2986866.00000000	0.57661630	-0.03701050	-0.37770438
2981866.00000000	0.50150204	-0.03651230	-0.44566614
2976866.00000000	0.42687021	-0.03431677	-0.50241052
2971866.00000000	0.35139169	-0.03134894	-0.55019476
2966866.00000000	0.27522949	-0.02853616	-0.58889914
2961866.00000000	0.19888477	-0.02586011	-0.61882980
2956866.00000000	0.12054910	-0.02362119	-0.64064325
2951866.00000000	0.04138327	-0.02176019	-0.65392105
2946866.00000000	-0.03913037	-0.02026782	-0.65830704
2941866.00000000	-0.12143372	-0.01882782	-0.65274146
2936866.00000000	-0.20377628	-0.01764825	-0.63658405
2931866.00000000	-0.28144339	-0.01656891	-0.61015775
2926866.00000000	-0.35613992	-0.01582712	-0.57320657
2921866.00000000	-0.42506094	-0.01531134	-0.52667282
2916866.00000000	-0.48688956	-0.01490952	-0.47197665
2911866.00000000	-0.53855878	-0.01447281	-0.41351624
2906866.00000000	-0.58377997	-0.01404675	-0.34885895
2901866.00000000	-0.62197430	-0.01363870	-0.27907187
2896866.00000000	-0.65121475	-0.01327383	-0.20934354
2891866.00000000	-0.67389688	-0.01288635	-0.13538199
2886866.00000000	-0.68868369	-0.01237106	-0.05975299
2881866.00000000	-0.69504922	-0.01159665	0.01769046
2876866.00000000	-0.69193912	-0.01027625	0.09673843
2871866.00000000	-0.67841559	-0.00826196	0.17474170
2866866.00000000	-0.65308926	-0.00539948	0.25237830
2861866.00000000	-0.61583871	-0.00210995	0.32635458
2856866.00000000	-0.56684296	0.00172043	0.39575143
2851866.00000000	-0.50730695	0.00529636	0.45913187
2846866.00000000	-0.44093884	0.00854013	0.51421530
2841866.00000000	-0.36703961	0.01150671	0.56231885
2836866.00000000	-0.29201382	0.01414169	0.60055060
2831866.00000000	-0.21255450	0.01658105	0.63126712
2826866.00000000	-0.12867554	0.01869922	0.65442471
2821866.00000000	-0.04110196	0.02061789	0.66932516
2816866.00000000	0.04751648	0.02195715	0.67493985
2811866.00000000	0.13948941	0.02240366	0.67075668
2806866.00000000	0.23056567	0.02172760	0.65604749
2801866.00000000	0.32045654	0.02026251	0.62995425
2796866.00000000	0.40421075	0.01820786	0.59343988
2791866.00000000	0.48065970	0.01607657	0.54721408
2786866.00000000	0.54779883	0.01401663	0.49288477
2781866.00000000	0.60416309	0.01224460	0.43312875
2776866.00000000	0.65122937	0.01065985	0.36765799
2771866.00000000	0.68848093	0.00935739	0.29928006
2766866.00000000	0.71666989	0.00810117	0.22837433
2761866.00000000	0.73660739	0.00669788	0.15260138
2756866.00000000	0.74659573	0.00493228	0.07835782
2751866.00000000	0.74656360	0.00277557	-0.00035596
2746866.00000000	0.73496765	0.00018228	-0.07963174
2741866.00000000	0.71040369	-0.00260388	-0.16024478
2736866.00000000	0.67372443	-0.00544873	-0.23822394
2731866.00000000	0.62577139	-0.00798337	-0.31269125
2726866.00000000	0.56766290	-0.01022208	-0.38280255
2721866.00000000	0.50218213	-0.01225256	-0.44580045
2716866.00000000	0.43202429	-0.01391782	-0.50040833
2711866.00000000	0.35726956	-0.01536911	-0.54737561
2706866.00000000	0.28063107	-0.01653900	-0.58547589
2701866.00000000	0.20132666	-0.01780298	-0.61562112
2696866.00000000	0.11834503	-0.01916574	-0.63793088
2691866.00000000	0.03392142	-0.02069345	-0.65145026
2686866.00000000	-0.05430246	-0.02228476	-0.65597366
2681866.00000000	-0.14436536	-0.02402448	-0.65044281
2676866.00000000	-0.23333536	-0.02534454	-0.63464197
2671866.00000000	-0.32191129	-0.02649362	-0.60773260
2666866.00000000	-0.40528818	-0.02667145	-0.57082593
2661866.00000000	-0.48347067	-0.02604297	-0.52338715
2656866.00000000	-0.54975415	-0.02477820	-0.47000485
2651866.00000000	-0.60644022	-0.02303821	-0.41017773
2646866.00000000	-0.65390128	-0.02125757	-0.34433084
2641866.00000000	-0.69101736	-0.01960132	-0.27569995
2636866.00000000	-0.71907996	-0.01782724	-0.20416299
2631866.00000000	-0.73802753	-0.01587122	-0.12986176
2626866.00000000	-0.74735144	-0.01331848	-0.05432913
2621866.00000000	-0.74599332	-0.00992404	0.02520139
2616866.00000000	-0.73285461	-0.00549371	0.10424347
2611866.00000000	-0.70687274	0.00002371	0.18366119
2606866.00000000	-0.66811646	0.00608670	0.26133902
2601866.00000000	-0.61781845	0.01228793	0.33504916
2596866.00000000	-0.55877298	0.01769785	0.40225290
2591866.00000000	-0.49344281	0.02210904	0.46157791
2586866.00000000	-0.42328891	0.02541534	0.51285486
2581866.00000000	-0.34698654	0.02797720	0.55718146
2576866.00000000	-0.27264590	0.02988507	0.59083237
2571866.00000000	-0.19301309	0.03168484	0.61762494
2566866.00000000	-0.11128543	0.03336716	0.63602988
2561866.00000000	-0.02689886	0.03493454	0.64592899
2556866.00000000	0.06047726	0.03612668	0.64668747
2551866.00000000	0.14806793	0.03664697	0.63783585
2546866.00000000	0.23754004	0.03630096	0.61844046
2541866.00000000	0.32382697	0.03492276	0.58913058
2536866.00000000	0.40588922	0.03254938	0.55058340
2531866.00000000	0.48207782	0.02907086	0.50270813
2526866.00000000	0.54847510	0.02492068	0.44847946
2521866.00000000	0.60681592	0.02041055	0.38647104
2516866.00000000	0.65295129	0.01609628	0.32258188
2511866.00000000	0.69028421	0.01202005	0.25440741
2506866.00000000	0.71919647	0.00812479	0.18213116
2501866.00000000	0.73902646	0.00417331	0.10680148
2496866.00000000	0.74883359	0.00001468	0.03170438
2491866.00000000	0.74836554	-0.00486691	-0.04762506
2486866.00000000	0.73579846	-0.01033780	-0.12772995
2481866.00000000	0.71028293	-0.01624655	-0.20788263
2476866.00000000	0.67234369	-0.02211768	-0.28473575
2471866.00000000	0.62272092	-0.02739572	-0.35737842
2466866.00000000	0.56291916	-0.03180527	-0.42417624
2461866.00000000	0.49641583	-0.03501965	-0.48257288
2456866.00000000	0.42360361	-0.03747449	-0.53364304
2451866.00000000	0.34856552	-0.03914886	-0.57552676
2446866.00000000	0.27051865	-0.04066190	-0.60949493
2441866.00000000	0.18707388	-0.04229630	-0.63666217
2436866.00000000	0.10486026	-0.04395212	-0.65493445
2431866.00000000	0.01713000	-0.04572397	-0.66557620
2426866.00000000	-0.07339178	-0.04714160	-0.66768030
2421866.00000000	-0.16683716	-0.04796246	-0.66046509
2416866.00000000	-0.25866138	-0.04761542	-0.64354807
2411866.00000000	-0.34750488	-0.04576111	-0.61683871
2406866.00000000	-0.43122583	-0.04227618	-0.57985944
2401866.00000000	-0.50561719	-0.03769510	-0.53415717
2396866.00000000	-0.56949933	-0.03256049	-0.48083548
2391866.00000000	-0.62337796	-0.02758722	-0.42072784
2386866.00000000	-0.66706024	-0.02306122	-0.35553000
2381866.00000000	-0.70131128	-0.01902203	-0.28654968
2376866.00000000	-0.72691525	-0.01509262	-0.21339954
2371866.00000000	-0.74317685	-0.01092236	-0.13773981
2366866.00000000	-0.74965710	-0.00609677	-0.05798630
2361866.00000000	-0.74462958	-0.00050821	0.02557639
2356866.00000000	-0.72783817	0.00537601	0.10720758
2351866.00000000	-0.69813245	0.01142038	0.19056067
2346866.00000000	-0.65700745	0.01690143	0.27028979
2341866.00000000	-0.60415283	0.02175699	0.34714896
2336866.00000000	-0.54549557	0.02571490	0.41370987
2331866.00000000	-0.48053479	0.02900613	0.47250256
2326866.00000000	-0.41053531	0.03190787	0.52333167
2321866.00000000	-0.33732599	0.03450558	0.56551105
2316866.00000000	-0.26092526	0.03730713	0.59969876
2311866.00000000	-0.18197919	0.04059299	0.62565173
2306866.00000000	-0.10069098	0.04424182	0.64356705
2301866.00000000	-0.01440677	0.04844223	0.65327841
2296866.00000000	0.07388800	0.05222458	0.65407422
2291866.00000000	0.16539499	0.05512430	0.64518588
2286866.00000000	0.25674832	0.05627643	0.62673828
2281866.00000000	0.34602267	0.05514417	0.59841135
2276866.00000000	0.42883029	0.05177414	0.56162427
2271866.00000000	0.50418579	0.04658716	0.51604282
2266866.00000000	0.56922717	0.04069611	0.46346091
2261866.00000000	0.62499191	0.03463486	0.40337347
2256866.00000000	0.66825302	0.02932425	0.34135107
2251866.00000000	0.70320834	0.02438330	0.27372687
2246866.00000000	0.72890967	0.01972263	0.20297830
2241866.00000000	0.74529297	0.01497153	0.12917871
2236866.00000000	0.75148346	0.00977597	0.05179745
2231866.00000000	0.74618610	0.00413647	-0.02725037
2226866.00000000	0.72793219	-0.00147922	-0.10940643
2221866.00000000	0.69649420	-0.00674963	-0.19130392
2216866.00000000	0.65336938	-0.01134683	-0.27005515
2211866.00000000	0.59987988	-0.01519370	-0.34432254
2206866.00000000	0.53874725	-0.01840332	-0.41169699
2201866.00000000	0.47044043	-0.02108575	-0.47211020
2196866.00000000	0.40012805	-0.02329309	-0.52223245
2191866.00000000	0.32605679	-0.02526941	-0.56443805
2186866.00000000	0.24800186	-0.02735059	-0.59894882
2181866.00000000	0.16651624	-0.02968198	-0.62529401
2176866.00000000	0.08508875	-0.03218280	-0.64284848
2171866.00000000	-0.00195267	-0.03487598	-0.65276572
2166866.00000000	-0.09254980	-0.03740039	-0.65382077
2161866.00000000	-0.18378647	-0.03930124	-0.64560425
2156866.00000000	-0.27593201	-0.04022278	-0.62762900
2151866.00000000	-0.36455197	-0.04002896	-0.59999329
2146866.00000000	-0.44832834	-0.03866583	-0.56230283
2141866.00000000	-0.52242944	-0.03652548	-0.51613754
2136866.00000000	-0.58669916	-0.03390186	-0.46138245
2131866.00000000	-0.63919641	-0.03144357	-0.40070383
2126866.00000000	-0.68048883	-0.02932150	-0.33625156
2121866.00000000	-0.71298560	-0.02750418	-0.26562021
2116866.00000000	-0.73515985	-0.02588135	-0.19421780
2111866.00000000	-0.74823035	-0.02400171	-0.11809857
2106866.00000000	-0.75077448	-0.02144189	-0.03960071
2101866.00000000	-0.74152347	-0.01782050	0.04262625
2096866.00000000	-0.71989734	-0.01298935	0.12417685
2091866.00000000	-0.68539487	-0.00723526	0.20572928
2086866.00000000	-0.63794037	-0.00079919	0.28579541
2081866.00000000	-0.58158762	0.00535666	0.35881351
2076866.00000000	-0.51819992	0.01103055	0.42401694
2071866.00000000	-0.44737534	0.01600021	0.48272073
2066866.00000000	-0.37383005	0.02039670	0.53147220
2061866.00000000	-0.29683298	0.02424344	0.57205368
2056866.00000000	-0.21680099	0.02814362	0.60426086
2051866.00000000	-0.13484988	0.03220859	0.62793796
2046866.00000000	-0.04878149	0.03654752	0.64374725
2041866.00000000	0.04185852	0.04107791	0.65083124
2036866.00000000	0.13234610	0.04495462	0.64855667
2031866.00000000	0.22637723	0.04808115	0.63629553
2026866.00000000	0.31749716	0.04939896	0.61424689
2021866.00000000	0.40596719	0.04889209	0.58155826
2016866.00000000	0.48435922	0.04648489	0.54069803
2011866.00000000	0.55306802	0.04285648	0.49172348
2006866.00000000	0.61259128	0.03838956	0.43410388
2001866.00000000	0.65866428	0.03408377	0.37400912
1996866.00000000	0.69571387	0.02991458	0.30827765
1991866.00000000	0.72334329	0.02573773	0.23815353
1986866.00000000	0.74080658	0.02138229	0.16606802
1981866.00000000	0.74803568	0.01619986	0.08844150
1976866.00000000	0.74318671	0.01009271	0.00865387
1971866.00000000	0.72519034	0.00312891	-0.07392010
1966866.00000000	0.69323718	-0.00447302	-0.15860828
1961866.00000000	0.64897037	-0.01188803	-0.24137448
1956866.00000000	0.59490964	-0.01865427	-0.31957877
1951866.00000000	0.53296054	-0.02447403	-0.39195169
1946866.00000000	0.46632431	-0.02927713	-0.45583832
1941866.00000000	0.39369693	-0.03328918	-0.51293176
1936866.00000000	0.32178409	-0.03648099	-0.55858813
1931866.00000000	0.24377588	-0.03962781	-0.59776279
1926866.00000000	0.16345911	-0.04307230	-0.62821503
1921866.00000000	0.08336673	-0.04642422	-0.64958127
1916866.00000000	-0.00275290	-0.04964423	-0.66321228
1911866.00000000	-0.08951453	-0.05192984	-0.66743210
1906866.00000000	-0.17956635	-0.05253629	-0.66165817
1901866.00000000	-0.26891830	-0.05087415	-0.64519199
1896866.00000000	-0.35391254	-0.04666733	-0.61825580
1891866.00000000	-0.43550394	-0.04045294	-0.58014890
1886866.00000000	-0.50694238	-0.03335831	-0.53351050
1881866.00000000	-0.57107974	-0.02605023	-0.47743399
1876866.00000000	-0.62351538	-0.01930640	-0.41697003
1871866.00000000	-0.66654092	-0.01333124	-0.35214639
1866866.00000000	-0.70158798	-0.00758188	-0.28191885
1861866.00000000	-0.72742105	-0.00185178	-0.20826825
1856866.00000000	-0.74323560	0.00391696	-0.13456732
1851866.00000000	-0.74912445	0.01030185	-0.05556866
1846866.00000000	-0.74295013	0.01679932	0.02568170
1841866.00000000	-0.72365192	0.02284998	0.10849213
1836866.00000000	-0.69124359	0.02764349	0.19072574
1831866.00000000	-0.64669421	0.03067407	0.27067352
1826866.00000000	-0.59109579	0.03195377	0.34727310
1821866.00000000	-0.52878433	0.03184683	0.41566949
1816866.00000000	-0.45974924	0.03100745	0.47711209
1811866.00000000	-0.38686029	0.02986850	0.52962997
1806866.00000000	-0.31157974	0.02879672	0.57333508
1801866.00000000	-0.23071420	0.02813913	0.61012778
1796866.00000000	-0.15149689	0.02781802	0.63732297
1791866.00000000	-0.06693738	0.02796365	0.65788000
1786866.00000000	0.02058566	0.02820679	0.67048935
1781866.00000000	0.11133121	0.02879135	0.67453131
1776866.00000000	0.20197977	0.02947430	0.66925912
1771866.00000000	0.29051324	0.03027182	0.65413736
1766866.00000000	0.37776999	0.03097604	0.62816061
1761866.00000000	0.45759180	0.03089417	0.59197595
1756866.00000000	0.52763837	0.03008975	0.54651059
1751866.00000000	0.58854938	0.02869595	0.49179007
1746866.00000000	0.63813034	0.02708356	0.43129938
1741866.00000000	0.67861185	0.02546158	0.36487967
1736866.00000000	0.70977609	0.02376801	0.29445187
1731866.00000000	0.73203387	0.02182700	0.22060971
1726866.00000000	0.74526993	0.01926544	0.14219629
1721866.00000000	0.74799600	0.01584955	0.06041418
1716866.00000000	0.73937778	0.01125540	-0.02190591
1711866.00000000	0.71780356	0.00552795	-0.10773135
1706866.00000000	0.68414273	-0.00079321	-0.19189511
1701866.00000000	0.63780820	-0.00743890	-0.27511349
1696866.00000000	0.58426282	-0.01360263	-0.34938010
1691866.00000000	0.52334000	-0.01916690	-0.41648938
1686866.00000000	0.45444833	-0.02424457	-0.47706543
1681866.00000000	0.38492825	-0.02829248	-0.52615311
1676866.00000000	0.31004138	-0.03214874	-0.56812814
1671866.00000000	0.23177051	-0.03575183	-0.60210669
1666866.00000000	0.15155215	-0.03924344	-0.62777124
1661866.00000000	0.06557196	-0.04272092	-0.64588492
1656866.00000000	-0.02186813	-0.04565903	-0.65521506
1651866.00000000	-0.11263324	-0.04777505	-0.65540686
1646866.00000000	-0.20509702	-0.04827209	-0.64517368
1641866.00000000	-0.29642560	-0.04703625	-0.62398373
1636866.00000000	-0.38130460	-0.04412613	-0.59293686
1631866.00000000	-0.46048502	-0.03985321	-0.55155118
1626866.00000000	-0.53040402	-0.03517615	-0.50157504
1621866.00000000	-0.59150397	-0.03044293	-0.44330832
1616866.00000000	-0.63947260	-0.02638004	-0.38299609
1611866.00000000	-0.67981967	-0.02251196	-0.31628049
1606866.00000000	-0.71126846	-0.01867667	-0.24521170
1601866.00000000	-0.73271338	-0.01466992	-0.17398679
1596866.00000000	-0.74568857	-0.00990646	-0.09616672
1591866.00000000	-0.74795590	-0.00446191	-0.01776212
1586866.00000000	-0.73853842	0.00176004	0.06437006
1581866.00000000	-0.71676398	0.00837354	0.14710181
1576866.00000000	-0.68353134	0.01475555	0.22688040
1571866.00000000	-0.63799319	0.02054553	0.30549481
1566866.00000000	-0.58451685	0.02544946	0.37586414
1561866.00000000	-0.52108200	0.02951367	0.44151361
1556866.00000000	-0.45532370	0.03239508	0.49588986
1551866.00000000	-0.38549326	0.03434219	0.54260818
1546866.00000000	-0.30955521	0.03601495	0.58288867
1541866.00000000	-0.23341220	0.03732675	0.61413055
1536866.00000000	-0.15441528	0.03861063	0.63789828
1531866.00000000	-0.07010922	0.03975461	0.65425345
1526866.00000000	0.01584955	0.04060269	0.66185837
1521866.00000000	0.10322870	0.04104999	0.66032095
1516866.00000000	0.19282025	0.04098785	0.64861368
1511866.00000000	0.28003314	0.04049326	0.62693607
1506866.00000000	0.36577582	0.03956680	0.59486356
1501866.00000000	0.44439969	0.03834467	0.55391931
1496866.00000000	0.51555157	0.03654535	0.50459351
1491866.00000000	0.57777682	0.03432214	0.44809958
1486866.00000000	0.62933698	0.03191223	0.38710056
1481866.00000000	0.67324561	0.02934006	0.31892883
1476866.00000000	0.70580588	0.02667691	0.25182935
1471866.00000000	0.73069348	0.02302673	0.18082742
1466866.00000000	0.74726801	0.01856311	0.10445938
1461866.00000000	0.75359149	0.01320786	0.02742047
1456866.00000000	0.74863608	0.00608197	-0.05492105
1451866.00000000	0.73113907	-0.00231921	-0.13584375
1446866.00000000	0.70050922	-0.01195779	-0.21564328
1441866.00000000	0.65747223	-0.02083530	-0.29295786
1436866.00000000	0.60442792	-0.02847815	-0.36409686
1431866.00000000	0.54133759	-0.03495645	-0.42998593
1426866.00000000	0.47302527	-0.03974521	-0.48685242
1421866.00000000	0.39982739	-0.04356931	-0.53572940
1416866.00000000	0.32209726	-0.04677197	-0.57679193
1411866.00000000	0.24292508	-0.04976892	-0.60906451
1406866.00000000	0.15894769	-0.05284818	-0.63391751
1401866.00000000	0.06991998	-0.05598145	-0.65076007
1396866.00000000	-0.01809363	-0.05855069	-0.65809399
1391866.00000000	-0.11206137	-0.06008063	-0.65602252
1386866.00000000	-0.20494879	-0.06001855	-0.64358240
1381866.00000000	-0.29656583	-0.05764786	-0.62026062
1376866.00000000	-0.38365915	-0.05311551	-0.58636237
1371866.00000000	-0.46206659	-0.04690381	-0.54311972
1366866.00000000	-0.53337360	-0.03936533	-0.48968365
1361866.00000000	-0.59192426	-0.03210501	-0.43172537
1356866.00000000	-0.64118845	-0.02486047	-0.36771686
1351866.00000000	-0.68152997	-0.01801355	-0.29889606
1346866.00000000	-0.71234430	-0.01135889	-0.22758856
1341866.00000000	-0.73481967	-0.00437997	-0.15135275
1336866.00000000	-0.74725754	0.00308331	-0.07272986
1331866.00000000	-0.74864948	0.01114502	0.00882120
1326866.00000000	-0.73746243	0.01932257	0.09318109
1321866.00000000	-0.71343860	0.02666782	0.17631744
1316866.00000000	-0.67599542	0.03266006	0.25884979
1311866.00000000	-0.62697519	0.03677084	0.33682269
1306866.00000000	-0.56799680	0.03902875	0.40884961
1301866.00000000	-0.50303156	0.03981516	0.47178427
1296866.00000000	-0.43338773	0.03960565	0.52616425
1291866.00000000	-0.35822256	0.03893356	0.57339035
1286866.00000000	-0.27920798	0.03832440	0.61270193
1281866.00000000	-0.20065649	0.03805826	0.64261310
1276866.00000000	-0.11606522	0.03806113	0.66575458
1271866.00000000	-0.02870322	0.03814807	0.68046292
1266866.00000000	0.06342105	0.03779694	0.68626196
1261866.00000000	0.15710123	0.03680872	0.68208435
1256866.00000000	0.24907632	0.03495282	0.66752930
1251866.00000000	0.34038568	0.03190051	0.64189404
1246866.00000000	0.42393500	0.02787610	0.60658350
1241866.00000000	0.49872656	0.02314664	0.56219913
1236866.00000000	0.56422003	0.01812695	0.50912671
1231866.00000000	0.61792078	0.01352524	0.45092722
1226866.00000000	0.66376456	0.00897803	0.38497992
1221866.00000000	0.69792462	0.00493405	0.31894678
1216866.00000000	0.72418765	0.00073325	0.24803250
1211866.00000000	0.74157477	-0.00359402	0.17261374
1206866.00000000	0.74869626	-0.00806161	0.09357877
1201866.00000000	0.74443381	-0.01234851	0.01241757
1196866.00000000	0.72798767	-0.01628381	-0.07074200
1191866.00000000	0.69955209	-0.01908752	-0.15322592
1186866.00000000	0.65929465	-0.02114508	-0.23454099
1181866.00000000	0.60988901	-0.02271951	-0.31081570
1176866.00000000	0.55195758	-0.02389612	-0.38174857
1171866.00000000	0.48712320	-0.02448877	-0.44591058
1166866.00000000	0.41857901	-0.02519263	-0.50075711
1161866.00000000	0.34407672	-0.02613071	-0.54880826
1156866.00000000	0.26791174	-0.02752863	-0.58777521
1151866.00000000	0.18630194	-0.02918771	-0.62007294
1146866.00000000	0.09920111	-0.03090506	-0.64531995
1141866.00000000	0.01280014	-0.03213229	-0.66204568
1136866.00000000	-0.08184952	-0.03258755	-0.67137311
1131866.00000000	-0.17595520	-0.03165924	-0.67153653
1126866.00000000	-0.27196884	-0.02877426	-0.66132669
1121866.00000000	-0.36082135	-0.02460037	-0.64086761
1116866.00000000	-0.44274686	-0.01949573	-0.60974460
1111866.00000000	-0.51740985	-0.01444855	-0.56705551
1106866.00000000	-0.58049197	-0.01026230	-0.51551328
1101866.00000000	-0.63304733	-0.00702899	-0.45685709
1096866.00000000	-0.67571054	-0.00423434	-0.39271893
1091866.00000000	-0.70870349	-0.00150494	-0.32447354
1086866.00000000	-0.73296271	0.00153156	-0.25000656
1081866.00000000	-0.74659677	0.00473215	-0.17231393
1076866.00000000	-0.74876538	0.00784644	-0.09036743
1071866.00000000	-0.73811343	0.01038507	-0.00283704
1066866.00000000	-0.71434100	0.01185016	0.08721042
1061866.00000000	-0.67908719	0.01222406	0.17637820
1056866.00000000	-0.63328210	0.01234933	0.26352426
1051866.00000000	-0.58003333	0.01285617	0.34403403
1046866.00000000	-0.51842300	0.01409854	0.41930972
1041866.00000000	-0.45463708	0.01599106	0.48244891
1036866.00000000	-0.38554340	0.01838629	0.53816986
1031866.00000000	-0.31318362	0.02113248	0.58496799
1026866.00000000	-0.23855988	0.02413058	0.62319019
1021866.00000000	-0.15807129	0.02754117	0.65504315
1016866.00000000	-0.07588583	0.03097318	0.67857114
1011866.00000000	0.01068430	0.03440952	0.69425601
1006866.00000000	0.10021289	0.03758173	0.70110336
1001866.00000000	0.18978775	0.03988049	0.69813898
996866.00000000	0.27988647	0.04097693	0.68425223
991866.00000000	0.36477103	0.04047412	0.65946176
986866.00000000	0.44482565	0.03814865	0.62297717
981866.00000000	0.51446796	0.03465433	0.57752106
976866.00000000	0.57424661	0.03057391	0.52425287
971866.00000000	0.62571210	0.02637363	0.46316843
966866.00000000	0.66811844	0.02236813	0.39643411
961866.00000000	0.70048358	0.01856439	0.32823270
956866.00000000	0.72564267	0.01428470	0.25257300
951866.00000000	0.74061136	0.00942880	0.17522272
946866.00000000	0.74512231	0.00355197	0.09306152
941866.00000000	0.73764172	-0.00330161	0.00703824
936866.00000000	0.71785437	-0.01046365	-0.07949982
931866.00000000	0.68459332	-0.01771466	-0.16946658
926866.00000000	0.64149454	-0.02382584	-0.25338318
921866.00000000	0.59042947	-0.02864130	-0.33068024
916866.00000000	0.52821399	-0.03263327	-0.40580060
911866.00000000	0.46413852	-0.03537836	-0.46815607
906866.00000000	0.39232629	-0.03779480	-0.52468890
901866.00000000	0.32046170	-0.03960965	-0.57014554
896866.00000000	0.24617270	-0.04130228	-0.60760718
891866.00000000	0.16148328	-0.04274368	-0.64029642
886866.00000000	0.07575986	-0.04375150	-0.66372617
881866.00000000	-0.01203461	-0.04415231	-0.67857010
876866.00000000	-0.10464011	-0.04350525	-0.68441940
871866.00000000	-0.19723779	-0.04201407	-0.68027539
866866.00000000	-0.29026434	-0.03928827	-0.66495627
861866.00000000	-0.37731372	-0.03546457	-0.63886432
856866.00000000	-0.45779703	-0.03087723	-0.60187280
851866.00000000	-0.52798517	-0.02608859	-0.55543549
846866.00000000	-0.58749210	-0.02163748	-0.50145441
841866.00000000	-0.63818585	-0.01765808	-0.43966531
836866.00000000	-0.67859018	-0.01431976	-0.37405771
831866.00000000	-0.71031564	-0.01129047	-0.30347192
826866.00000000	-0.73341992	-0.00812885	-0.22687451
821866.00000000	-0.74572083	-0.00483755	-0.15030225
816866.00000000	-0.74751855	-0.00102786	-0.06540344
811866.00000000	-0.73717715	0.00293585	0.02075241
806866.00000000	-0.71437280	0.00690277	0.11010724
801866.00000000	-0.68095569	0.01086444	0.19658801
796866.00000000	-0.63830481	0.01501691	0.27858990
791866.00000000	-0.58551151	0.01931696	0.35758752
786866.00000000	-0.52677789	0.02340631	0.42720493
781866.00000000	-0.46238663	0.02692084	0.48847659
776866.00000000	-0.39314050	0.02989755	0.54135025
771866.00000000	-0.32191177	0.03236880	0.58477274
766866.00000000	-0.24467557	0.03460809	0.62157959
761866.00000000	-0.16514606	0.03660135	0.64997958
756866.00000000	-0.08119620	0.03823459	0.67064798
751866.00000000	0.00769788	0.03943494	0.68318912
746866.00000000	0.09964886	0.03966095	0.68634341
741866.00000000	0.19279504	0.03840262	0.67918741
736866.00000000	0.28468497	0.03588895	0.66137076
731866.00000000	0.37030875	0.03182526	0.63313278
726866.00000000	0.45185959	0.02565054	0.59267914
721866.00000000	0.51948312	0.02038089	0.54591373
716866.00000000	0.57998688	0.01500677	0.48973163
711866.00000000	0.63036148	0.00947614	0.42796628
706866.00000000	0.67147473	0.00423886	0.36189792
701866.00000000	0.70466861	-0.00063666	0.29043481
696866.00000000	0.72830496	-0.00489426	0.21718668
691866.00000000	0.74307028	-0.01169650	0.13873459
686866.00000000	0.74667593	-0.01705957	0.05677353
681866.00000000	0.73810583	-0.02231497	-0.02690689
676866.00000000	0.71559473	-0.02725348	-0.11648969
671866.00000000	0.67987640	-0.03091412	-0.20523361
666866.00000000	0.63182413	-0.03337405	-0.29086453
661866.00000000	0.57546912	-0.03491803	-0.36845129
656866.00000000	0.51261032	-0.03595892	-0.43768164
651866.00000000	0.44324521	-0.03684497	-0.49943909
646866.00000000	0.36955487	-0.03764224	-0.55244394
641866.00000000	0.29540805	-0.03854019	-0.59524506
636866.00000000	0.21380225	-0.03969263	-0.63206046
631866.00000000	0.13041196	-0.04116391	-0.65989468
626866.00000000	0.04061801	-0.04272931	-0.67977167
621866.00000000	-0.05094052	-0.04386148	-0.69008487
616866.00000000	-0.14411063	-0.04404013	-0.69032306
611866.00000000	-0.23940634	-0.04263339	-0.67917209
606866.00000000	-0.32883499	-0.03927170	-0.65703751
601866.00000000	-0.41319507	-0.03377179	-0.62346524
596866.00000000	-0.48704745	-0.02694357	-0.58076257
591866.00000000	-0.54965002	-0.01962421	-0.53125562
586866.00000000	-0.60742261	-0.01256271	-0.46946768
581866.00000000	-0.65114243	-0.00598810	-0.40834302
576866.00000000	-0.68761841	0.00088306	-0.34148099
571866.00000000	-0.71834863	0.00669943	-0.26288571
566866.00000000	-0.73720056	0.01364731	-0.18559439
561866.00000000	-0.74610352	0.01938913	-0.09735999
556866.00000000	-0.74178613	0.02786841	-0.01504086
551866.00000000	-0.72478766	0.03571625	0.07124353
546866.00000000	-0.69553845	0.04329965	0.15739105
541866.00000000	-0.65619989	0.04979971	0.23974564
536866.00000000	-0.60687943	0.05499277	0.31904962
531866.00000000	-0.55056741	0.05880612	0.39098209
526866.00000000	-0.48904553	0.06116531	0.45418839
521866.00000000	-0.42158246	0.06266989	0.51027335
516866.00000000	-0.35262103	0.06386353	0.55617743
511866.00000000	-0.27993933	0.06472742	0.59434521
506866.00000000	-0.20233240	0.06555042	0.62533401
501866.00000000	-0.12599182	0.06615326	0.64738058
496866.00000000	-0.04114462	0.06626273	0.66268884
491866.00000000	0.04511990	0.06526245	0.66907715
486866.00000000	0.13586545	0.06204822	0.66620767
481866.00000000	0.22503119	0.05648935	0.65360547
476866.00000000	0.31249759	0.04853851	0.63114264
471866.00000000	0.39814334	0.03814261	0.59789349
466866.00000000	0.47207898	0.02718256	0.55830408
461866.00000000	0.53834631	0.01623959	0.51099670
456866.00000000	0.59647617	0.00641196	0.45629428
451866.00000000	0.64411325	-0.00199393	0.39805035
446866.00000000	0.68376782	-0.00963113	0.33470633
441866.00000000	0.71342450	-0.01681052	0.26975311
436866.00000000	0.73438562	-0.02405905	0.20004840
431866.00000000	0.74462958	-0.03189996	0.12665521
426866.00000000	0.74274957	-0.03999899	0.05063870
421866.00000000	0.72801688	-0.04789310	-0.02585077
416866.00000000	0.70026813	-0.05434140	-0.10351068
411866.00000000	0.66017319	-0.05871729	-0.18050150
406866.00000000	0.61042288	-0.06060095	-0.25273453
401866.00000000	0.55270203	-0.06095035	-0.31822357
396866.00000000	0.48772366	-0.05986017	-0.37647430
391866.00000000	0.41723926	-0.05790414	-0.42544623
386866.00000000	0.34534595	-0.05564572	-0.46286279
381866.00000000	0.26641635	-0.05325418	-0.49204071
376866.00000000	0.18696289	-0.05085635	-0.51090634
371866.00000000	0.10244913	-0.04751141	-0.52184030
366866.00000000	0.01582196	-0.04261920	-0.52504852
361866.00000000	-0.07047733	-0.03428091	-0.52114859
356866.00000000	-0.15296912	-0.02887213	-0.51139145
351866.00000000	-0.22924481	-0.02259055	-0.49595789
346866.00000000	-0.30063394	-0.01642920	-0.47364517
341866.00000000	-0.36148663	-0.01025299	-0.44512640
336866.00000000	-0.41321194	-0.00421860	-0.40986841
331866.00000000	-0.45555548	0.00138116	-0.36800327
326866.00000000	-0.48472549	0.00634241	-0.32498398
321866.00000000	-0.50212341	0.01072134	-0.28095261
316866.00000000	-0.50748520	0.01461276	-0.23748184
311866.00000000	-0.50099353	0.01802310	-0.19608444
306866.00000000	-0.48422003	0.02086044	-0.15770532
301866.00000000	-0.45938089	0.02312277	-0.12132520
296866.00000000	-0.42801193	0.02491711	-0.08578058
291866.00000000	-0.39205902	0.02637827	-0.05151920
286866.00000000	-0.35261469	0.02750632	-0.01883401
281866.00000000	-0.30828494	0.02804541	0.01234805
276866.00000000	-0.26080194	0.02744739	0.03986285
271866.00000000	-0.21003922	0.02536011	0.06320679
266866.00000000	-0.15615686	0.02162189	0.08221408
261866.00000000	-0.10708905	0.01599789	0.09533264
256866.00000000	-0.05455499	0.00503320	0.10713855
251866.00000000	-0.01242926	0.00034821	0.11018048
246866.00000000	0.02218732	-0.00270090	0.11095068
241866.00000000	0.05247269	-0.00436304	0.11036911
236866.00000000	0.07704642	-0.00485596	0.10903842
231866.00000000	0.09774838	-0.00468671	0.10730078
226866.00000000	0.11353415	-0.00433081	0.10490875
221866.00000000	0.12413846	-0.00416571	0.10171738
216866.00000000	0.12889484	-0.00435544	0.09716177
211866.00000000	0.12747653	-0.00480878	0.09151956
206866.00000000	0.12095718	-0.00530881	0.08452866
201866.00000000	0.11091562	-0.00561716	0.07689941
196866.00000000	0.09942319	-0.00563535	0.06922610
191866.00000000	0.08749323	-0.00541107	0.06175317
186866.00000000	0.07661798	-0.00501852	0.05500372
181866.00000000	0.06683279	-0.00453894	0.04918207
176866.00000000	0.05819513	-0.00402802	0.04394022
171866.00000000	0.05087360	-0.00356461	0.03941516
166866.00000000	0.04471036	-0.00309509	0.03549686
161866.00000000	0.03952731	-0.00269989	0.03196051
156866.00000000	0.03500925	-0.00236194	0.02899203
151866.00000000	0.03104279	-0.00206912	0.02628174
146866.00000000	0.02785236	-0.00181003	0.02401636
141866.00000000	0.02499521	-0.00155020	0.02191077
136866.00000000	0.02252753	-0.00138440	0.02006766
