8054929.00000000	0.00897208	0.00036035	0.01980222
8049929.00000000	0.00924884	0.00043579	0.02163687
8044929.00000000	0.00963593	0.00034848	0.02369669
8039929.00000000	0.01025577	0.00038504	0.02600363
8034929.00000000	0.01091739	0.00036920	0.02862009
8029929.00000000	0.01164523	0.00035248	0.03161911
8024929.00000000	0.01245694	0.00032794	0.03514392
8019929.00000000	0.01329102	0.00033075	0.03905032
8014929.00000000	0.01421658	0.00029776	0.04359360
8009929.00000000	0.01527142	0.00022015	0.04888284
8004929.00000000	0.01637918	0.00014828	0.05494934
7999929.00000000	0.01763885	0.00001340	0.06235941
7994929.00000000	0.01898788	-0.00016449	0.07075919
7989929.00000000	0.02049707	-0.00041708	0.08070016
7984929.00000000	0.02208499	-0.00074969	0.09227753
7979929.00000000	0.02381384	-0.00116605	0.10522446
7974929.00000000	0.02581976	-0.00161609	0.11968372
7969929.00000000	0.02812424	-0.00203687	0.13429395
7964929.00000000	0.03090808	-0.00231439	0.14773026
7959929.00000000	0.03430945	-0.00230334	0.15782483
7954929.00000000	0.03849683	-0.00201065	0.16240634
7949929.00000000	0.04323697	-0.00145667	0.16055658
7944929.00000000	0.04951846	-0.00063177	0.15169730
7939929.00000000	0.05739865	0.00023035	0.13723129
7934929.00000000	0.06664856	0.00095837	0.11793152
7929929.00000000	0.07731522	0.00144119	0.09424448
7924929.00000000	0.08954593	0.00154099	0.06547205
7919929.00000000	0.10319717	0.00118127	0.03121118
7914929.00000000	0.11790579	0.00027621	-0.00874588
7909929.00000000	0.13357520	-0.00111777	-0.05565265
7904929.00000000	0.14824484	-0.00253024	-0.10637833
7899929.00000000	0.16051093	-0.00350146	-0.15988470
7894929.00000000	0.16850150	-0.00348700	-0.21439459
7889929.00000000	0.17061954	-0.00244965	-0.26646274
7884929.00000000	0.16680060	-0.00078183	-0.31741202
7879929.00000000	0.15768372	0.00072720	-0.36540469
7874929.00000000	0.14424417	0.00157080	-0.41053979
7869929.00000000	0.12654193	0.00171829	-0.45283359
7864929.00000000	0.10433942	0.00143301	-0.49028973
7859929.00000000	0.07615698	0.00086972	-0.52176035
7854929.00000000	0.04211661	0.00036316	-0.54445438
7849929.00000000	0.00031470	0.00006747	-0.55863388
7844929.00000000	-0.04977304	-0.00005151	-0.56295316
7839929.00000000	-0.10231189	0.00006589	-0.55710199
7834929.00000000	-0.15964407	0.00048053	-0.54018082
7829929.00000000	-0.21705423	0.00104544	-0.51236636
7824929.00000000	-0.27294153	0.00174799	-0.47428922
7819929.00000000	-0.32692187	0.00254376	-0.42625143
7814929.00000000	-0.37652512	0.00356448	-0.37193442
7809929.00000000	-0.42410257	0.00473016	-0.31014719
7804929.00000000	-0.46745221	0.00578510	-0.24425003
7799929.00000000	-0.50499805	0.00663919	-0.17583121
7794929.00000000	-0.53617853	0.00731970	-0.10373770
7789929.00000000	-0.55789731	0.00761246	-0.03230133
7784929.00000000	-0.57051770	0.00743686	0.04265970
7779929.00000000	-0.57244836	0.00704919	0.11610895
7774929.00000000	-0.56390964	0.00634149	0.19110553
7769929.00000000	-0.54353458	0.00521759	0.26845496
7764929.00000000	-0.51294690	0.00385828	0.34234714
7759929.00000000	-0.47396399	0.00236053	0.41079837
7754929.00000000	-0.42473920	0.00098804	0.47634320
7749929.00000000	-0.37006400	-0.00013483	0.53255914
7744929.00000000	-0.30732138	-0.00089517	0.58219540
7739929.00000000	-0.24198422	-0.00117487	0.62118921
7734929.00000000	-0.17352179	-0.00114899	0.65111899
7729929.00000000	-0.10190225	-0.00093613	0.67254575
7724929.00000000	-0.03055997	-0.00069751	0.68518814
7719929.00000000	0.04461826	-0.00055734	0.69011792
7714929.00000000	0.11907666	-0.00027853	0.68681247
7709929.00000000	0.19397751	0.00015286	0.67515817
7704929.00000000	0.27025000	0.00064578	0.65386536
7699929.00000000	0.34269366	0.00088629	0.62343570
7694929.00000000	0.41380225	0.00126007	0.58203897
7689929.00000000	0.47982263	0.00145813	0.53015140
7684929.00000000	0.53655164	0.00173853	0.47127505
7679929.00000000	0.58477145	0.00179489	0.40542911
7674929.00000000	0.62417328	0.00187170	0.33381979
7669929.00000000	0.65394464	0.00190948	0.25884796
7664929.00000000	0.67463431	0.00166113	0.18101321
7659929.00000000	0.68624393	0.00127246	0.10480420
7654929.00000000	0.68971167	0.00063733	0.02447430
7649929.00000000	0.68457892	-0.00002704	-0.05398624
7644929.00000000	0.67066516	-0.00094897	-0.13201477
7639929.00000000	0.64689984	-0.00246341	-0.21080646
7634929.00000000	0.61397089	-0.00433878	-0.28591922
7629929.00000000	0.56916531	-0.00665637	-0.36065933
7624929.00000000	0.51608801	-0.00870166	-0.42782550
7619929.00000000	0.45559268	-0.01063327	-0.48744800
7614929.00000000	0.38759781	-0.01224139	-0.53963309
7609929.00000000	0.33334109	-0.01424753	-0.57254111
7604929.00000000	0.26089139	-0.01391995	-0.60775378
7599929.00000000	0.19024585	-0.01261829	-0.63338690
7594929.00000000	0.11350397	-0.01172281	-0.65286682
7589929.00000000	0.03288690	-0.01075281	-0.66448587
7584929.00000000	-0.04692987	-0.00954364	-0.66744156
7579929.00000000	-0.12817938	-0.00810153	-0.66161285
7574929.00000000	-0.20901758	-0.00641382	-0.64622925
7569929.00000000	-0.28682587	-0.00387201	-0.62132123
7564929.00000000	-0.36387354	-0.00080661	-0.58467944
7559929.00000000	-0.43302966	0.00240823	-0.53919034
7554929.00000000	-0.49551318	0.00572617	-0.48393265
7549929.00000000	-0.54969208	0.00885120	-0.42011072
7544929.00000000	-0.59306366	0.01124228	-0.35250778
7539929.00000000	-0.62830630	0.01300894	-0.27810950
7534929.00000000	-0.65358356	0.01416159	-0.20238013
7529929.00000000	-0.67027554	0.01501248	-0.12379160
7524929.00000000	-0.67817719	0.01607755	-0.04321313
7519929.00000000	-0.67713757	0.01688965	0.03544382
7514929.00000000	-0.66636752	0.01767560	0.11891190
7509929.00000000	-0.64558319	0.01827338	0.20066232
7504929.00000000	-0.61472833	0.01847647	0.27951917
7499929.00000000	-0.57228448	0.01813043	0.35702829
7494929.00000000	-0.52141397	0.01710715	0.42643457
7489929.00000000	-0.46093564	0.01557520	0.48966153
7484929.00000000	-0.39384222	0.01367087	0.54341479
7479929.00000000	-0.32370416	0.01200418	0.58627368
7474929.00000000	-0.24862457	0.01062939	0.62038205
7469929.00000000	-0.17372046	0.00967004	0.64435370
7464929.00000000	-0.09601059	0.00893155	0.65983630
7459929.00000000	-0.01678616	0.00830948	0.66684531
7454929.00000000	0.06208322	0.00782071	0.66495740
7449929.00000000	0.14497824	0.00717145	0.65331824
7444929.00000000	0.22548166	0.00628925	0.63187546
7439929.00000000	0.30167786	0.00501807	0.60129608
7434929.00000000	0.37725177	0.00343768	0.55940247
7429929.00000000	0.44539676	0.00148111	0.50935547
7424929.00000000	0.50851212	-0.00065128	0.44910947
7419929.00000000	0.56132867	-0.00271066	0.38380322
7414929.00000000	0.60478680	-0.00486124	0.31364340
7409929.00000000	0.63938849	-0.00673386	0.23841159
7404929.00000000	0.66362869	-0.00827438	0.16364914
7399929.00000000	0.67944421	-0.00956940	0.08575333
7394929.00000000	0.68623520	-0.01108707	0.00689722
7389929.00000000	0.68394763	-0.01275644	-0.07180057
7384929.00000000	0.67138681	-0.01445108	-0.15410507
7379929.00000000	0.64837521	-0.01548578	-0.23400903
7374929.00000000	0.61374362	-0.01603094	-0.31288644
7369929.00000000	0.56716785	-0.01612784	-0.38891983
7364929.00000000	0.51327155	-0.01576382	-0.45530521
7359929.00000000	0.44911462	-0.01442679	-0.51611649
7354929.00000000	0.37949887	-0.01275974	-0.56694373
7349929.00000000	0.30624515	-0.01103076	-0.60774149
7344929.00000000	0.23215591	-0.00967505	-0.63824057
7339929.00000000	0.15721310	-0.00862573	-0.65960269
7334929.00000000	0.07811139	-0.00761505	-0.67308426
7329929.00000000	0.00045392	-0.00670050	-0.67740317
7324929.00000000	-0.07866168	-0.00607452	-0.67288666
7319929.00000000	-0.15940622	-0.00536420	-0.65844394
7314929.00000000	-0.23691626	-0.00461731	-0.63435632
7309929.00000000	-0.31447101	-0.00359372	-0.59914706
7304929.00000000	-0.38738492	-0.00238702	-0.55417459
7299929.00000000	-0.45428442	-0.00083795	-0.50098004
7294929.00000000	-0.51552377	0.00080124	-0.43904291
7289929.00000000	-0.56687921	0.00204095	-0.37308170
7284929.00000000	-0.61001126	0.00371307	-0.30192291
7279929.00000000	-0.64349234	0.00538193	-0.22846417
7274929.00000000	-0.66819083	0.00672177	-0.15249451
7269929.00000000	-0.68421017	0.00759076	-0.07389706
7264929.00000000	-0.69116879	0.00846207	0.00250360
7259929.00000000	-0.68935535	0.00974091	0.08246988
7254929.00000000	-0.67760446	0.01158472	0.16269955
7249929.00000000	-0.65596274	0.01320221	0.24024384
7244929.00000000	-0.62211423	0.01479892	0.31900922
7239929.00000000	-0.57852304	0.01591449	0.39127264
7234929.00000000	-0.52499280	0.01679913	0.45803680
7229929.00000000	-0.46333673	0.01718518	0.51703644
7224929.00000000	-0.39625009	0.01675540	0.56645020
7219929.00000000	-0.32341928	0.01608243	0.60730701
7214929.00000000	-0.24908707	0.01520865	0.63797281
7209929.00000000	-0.17384454	0.01466495	0.65950900
7204929.00000000	-0.09487851	0.01416180	0.67299908
7199929.00000000	-0.01668768	0.01362598	0.67749448
7194929.00000000	0.06643677	0.01292642	0.67292584
7189929.00000000	0.14714725	0.01208826	0.65870114
7184929.00000000	0.22374118	0.01108582	0.63563858
7179929.00000000	0.30371091	0.00919061	0.60053741
7174929.00000000	0.37765598	0.00666586	0.55630255
7169929.00000000	0.44764676	0.00347946	0.50180460
7164929.00000000	0.50951752	-0.00009796	0.44016629
7159929.00000000	0.56142972	-0.00355850	0.37433957
7154929.00000000	0.60558554	-0.00678189	0.30200882
7149929.00000000	0.63895132	-0.00964124	0.22916486
7144929.00000000	0.66341266	-0.01266782	0.15370596
7139929.00000000	0.67898486	-0.01506610	0.07663531
7134929.00000000	0.68538785	-0.01731729	-0.00037134
7129929.00000000	0.68246738	-0.01955759	-0.08070737
7124929.00000000	0.66966656	-0.02191901	-0.15866000
7119929.00000000	0.64593826	-0.02409244	-0.23690829
7114929.00000000	0.60997092	-0.02519724	-0.31460974
7109929.00000000	0.56452707	-0.02518802	-0.38544025
7104929.00000000	0.50958530	-0.02410123	-0.45035291
7099929.00000000	0.44663943	-0.02239941	-0.50788754
7094929.00000000	0.37856064	-0.01998676	-0.55613611
7089929.00000000	0.30565390	-0.01749231	-0.59575104
7084929.00000000	0.23174765	-0.01539444	-0.62549850
7079929.00000000	0.15504019	-0.01334940	-0.64703564
7074929.00000000	0.07697406	-0.01173682	-0.65999844
7069929.00000000	-0.00032281	-0.01028293	-0.66433508
7064929.00000000	-0.08173230	-0.00885583	-0.65988702
7059929.00000000	-0.16063733	-0.00724649	-0.64622614
7054929.00000000	-0.23994357	-0.00576038	-0.62237985
7049929.00000000	-0.31692776	-0.00405231	-0.58828104
7044929.00000000	-0.38810260	-0.00250723	-0.54519733
7039929.00000000	-0.45568414	-0.00120343	-0.49143307
7034929.00000000	-0.51462869	0.00026617	-0.43058090
7029929.00000000	-0.56422028	0.00177069	-0.36430496
7024929.00000000	-0.60391028	0.00290033	-0.29508771
7019929.00000000	-0.63460992	0.00386401	-0.22296893
7014929.00000000	-0.65721521	0.00509515	-0.14678918
7009929.00000000	-0.67058286	0.00665433	-0.07081433
7004929.00000000	-0.67542245	0.00808826	0.00643472
6999929.00000000	-0.67105002	0.00945859	0.08570895
6994929.00000000	-0.65703757	0.01126291	0.16390195
6989929.00000000	-0.63231793	0.01362344	0.24296191
6984929.00000000	-0.59719177	0.01587531	0.31857428
6979929.00000000	-0.55231805	0.01729077	0.38920166
6974929.00000000	-0.49678378	0.01853830	0.45536020
6969929.00000000	-0.43514005	0.01921060	0.51200406
6964929.00000000	-0.36675052	0.01972055	0.56050751
6959929.00000000	-0.29392838	0.02000027	0.59982193
6954929.00000000	-0.21880002	0.02012070	0.62979297
6949929.00000000	-0.14016391	0.02028494	0.65146069
6944929.00000000	-0.06286292	0.02029623	0.66413809
6939929.00000000	0.01762634	0.02033533	0.66852588
6934929.00000000	0.09979263	0.01966858	0.66382144
6929929.00000000	0.17980508	0.01861151	0.64991522
6924929.00000000	0.26148795	0.01645187	0.62517151
6919929.00000000	0.33873291	0.01339819	0.59010300
6914929.00000000	0.41063730	0.00971796	0.54517532
6909929.00000000	0.47652362	0.00587900	0.49011536
6904929.00000000	0.53243387	0.00243677	0.42882828
6899929.00000000	0.58013397	-0.00062558	0.36019070
6894929.00000000	0.61767957	-0.00307446	0.28840463
6889929.00000000	0.64604507	-0.00464990	0.21434406
6884929.00000000	0.66590604	-0.00608997	0.13710995
6879929.00000000	0.67677921	-0.00768539	0.05999750
6874929.00000000	0.67895279	-0.00986694	-0.02080692
6869929.00000000	0.67145920	-0.01170691	-0.10097375
6864929.00000000	0.65412683	-0.01340741	-0.17927393
6859929.00000000	0.62512363	-0.01581961	-0.25953958
6854929.00000000	0.58620142	-0.01838611	-0.33459589
6849929.00000000	0.53662741	-0.02050537	-0.40563824
6844929.00000000	0.47853024	-0.02242245	-0.46954437
6839929.00000000	0.41405463	-0.02397076	-0.52467807
6834929.00000000	0.34376743	-0.02523792	-0.57121335
6829929.00000000	0.27074414	-0.02642450	-0.60792578
6824929.00000000	0.19479602	-0.02716486	-0.63585010
6819929.00000000	0.11621561	-0.02771841	-0.65518790
6814929.00000000	0.03719635	-0.02792462	-0.66564374
6809929.00000000	-0.04434067	-0.02794806	-0.66721054
6804929.00000000	-0.12599927	-0.02704785	-0.65946344
6799929.00000000	-0.20743802	-0.02523572	-0.64181177
6794929.00000000	-0.29004520	-0.02212744	-0.61251810
6789929.00000000	-0.36658624	-0.01834915	-0.57335303
6784929.00000000	-0.43611404	-0.01387100	-0.52523038
6779929.00000000	-0.49899289	-0.00907959	-0.46772357
6774929.00000000	-0.55203891	-0.00465277	-0.40435126
6769929.00000000	-0.59500229	-0.00076300	-0.33711160
6764929.00000000	-0.62893326	0.00246323	-0.26635806
6759929.00000000	-0.65415726	0.00560782	-0.19264801
6754929.00000000	-0.67059909	0.00810376	-0.11694589
6749929.00000000	-0.67824405	0.01076199	-0.04086951
6744929.00000000	-0.67689630	0.01401144	0.03797253
6739929.00000000	-0.66604648	0.01780807	0.11603345
6734929.00000000	-0.64457626	0.02154636	0.19513464
6729929.00000000	-0.61225446	0.02547934	0.27284311
6724929.00000000	-0.56991486	0.02870404	0.34641013
6719929.00000000	-0.51755591	0.03144785	0.41583081
6714929.00000000	-0.45748010	0.03286362	0.47778745
6709929.00000000	-0.39138754	0.03278040	0.53139240
6704929.00000000	-0.32158759	0.03186826	0.57563443
6699929.00000000	-0.24819873	0.03073743	0.61114984
6694929.00000000	-0.17251654	0.02973611	0.63770178
6689929.00000000	-0.09726086	0.02874408	0.65530344
6684929.00000000	-0.02042395	0.02800479	0.66465149
6679929.00000000	0.05925449	0.02737402	0.66548581
6674929.00000000	0.13768188	0.02650439	0.65689603
6669929.00000000	0.21738681	0.02610269	0.63791525
6664929.00000000	0.29360150	0.02538901	0.60860242
6659929.00000000	0.36565417	0.02470447	0.56909277
6654929.00000000	0.43428958	0.02377252	0.51842957
6649929.00000000	0.49348843	0.02236703	0.46097818
6644929.00000000	0.54497635	0.02038782	0.39664398
6639929.00000000	0.58717969	0.01770679	0.32797043
6634929.00000000	0.62018695	0.01440881	0.25641754
6629929.00000000	0.64493719	0.01057986	0.18124487
6624929.00000000	0.66063162	0.00681534	0.10669019
6619929.00000000	0.66831625	0.00227338	0.02802328
6614929.00000000	0.66697714	-0.00263498	-0.05014005
6609929.00000000	0.65660193	-0.00807541	-0.12741168
6604929.00000000	0.63572028	-0.01405496	-0.20690375
6599929.00000000	0.60476279	-0.01950821	-0.28323178
6594929.00000000	0.56346973	-0.02468228	-0.35632309
6589929.00000000	0.51218338	-0.02830786	-0.42457178
6584929.00000000	0.45388528	-0.03125009	-0.48463754
6579929.00000000	0.38811490	-0.03265768	-0.53740936
6574929.00000000	0.31907629	-0.03318839	-0.58028763
6569929.00000000	0.24616382	-0.03299850	-0.61489615
6564929.00000000	0.17092230	-0.03259229	-0.64092593
6559929.00000000	0.09545740	-0.03212671	-0.65833060
6554929.00000000	0.01638760	-0.03162418	-0.66788431
6549929.00000000	-0.06367102	-0.03099594	-0.66884958
6544929.00000000	-0.14410095	-0.02998685	-0.66064044
6539929.00000000	-0.22710495	-0.02854938	-0.64186194
6534929.00000000	-0.30527570	-0.02656259	-0.61329425
6529929.00000000	-0.37916647	-0.02382751	-0.57486057
6524929.00000000	-0.44801370	-0.02043073	-0.52651129
6519929.00000000	-0.50898145	-0.01688556	-0.46983008
6514929.00000000	-0.56109546	-0.01289191	-0.40602353
6509929.00000000	-0.60278766	-0.00936652	-0.33841696
6504929.00000000	-0.63559320	-0.00604929	-0.26656302
6499929.00000000	-0.65929486	-0.00300671	-0.19259689
6494929.00000000	-0.67429727	0.00063776	-0.11714764
6489929.00000000	-0.68088589	0.00385571	-0.03809015
6484929.00000000	-0.67827606	0.00777460	0.04012247
6479929.00000000	-0.66589957	0.01200723	0.11994913
6474929.00000000	-0.64251749	0.01714886	0.20116498
6469929.00000000	-0.60898688	0.02198972	0.27841702
6464929.00000000	-0.56429504	0.02681595	0.35347684
6459929.00000000	-0.50969232	0.03094598	0.42321252
6454929.00000000	-0.44885556	0.03443021	0.48390933
6449929.00000000	-0.38222498	0.03687320	0.53629858
6444929.00000000	-0.31199457	0.03830530	0.57950348
6439929.00000000	-0.23828177	0.03953061	0.61406113
6434929.00000000	-0.16233255	0.04037503	0.63983789
6429929.00000000	-0.08600827	0.04150125	0.65684491
6424929.00000000	-0.00570398	0.04195709	0.66557944
6419929.00000000	0.07412024	0.04237167	0.66515305
6414929.00000000	0.15572568	0.04196597	0.65516068
6409929.00000000	0.23652863	0.04065353	0.63472577
6404929.00000000	0.31384717	0.03814246	0.60387305
6399929.00000000	0.38847183	0.03447931	0.56183612
6394929.00000000	0.45461163	0.02945569	0.51139987
6389929.00000000	0.51329013	0.02393433	0.45255923
6384929.00000000	0.56310486	0.01797681	0.38690253
6379929.00000000	0.60276450	0.01188336	0.31784747
6374929.00000000	0.63385760	0.00604034	0.24394653
6369929.00000000	0.65509714	0.00044293	0.17067081
6364929.00000000	0.66850681	-0.00579404	0.09481717
6359929.00000000	0.67320966	-0.01232819	0.01434003
6354929.00000000	0.66871109	-0.01914093	-0.06322375
6349929.00000000	0.65430396	-0.02663736	-0.14344077
6344929.00000000	0.62967419	-0.03400848	-0.22200491
6339929.00000000	0.59516803	-0.04090771	-0.29758734
6334929.00000000	0.54994022	-0.04601480	-0.37066998
6329929.00000000	0.49786484	-0.04928040	-0.43529413
6324929.00000000	0.43720630	-0.05047806	-0.49419296
6319929.00000000	0.37123148	-0.05022089	-0.54443182
6314929.00000000	0.30271124	-0.04911581	-0.58469052
6309929.00000000	0.22892950	-0.04721478	-0.61734891
6304929.00000000	0.15509671	-0.04519113	-0.64061630
6299929.00000000	0.07677765	-0.04324438	-0.65606354
6294929.00000000	-0.00332870	-0.04160684	-0.66287875
6289929.00000000	-0.08008725	-0.03967133	-0.66075793
6284929.00000000	-0.16233990	-0.03726947	-0.64887213
6279929.00000000	-0.24224106	-0.03434024	-0.62664340
6274929.00000000	-0.31849689	-0.03072549	-0.59416504
6269929.00000000	-0.39158826	-0.02661041	-0.55081522
6264929.00000000	-0.45688290	-0.02249402	-0.49883304
6259929.00000000	-0.51570389	-0.01774127	-0.43725165
6254929.00000000	-0.56380621	-0.01303732	-0.37135559
6249929.00000000	-0.60278558	-0.00875577	-0.30100363
6244929.00000000	-0.63336142	-0.00470334	-0.22595590
6239929.00000000	-0.65444717	-0.00057190	-0.15087167
6234929.00000000	-0.66746893	0.00355450	-0.07288196
6229929.00000000	-0.67193689	0.00846164	0.00641904
6224929.00000000	-0.66732590	0.01302966	0.08622919
6219929.00000000	-0.65233472	0.01886133	0.16954034
6214929.00000000	-0.62813110	0.02445840	0.24715576
6209929.00000000	-0.59308713	0.03059674	0.32364606
6204929.00000000	-0.54768579	0.03571310	0.39575153
6199929.00000000	-0.49301273	0.03923856	0.46116861
6194929.00000000	-0.43181897	0.04218008	0.51759274
6189929.00000000	-0.36534988	0.04414880	0.56485394
6184929.00000000	-0.29447635	0.04550037	0.60340521
6179929.00000000	-0.21939236	0.04622223	0.63356296
6174929.00000000	-0.14386230	0.04678488	0.65451929
6169929.00000000	-0.06461331	0.04736880	0.66739581
6164929.00000000	0.01522794	0.04789514	0.67146069
6159929.00000000	0.09584952	0.04767816	0.66639175
6154929.00000000	0.17853461	0.04634769	0.65114359
6149929.00000000	0.25814996	0.04350485	0.62598743
6144929.00000000	0.33611786	0.03878894	0.59008688
6139929.00000000	0.40975485	0.03300555	0.54387799
6134929.00000000	0.47324133	0.02654523	0.49128922
6129929.00000000	0.53059503	0.01966675	0.42969324
6124929.00000000	0.57717966	0.01336047	0.36461694
6119929.00000000	0.61579871	0.00728366	0.29327170
6114929.00000000	0.64390753	0.00222491	0.22228705
6109929.00000000	0.66371786	-0.00272263	0.14813596
6104929.00000000	0.67493881	-0.00783069	0.07102414
6099929.00000000	0.67698318	-0.01311728	-0.00545142
6094929.00000000	0.66940616	-0.01917584	-0.08351987
6089929.00000000	0.65092773	-0.02516965	-0.16270590
6084929.00000000	0.62199597	-0.03122433	-0.23889426
6079929.00000000	0.58102646	-0.03616525	-0.31479053
6074929.00000000	0.53138565	-0.04022540	-0.38410983
6069929.00000000	0.47250290	-0.04268573	-0.44823389
6064929.00000000	0.40689957	-0.04392514	-0.50495364
6059929.00000000	0.33862903	-0.04426608	-0.55173602
6054929.00000000	0.26634253	-0.04379523	-0.59044107
6049929.00000000	0.19200217	-0.04346893	-0.62025827
6044929.00000000	0.11619150	-0.04322076	-0.64145947
6039929.00000000	0.03878326	-0.04308167	-0.65426959
6034929.00000000	-0.03679910	-0.04298395	-0.65825720
6029929.00000000	-0.11592194	-0.04303964	-0.65300644
6024929.00000000	-0.19405914	-0.04316724	-0.63764218
6019929.00000000	-0.26976801	-0.04350232	-0.61215039
6014929.00000000	-0.34392749	-0.04350745	-0.57547467
6009929.00000000	-0.41185803	-0.04309991	-0.52998819
6004929.00000000	-0.47457251	-0.04168115	-0.47532587
5999929.00000000	-0.52940228	-0.03916180	-0.41412607
5994929.00000000	-0.57476544	-0.03591226	-0.34914218
5989929.00000000	-0.61262860	-0.03199536	-0.27824466
5984929.00000000	-0.64113229	-0.02760532	-0.20593777
5979929.00000000	-0.66150681	-0.02317380	-0.13073395
5974929.00000000	-0.67365448	-0.01783463	-0.05305017
5969929.00000000	-0.67726636	-0.01212094	0.02395609
5964929.00000000	-0.67172986	-0.00481876	0.10557675
5959929.00000000	-0.65653809	0.00339954	0.18447971
5954929.00000000	-0.63121063	0.01244736	0.26145728
5949929.00000000	-0.59405301	0.02234506	0.33704803
5944929.00000000	-0.54789993	0.03130798	0.40458127
5939929.00000000	-0.49146155	0.03941266	0.46612082
5934929.00000000	-0.42782373	0.04542798	0.51871912
5929929.00000000	-0.35930695	0.04980438	0.56175183
5924929.00000000	-0.28570255	0.05272543	0.59649088
5919929.00000000	-0.21166583	0.05466931	0.62149243
5914929.00000000	-0.13367584	0.05626703	0.63871375
5909929.00000000	-0.05464865	0.05771786	0.64710306
5904929.00000000	0.02512869	0.05893063	0.64674670
5899929.00000000	0.10782260	0.05990536	0.63692081
5894929.00000000	0.18903177	0.06011642	0.61761911
5889929.00000000	0.27014236	0.05908182	0.58814120
5884929.00000000	0.34959430	0.05656897	0.54797641
5879929.00000000	0.42076187	0.05286823	0.50029071
5874929.00000000	0.48445306	0.04794675	0.44507358
5869929.00000000	0.53889618	0.04235712	0.38411417
5864929.00000000	0.58431445	0.03652112	0.31783328
5859929.00000000	0.62020142	0.03100650	0.24808981
5854929.00000000	0.64637018	0.02595358	0.17750250
5849929.00000000	0.66470853	0.02068048	0.10244128
5844929.00000000	0.67417767	0.01551871	0.02640503
5839929.00000000	0.67474399	0.00969003	-0.05004199
5834929.00000000	0.66581772	0.00303967	-0.12845041
5829929.00000000	0.64711273	-0.00437827	-0.20463156
5824929.00000000	0.61748273	-0.01189575	-0.28008899
5819929.00000000	0.57786105	-0.01955554	-0.35147238
5814929.00000000	0.52913950	-0.02647668	-0.41725732
5809929.00000000	0.47129922	-0.03291580	-0.47724896
5804929.00000000	0.40756094	-0.03798270	-0.52859790
5799929.00000000	0.33824869	-0.04135718	-0.57196359
5794929.00000000	0.26643268	-0.04433704	-0.60627097
5789929.00000000	0.19325156	-0.04663354	-0.63191452
5784929.00000000	0.11537186	-0.04872885	-0.65004846
5779929.00000000	0.03935904	-0.05058334	-0.65948468
5774929.00000000	-0.04030264	-0.05228500	-0.66091226
5769929.00000000	-0.12116245	-0.05353177	-0.65312823
5764929.00000000	-0.20111188	-0.05409839	-0.63587634
5759929.00000000	-0.28138998	-0.05321890	-0.60784943
5754929.00000000	-0.35697757	-0.05115463	-0.57074005
5749929.00000000	-0.42772418	-0.04780603	-0.52427267
5744929.00000000	-0.49158279	-0.04328317	-0.46943085
5739929.00000000	-0.54563425	-0.03796408	-0.40939377
5734929.00000000	-0.59153534	-0.03206689	-0.34312424
5729929.00000000	-0.62762909	-0.02618021	-0.27428659
5724929.00000000	-0.65500076	-0.02060065	-0.20238898
5719929.00000000	-0.67369388	-0.01512906	-0.12949658
5714929.00000000	-0.68400525	-0.00970578	-0.05531308
5709929.00000000	-0.68573868	-0.00359778	0.02281052
5704929.00000000	-0.67785226	0.00306711	0.09988895
5699929.00000000	-0.66005536	0.00994760	0.17520761
5694929.00000000	-0.63034097	0.01736859	0.25200549
5689929.00000000	-0.59029214	0.02423468	0.32408463
5684929.00000000	-0.53985474	0.03028580	0.39178320
5679929.00000000	-0.48027985	0.03506802	0.45362027
5674929.00000000	-0.41590631	0.03876303	0.50633310
5669929.00000000	-0.34476685	0.04176129	0.55215338
5664929.00000000	-0.27191940	0.04439301	0.58844366
5659929.00000000	-0.19665121	0.04699515	0.61658942
5654929.00000000	-0.11867212	0.04978009	0.63649689
5649929.00000000	-0.04126816	0.05282117	0.64817856
5644929.00000000	0.04324280	0.05597293	0.65150076
5639929.00000000	0.12337665	0.05873172	0.64556628
5634929.00000000	0.20470221	0.06077234	0.62987314
5629929.00000000	0.28631583	0.06131461	0.60305200
5624929.00000000	0.36156082	0.06003699	0.56656055
5619929.00000000	0.43059802	0.05678970	0.52049951
5614929.00000000	0.49235443	0.05182498	0.46557346
5609929.00000000	0.54450378	0.04566812	0.40456604
5604929.00000000	0.58808862	0.03879510	0.33731659
5599929.00000000	0.62166992	0.03195523	0.26833685
5594929.00000000	0.64728174	0.02502762	0.19571448
5589929.00000000	0.66465067	0.01822552	0.12071027
5584929.00000000	0.67363348	0.01112872	0.04479526
5579929.00000000	0.67387320	0.00341171	-0.03457327
5574929.00000000	0.66481226	-0.00495859	-0.11302954
5569929.00000000	0.64569110	-0.01379520	-0.19204758
5564929.00000000	0.61595514	-0.02267819	-0.27031042
5559929.00000000	0.57665613	-0.03070868	-0.34364877
5554929.00000000	0.52669870	-0.03780853	-0.41362253
5549929.00000000	0.46895535	-0.04367514	-0.47561160
5544929.00000000	0.40533810	-0.04791260	-0.52887247
5539929.00000000	0.33727310	-0.05091708	-0.57299615
5534929.00000000	0.26642807	-0.05320294	-0.60812408
5529929.00000000	0.19037634	-0.05517441	-0.63573294
5524929.00000000	0.11363843	-0.05720132	-0.65428522
5519929.00000000	0.03394699	-0.05921417	-0.66436301
5514929.00000000	-0.04871680	-0.06118060	-0.66535648
5509929.00000000	-0.12976172	-0.06226199	-0.65656033
5504929.00000000	-0.21200995	-0.06222018	-0.63687814
5499929.00000000	-0.29102621	-0.06027884	-0.60658365
5494929.00000000	-0.36416150	-0.05670245	-0.56653113
5489929.00000000	-0.43323346	-0.05135492	-0.51500473
5484929.00000000	-0.49174344	-0.04516464	-0.45732532
5479929.00000000	-0.54142114	-0.03853186	-0.39311044
5474929.00000000	-0.58184573	-0.03199661	-0.32437253
5469929.00000000	-0.61307309	-0.02572314	-0.25240695
5464929.00000000	-0.63569177	-0.01968323	-0.17733105
5459929.00000000	-0.64901068	-0.01399911	-0.10404010
5454929.00000000	-0.65408170	-0.00785782	-0.02702145
5449929.00000000	-0.64938058	-0.00098422	0.05359439
5444929.00000000	-0.63514844	0.00589502	0.13025284
5439929.00000000	-0.60928238	0.01315149	0.21049792
5434929.00000000	-0.57306409	0.01987961	0.28739731
5429929.00000000	-0.52714368	0.02608020	0.35972275
5424929.00000000	-0.47140494	0.03143686	0.42796823
5419929.00000000	-0.41129132	0.03546533	0.48608899
5414929.00000000	-0.34401801	0.03867401	0.53763428
5409929.00000000	-0.27403033	0.04097604	0.57947952
5404929.00000000	-0.20191422	0.04296750	0.61233521
5399929.00000000	-0.12594266	0.04476837	0.63730484
5394929.00000000	-0.05035928	0.04652313	0.65332080
5389929.00000000	0.02967401	0.04826550	0.66128113
5384929.00000000	0.10856851	0.04988797	0.66002426
5379929.00000000	0.18607394	0.05091196	0.64947318
5374929.00000000	0.26475296	0.05109000	0.62838837
5369929.00000000	0.33864825	0.05033878	0.59756738
5364929.00000000	0.40637091	0.04869534	0.55768323
5359929.00000000	0.46938187	0.04608017	0.50767795
5354929.00000000	0.52299200	0.04277808	0.45155508
5349929.00000000	0.56920740	0.03898447	0.38809760
5344929.00000000	0.60578806	0.03508359	0.32162701
5339929.00000000	0.63423270	0.03116846	0.25147217
5334929.00000000	0.65495737	0.02710153	0.17737683
5329929.00000000	0.66704398	0.02291983	0.10375897
5324929.00000000	0.67112921	0.01803452	0.02599826
5319929.00000000	0.66599185	0.01255304	-0.05321921
5314929.00000000	0.65117676	0.00633197	-0.13182248
5309929.00000000	0.62450571	-0.00081232	-0.21418542
5304929.00000000	0.58921124	-0.00776596	-0.28914511
5299929.00000000	0.54295480	-0.01478003	-0.36227423
5294929.00000000	0.48804300	-0.02134589	-0.42876755
5289929.00000000	0.42698645	-0.02694934	-0.48668204
5284929.00000000	0.36141095	-0.03166220	-0.53555930
5279929.00000000	0.29292239	-0.03553857	-0.57525104
5274929.00000000	0.22035220	-0.03904901	-0.60724152
5269929.00000000	0.14535071	-0.04244907	-0.63091553
5264929.00000000	0.07018079	-0.04574445	-0.64594241
5259929.00000000	-0.00691028	-0.04935529	-0.65289969
5254929.00000000	-0.08584955	-0.05276697	-0.65138177
5249929.00000000	-0.16599249	-0.05578748	-0.64047073
5244929.00000000	-0.24657831	-0.05766040	-0.61910971
5239929.00000000	-0.32172171	-0.05818561	-0.58858798
5234929.00000000	-0.39446735	-0.05716995	-0.54706393
5229929.00000000	-0.45941098	-0.05467441	-0.49698572
5224929.00000000	-0.51450369	-0.05111642	-0.44114587
5219929.00000000	-0.56257321	-0.04657849	-0.37725366
5214929.00000000	-0.60082428	-0.04177930	-0.31002231
5209929.00000000	-0.63059555	-0.03684879	-0.23906180
5204929.00000000	-0.65156024	-0.03205179	-0.16721313
5199929.00000000	-0.66467825	-0.02719559	-0.09287027
5194929.00000000	-0.66952051	-0.02184900	-0.01430960
5189929.00000000	-0.66532996	-0.01610724	0.06295953
5184929.00000000	-0.65141492	-0.00946622	0.14251624
5179929.00000000	-0.62704379	-0.00183893	0.22213092
5174929.00000000	-0.59305362	0.00582135	0.29781979
5169929.00000000	-0.54772452	0.01372174	0.37185120
5164929.00000000	-0.49524472	0.02099451	0.43724948
5159929.00000000	-0.43525626	0.02772543	0.49531427
5154929.00000000	-0.36886105	0.03291980	0.54558212
5149929.00000000	-0.30069455	0.03703989	0.58536771
5144929.00000000	-0.22480844	0.04047797	0.61875769
5139929.00000000	-0.14906430	0.04377060	0.64238455
5134929.00000000	-0.06887680	0.04681039	0.65787711
5129929.00000000	0.01474017	0.04963916	0.66426205
5124929.00000000	0.09099750	0.05238956	0.66155005
5119929.00000000	0.17281570	0.05461191	0.64888031
5114929.00000000	0.25229123	0.05600375	0.62575296
5109929.00000000	0.32778195	0.05618643	0.59239380
5104929.00000000	0.39987094	0.05471811	0.54778244
5099929.00000000	0.46284531	0.05194675	0.49578351
5094929.00000000	0.51902310	0.04806418	0.43494742
5089929.00000000	0.56557321	0.04348425	0.36927463
5084929.00000000	0.60280490	0.03876129	0.30032208
5079929.00000000	0.63202829	0.03401736	0.22715323
5074929.00000000	0.65259024	0.02912750	0.15287457
5069929.00000000	0.66512106	0.02364532	0.07530490
5064929.00000000	0.66872784	0.01728699	-0.00336188
5059929.00000000	0.66288666	0.00999036	-0.08252557
5054929.00000000	0.64624033	0.00156100	-0.16448660
5049929.00000000	0.61894946	-0.00707394	-0.24270514
5044929.00000000	0.58169611	-0.01575574	-0.31648401
5039929.00000000	0.53349329	-0.02395596	-0.38655771
5034929.00000000	0.47839600	-0.03058087	-0.44746643
5029929.00000000	0.41463333	-0.03597687	-0.50193597
5024929.00000000	0.34750668	-0.03981952	-0.54623404
5019929.00000000	0.27673047	-0.04290445	-0.58176547
5014929.00000000	0.20221719	-0.04533905	-0.60887820
5009929.00000000	0.12782950	-0.04750656	-0.62707623
5004929.00000000	0.04845642	-0.04985620	-0.63725754
4999929.00000000	-0.03205878	-0.05200873	-0.63844656
4994929.00000000	-0.11355023	-0.05365436	-0.63003430
4989929.00000000	-0.19605737	-0.05436807	-0.61120392
4984929.00000000	-0.27589990	-0.05359903	-0.58211914
4979929.00000000	-0.35290479	-0.05130664	-0.54239520
4974929.00000000	-0.42406302	-0.04741086	-0.49290634
4969929.00000000	-0.48490558	-0.04248093	-0.43762134
4964929.00000000	-0.53769635	-0.03700140	-0.37556781
4959929.00000000	-0.58072058	-0.03119299	-0.30988126
4954929.00000000	-0.61537100	-0.02511182	-0.23984518
4949929.00000000	-0.64097070	-0.01963992	-0.16807388
4944929.00000000	-0.65830276	-0.01447772	-0.09388428
4939929.00000000	-0.66715500	-0.00909427	-0.01612503
4934929.00000000	-0.66689938	-0.00325879	0.06069522
4929929.00000000	-0.65690506	0.00274481	0.13848792
4924929.00000000	-0.63616864	0.00931995	0.21654318
4919929.00000000	-0.60568396	0.01567880	0.28970438
4914929.00000000	-0.56348868	0.02167459	0.36172751
4909929.00000000	-0.51323184	0.02664642	0.42609540
4904929.00000000	-0.45513434	0.03081165	0.48385352
4899929.00000000	-0.39032544	0.03421518	0.53444238
4894929.00000000	-0.32131778	0.03671320	0.57657635
4889929.00000000	-0.24797165	0.03874716	0.61095151
4884929.00000000	-0.17512405	0.04049881	0.63598907
4879929.00000000	-0.09915265	0.04223273	0.65365118
4874929.00000000	-0.02001151	0.04402841	0.66327780
4869929.00000000	0.05791296	0.04564255	0.66396005
4864929.00000000	0.13985425	0.04683694	0.65509799
4859929.00000000	0.22096814	0.04723080	0.63589246
4854929.00000000	0.29882870	0.04630832	0.60663959
4849929.00000000	0.37638577	0.04405179	0.56436102
4844929.00000000	0.44343997	0.04034329	0.51479712
4839929.00000000	0.50258716	0.03551282	0.45740192
4834929.00000000	0.55238748	0.03007947	0.39425357
4829929.00000000	0.59270038	0.02490530	0.32774487
4824929.00000000	0.62531012	0.01960336	0.25620001
4819929.00000000	0.64904681	0.01480444	0.18321100
4814929.00000000	0.66499060	0.00999619	0.10594434
4809929.00000000	0.67194238	0.00508316	0.02814691
4804929.00000000	0.66992221	-0.00026724	-0.04849472
4799929.00000000	0.65745175	-0.00641644	-0.13049799
4794929.00000000	0.63476944	-0.01293814	-0.20948712
4789929.00000000	0.60187125	-0.01940485	-0.28541025
4784929.00000000	0.55776328	-0.02568671	-0.35905365
4779929.00000000	0.50624622	-0.03125467	-0.42455685
4774929.00000000	0.44560593	-0.03612643	-0.48452957
4769929.00000000	0.38087503	-0.03963464	-0.53465234
4764929.00000000	0.31294754	-0.04268326	-0.57558649
4759929.00000000	0.24050034	-0.04538126	-0.60876135
4754929.00000000	0.16744830	-0.04785388	-0.63296738
4749929.00000000	0.09049969	-0.05032504	-0.64937839
4744929.00000000	0.01216476	-0.05267810	-0.65706192
4739929.00000000	-0.06625879	-0.05448755	-0.65572958
4734929.00000000	-0.14936868	-0.05526184	-0.64406241
4729929.00000000	-0.22711835	-0.05463397	-0.62279193
4724929.00000000	-0.30780832	-0.05319055	-0.58917105
4719929.00000000	-0.38152808	-0.04952966	-0.54583887
4714929.00000000	-0.44591733	-0.04491315	-0.49568515
4709929.00000000	-0.50412637	-0.03936008	-0.43695273
4704929.00000000	-0.55281699	-0.03378922	-0.37347040
4699929.00000000	-0.59283005	-0.02847348	-0.30529886
4694929.00000000	-0.62444543	-0.02351190	-0.23317783
4689929.00000000	-0.64695300	-0.01906885	-0.16020023
4684929.00000000	-0.66165805	-0.01466586	-0.08260358
4679929.00000000	-0.66739877	-0.01007962	-0.00425494
4674929.00000000	-0.66380896	-0.00494080	0.07569266
4669929.00000000	-0.64956161	0.00097433	0.15763974
4664929.00000000	-0.62501248	0.00732523	0.23639703
4659929.00000000	-0.58857932	0.01414746	0.31445721
4654929.00000000	-0.54249557	0.02085229	0.38573230
4649929.00000000	-0.48739990	0.02696732	0.45024475
4644929.00000000	-0.42357281	0.03260580	0.50759326
4639929.00000000	-0.35283963	0.03690067	0.55650073
4634929.00000000	-0.27904489	0.04007904	0.59501944
4629929.00000000	-0.20564987	0.04333014	0.62310172
4624929.00000000	-0.12975839	0.04639328	0.64308340
4619929.00000000	-0.04901120	0.04943948	0.65494974
4614929.00000000	0.03080002	0.05240405	0.65761951
4609929.00000000	0.11353091	0.05495557	0.65080655
4604929.00000000	0.19638596	0.05658267	0.63366254
4599929.00000000	0.27574673	0.05656897	0.60659866
4594929.00000000	0.35439972	0.05445828	0.56787140
4589929.00000000	0.42430234	0.05068283	0.52129892
4584929.00000000	0.48701529	0.04548953	0.46635760
4579929.00000000	0.54102109	0.03950638	0.40472763
4574929.00000000	0.58439774	0.03352576	0.34023236
4569929.00000000	0.62009448	0.02756964	0.26983710
4564929.00000000	0.64625824	0.02217249	0.19873972
4559929.00000000	0.66454770	0.01687842	0.12413824
4554929.00000000	0.67450668	0.01153125	0.04684625
4549929.00000000	0.67563028	0.00602463	-0.02773553
4544929.00000000	0.66748560	-0.00031668	-0.10657712
4539929.00000000	0.64922958	-0.00699335	-0.18436499
4534929.00000000	0.62096075	-0.01378421	-0.25938409
4529929.00000000	0.58108286	-0.02063199	-0.33359875
4524929.00000000	0.53327222	-0.02618527	-0.39976709
4519929.00000000	0.47653888	-0.03061151	-0.46027313
4514929.00000000	0.41322272	-0.03349854	-0.51288412
4509929.00000000	0.34724811	-0.03547952	-0.55567709
4504929.00000000	0.27491354	-0.03664337	-0.59190054
4499929.00000000	0.20214832	-0.03730255	-0.61887003
4494929.00000000	0.12629166	-0.03788571	-0.63835657
4489929.00000000	0.04681583	-0.03837668	-0.64986990
4484929.00000000	-0.03180371	-0.03859601	-0.65276266
4479929.00000000	-0.11578827	-0.03842673	-0.64603552
4474929.00000000	-0.19749106	-0.03730151	-0.62929636
4469929.00000000	-0.27567026	-0.03540375	-0.60273239
4464929.00000000	-0.35282605	-0.03247348	-0.56455240
4459929.00000000	-0.42125888	-0.02877841	-0.51834787
4454929.00000000	-0.48453323	-0.02458163	-0.46188916
4449929.00000000	-0.53748328	-0.02022668	-0.40027142
4444929.00000000	-0.58068417	-0.01605991	-0.33482535
4439929.00000000	-0.61575259	-0.01193784	-0.26463736
4434929.00000000	-0.64145215	-0.00812820	-0.19378085
4429929.00000000	-0.65951212	-0.00428552	-0.11771042
4424929.00000000	-0.66863773	-0.00041263	-0.04025699
4419929.00000000	-0.66846573	0.00365186	0.03759512
4414929.00000000	-0.65811301	0.00812170	0.11881207
4409929.00000000	-0.63756873	0.01261093	0.19755005
4404929.00000000	-0.60623395	0.01694186	0.27573694
4399929.00000000	-0.56395361	0.02074820	0.35129153
4394929.00000000	-0.51430585	0.02379660	0.41858575
4389929.00000000	-0.45764172	0.02582813	0.47851053
4384929.00000000	-0.39473288	0.02693335	0.53064319
4379929.00000000	-0.32733575	0.02748709	0.57412814
4374929.00000000	-0.25566055	0.02777893	0.60930789
4369929.00000000	-0.18384003	0.02802664	0.63502975
4364929.00000000	-0.10713867	0.02836957	0.65343085
4359929.00000000	-0.02958011	0.02893698	0.66333112
4354929.00000000	0.04825800	0.02991306	0.66442438
4349929.00000000	0.12899362	0.03063403	0.65611285
4344929.00000000	0.20678705	0.03123837	0.63834958
4339929.00000000	0.28459915	0.03170004	0.60990320
4334929.00000000	0.35791577	0.03192557	0.57173816
4329929.00000000	0.42480154	0.03179755	0.52548590
4324929.00000000	0.48625250	0.03103500	0.47025375
4319929.00000000	0.53901984	0.02973505	0.40914297
4314929.00000000	0.58268069	0.02805679	0.34410876
4309929.00000000	0.61772217	0.02606326	0.27576654
4304929.00000000	0.64427927	0.02380090	0.20558365
4299929.00000000	0.66339206	0.02114972	0.13122705
4294929.00000000	0.67375116	0.01804382	0.05622202
4289929.00000000	0.67540735	0.01407544	-0.02102441
4284929.00000000	0.66721982	0.00902814	-0.10015759
4279929.00000000	0.64900546	0.00320264	-0.17696396
4274929.00000000	0.61899771	-0.00358539	-0.25519879
4269929.00000000	0.57856628	-0.01045901	-0.32897482
4264929.00000000	0.52881158	-0.01699829	-0.39687439
4259929.00000000	0.46989069	-0.02280945	-0.45904562
4254929.00000000	0.40657465	-0.02765070	-0.51150079
4249929.00000000	0.33714847	-0.03162772	-0.55671454
4244929.00000000	0.26514780	-0.03505460	-0.59284891
4239929.00000000	0.19074808	-0.03825119	-0.62087411
4234929.00000000	0.11327158	-0.04149686	-0.64092905
4229929.00000000	0.03656467	-0.04485062	-0.65229639
4224929.00000000	-0.04393445	-0.04850427	-0.65529871
4219929.00000000	-0.12550043	-0.05222687	-0.64863007
4214929.00000000	-0.20526859	-0.05553864	-0.63206281
4209929.00000000	-0.28416748	-0.05805270	-0.60448444
4204929.00000000	-0.35840500	-0.05928809	-0.56712839
4199929.00000000	-0.42675220	-0.05904919	-0.52059793
4194929.00000000	-0.48833847	-0.05715213	-0.46562210
4189929.00000000	-0.53987891	-0.05412103	-0.40621735
4184929.00000000	-0.58367398	-0.05032623	-0.34111984
4179929.00000000	-0.61865396	-0.04622116	-0.27269492
4174929.00000000	-0.64500934	-0.04188004	-0.20241718
4169929.00000000	-0.66384116	-0.03707959	-0.12802548
4164929.00000000	-0.67402374	-0.03181848	-0.05401428
4159929.00000000	-0.67560745	-0.02530106	0.02479590
4154929.00000000	-0.66735147	-0.01769516	0.10387570
4149929.00000000	-0.64965723	-0.00930997	0.17901694
4144929.00000000	-0.62033978	0.00012640	0.25610428
4139929.00000000	-0.58070163	0.00936142	0.32905396
4134929.00000000	-0.53140048	0.01742279	0.39733521
4129929.00000000	-0.47377264	0.02450647	0.45923129
4124929.00000000	-0.41145929	0.03035126	0.51235602
4119929.00000000	-0.34229523	0.03502615	0.55913260
4114929.00000000	-0.27071237	0.03889795	0.59735162
4109929.00000000	-0.19498175	0.04285602	0.62841241
4104929.00000000	-0.11629172	0.04762296	0.65211523
4099929.00000000	-0.03451959	0.05319696	0.66838589
4094929.00000000	0.05343558	0.06075726	0.67759332
4089929.00000000	0.14570831	0.06965509	0.67850128
4084929.00000000	0.24253864	0.07940164	0.67054614
4079929.00000000	0.34450787	0.08875827	0.65258377
4074929.00000000	0.44207001	0.09410339	0.62456152
4069929.00000000	0.53648987	0.09418115	0.58368005
4064929.00000000	0.61838379	0.08913776	0.53049661
4059929.00000000	0.68420016	0.08157037	0.46800555
4054929.00000000	0.73484677	0.07328851	0.39912393
4049929.00000000	0.77283496	0.06514758	0.32542319
4044929.00000000	0.79966837	0.05685416	0.24688467
4039929.00000000	0.81511646	0.04797891	0.16604602
4034929.00000000	0.81884393	0.03758292	0.08177039
4029929.00000000	0.80867618	0.02443320	-0.00772174
4024929.00000000	0.78280927	0.00942270	-0.09782242
4019929.00000000	0.73999518	-0.00644626	-0.18920193
4014929.00000000	0.68294028	-0.02021451	-0.27693298
4009929.00000000	0.61686752	-0.03014749	-0.35760480
4004929.00000000	0.54455832	-0.03599771	-0.43062933
3999929.00000000	0.47148169	-0.03965683	-0.49157861
3994929.00000000	0.39766293	-0.04209827	-0.54171649
3989929.00000000	0.32165646	-0.04376031	-0.58258676
3984929.00000000	0.24536761	-0.04559790	-0.61375827
3979929.00000000	0.16769388	-0.04743423	-0.63621347
3974929.00000000	0.09129828	-0.04986255	-0.64967441
3969929.00000000	0.01149313	-0.05253970	-0.65502267
3964929.00000000	-0.07048849	-0.05511414	-0.65099786
3959929.00000000	-0.15161029	-0.05725424	-0.63740765
3954929.00000000	-0.23303439	-0.05819275	-0.61326788
3949929.00000000	-0.31134805	-0.05757956	-0.57906717
3944929.00000000	-0.38410568	-0.05535178	-0.53562711
3939929.00000000	-0.45077643	-0.05172412	-0.48335867
3934929.00000000	-0.50868338	-0.04726859	-0.42469290
3929929.00000000	-0.55849557	-0.04245618	-0.35990582
3924929.00000000	-0.59904788	-0.03792978	-0.29186929
3919929.00000000	-0.63114221	-0.03357056	-0.22116565
3914929.00000000	-0.65554788	-0.02932935	-0.14657523
3909929.00000000	-0.67129819	-0.02511996	-0.07134555
3904929.00000000	-0.67865186	-0.02041470	0.00751620
3899929.00000000	-0.67621051	-0.01520581	0.08770206
3894929.00000000	-0.66367941	-0.00959506	0.16571637
3889929.00000000	-0.63961658	-0.00333487	0.24488110
3884929.00000000	-0.60504694	0.00288086	0.31915530
3879929.00000000	-0.56017245	0.00894366	0.38806131
3874929.00000000	-0.50614154	0.01466446	0.45023776
3869929.00000000	-0.44690155	0.01955478	0.50261273
3864929.00000000	-0.38048499	0.02399561	0.54806650
3859929.00000000	-0.31205249	0.02771600	0.58377979
3854929.00000000	-0.24040225	0.03075519	0.61184207
3849929.00000000	-0.16596036	0.03380283	0.63205115
3844929.00000000	-0.09003485	0.03652264	0.64434833
3839929.00000000	-0.01138959	0.03925046	0.64861877
3834929.00000000	0.06759497	0.04142908	0.64446921
3829929.00000000	0.14702563	0.04339487	0.63119302
3824929.00000000	0.22779453	0.04466504	0.60802164
3819929.00000000	0.30282913	0.04543948	0.57663654
3814929.00000000	0.37324963	0.04554315	0.53689139
3809929.00000000	0.43877472	0.04508978	0.48856537
3804929.00000000	0.49639679	0.04417212	0.43389767
3799929.00000000	0.54635941	0.04287811	0.37325314
3794929.00000000	0.58711478	0.04144150	0.30907062
3789929.00000000	0.62024289	0.03994009	0.23987598
3784929.00000000	0.64481885	0.03830380	0.16829605
3779929.00000000	0.66098630	0.03630087	0.09446506
3774929.00000000	0.66861316	0.03356906	0.01693427
3769929.00000000	0.66672879	0.02986218	-0.06099585
3764929.00000000	0.65426422	0.02477621	-0.14166580
3759929.00000000	0.63061475	0.01827924	-0.22147247
3754929.00000000	0.59626773	0.01068893	-0.29758365
3749929.00000000	0.55057361	0.00259094	-0.37023386
3744929.00000000	0.49497351	-0.00475168	-0.43662970
3739929.00000000	0.43375705	-0.01094531	-0.49296365
3734929.00000000	0.36629370	-0.01705377	-0.54107712
3729929.00000000	0.29533539	-0.02218765	-0.58014841
3724929.00000000	0.22072055	-0.02691037	-0.61100314
3719929.00000000	0.14582068	-0.03150739	-0.63309109
3714929.00000000	0.06772110	-0.03640775	-0.64729233
3709929.00000000	-0.01378906	-0.04151474	-0.65294751
3704929.00000000	-0.09490359	-0.04688623	-0.64926126
3699929.00000000	-0.17835168	-0.05189252	-0.63514951
3694929.00000000	-0.25922253	-0.05605768	-0.60999234
3689929.00000000	-0.33595184	-0.05861606	-0.57425433
3684929.00000000	-0.40823834	-0.05933694	-0.52743658
3679929.00000000	-0.47086938	-0.05818085	-0.47348328
3674929.00000000	-0.52578549	-0.05556808	-0.41172458
3669929.00000000	-0.57083615	-0.05210001	-0.34579028
3664929.00000000	-0.60697876	-0.04836374	-0.27626212
3659929.00000000	-0.63461740	-0.04467325	-0.20358560
3654929.00000000	-0.65368149	-0.04122388	-0.12982867
3649929.00000000	-0.66450192	-0.03761429	-0.05255933
3644929.00000000	-0.66627362	-0.03367175	0.02543503
3639929.00000000	-0.65881619	-0.02929636	0.10238272
3634929.00000000	-0.64103528	-0.02413760	0.18117459
3629929.00000000	-0.61297998	-0.01872659	0.25825504
3624929.00000000	-0.57513226	-0.01305643	0.33135721
3619929.00000000	-0.52763010	-0.00714175	0.40035919
3614929.00000000	-0.47349771	-0.00139676	0.46135779
3609929.00000000	-0.41234442	0.00412888	0.51561948
3604929.00000000	-0.34634436	0.00920282	0.56158261
3599929.00000000	-0.27749338	0.01385202	0.59866843
3594929.00000000	-0.20454086	0.01862091	0.62821240
3589929.00000000	-0.13058414	0.02340756	0.64932141
3584929.00000000	-0.05341724	0.02889105	0.66275684
3579929.00000000	0.02579813	0.03463376	0.66752292
3574929.00000000	0.10510947	0.04083035	0.66338248
3569929.00000000	0.18703854	0.04647034	0.64852261
3564929.00000000	0.26418604	0.05123462	0.62362878
3559929.00000000	0.33699014	0.05459442	0.58849103
3554929.00000000	0.40557239	0.05612802	0.54250952
3549929.00000000	0.46565286	0.05587967	0.48872079
3544929.00000000	0.51821741	0.05427353	0.42736792
3539929.00000000	0.56145731	0.05166873	0.36164102
3534929.00000000	0.59623666	0.04847714	0.29228998
3529929.00000000	0.62320563	0.04495462	0.21935126
3524929.00000000	0.64184436	0.04119543	0.14452118
3519929.00000000	0.65231128	0.03691061	0.06662830
3514929.00000000	0.65392880	0.03209009	-0.01298154
3509929.00000000	0.64605939	0.02650308	-0.09363507
3504929.00000000	0.62806113	0.02009412	-0.17545273
3499929.00000000	0.60038553	0.01313712	-0.25377271
3494929.00000000	0.56283249	0.00581619	-0.32874884
3489929.00000000	0.51547424	-0.00178165	-0.39906641
3484929.00000000	0.46099347	-0.00834799	-0.46074609
3479929.00000000	0.40074838	-0.01410190	-0.51340149
3474929.00000000	0.33578070	-0.01918637	-0.55749921
3469929.00000000	0.26560889	-0.02356824	-0.59385300
3464929.00000000	0.19239545	-0.02763675	-0.62172153
3459929.00000000	0.11737283	-0.03147601	-0.64126212
3454929.00000000	0.03851865	-0.03521683	-0.65275494
3449929.00000000	-0.04135223	-0.03895499	-0.65542670
3444929.00000000	-0.12359653	-0.04239099	-0.64859500
3439929.00000000	-0.20634421	-0.04519748	-0.63142670
3434929.00000000	-0.28524170	-0.04724832	-0.60465076
3429929.00000000	-0.36151422	-0.04795413	-0.56716684
3424929.00000000	-0.43024313	-0.04744717	-0.52109903
3419929.00000000	-0.49129617	-0.04566504	-0.46686368
3414929.00000000	-0.54374088	-0.04301825	-0.40595892
3409929.00000000	-0.58666656	-0.03995160	-0.34039059
3404929.00000000	-0.62095248	-0.03674615	-0.27060678
3399929.00000000	-0.64616266	-0.03373233	-0.19957144
3394929.00000000	-0.66362790	-0.03053549	-0.12485730
3389929.00000000	-0.67280518	-0.02712170	-0.04621652
3384929.00000000	-0.67298532	-0.02320679	0.03270880
3379929.00000000	-0.66333521	-0.01849332	0.11481876
3374929.00000000	-0.64344611	-0.01297595	0.19590146
3369929.00000000	-0.61335324	-0.00686127	0.27459695
3364929.00000000	-0.57205261	-0.00051480	0.35103177
3359929.00000000	-0.52257611	0.00584161	0.41940570
3354929.00000000	-0.46477222	0.01191809	0.48041077
3349929.00000000	-0.40073047	0.01739371	0.53247092
3344929.00000000	-0.33290891	0.02198737	0.57502356
3339929.00000000	-0.26069138	0.02622015	0.60920258
3334929.00000000	-0.18630966	0.03008588	0.63458743
3329929.00000000	-0.10804938	0.03416177	0.65175766
3324929.00000000	-0.02723514	0.03846625	0.65998886
3319929.00000000	0.05236411	0.04276495	0.65882761
3314929.00000000	0.13585928	0.04692725	0.64752725
3309929.00000000	0.21821262	0.05041382	0.62589120
3304929.00000000	0.29827271	0.05273315	0.59355359
3299929.00000000	0.37401196	0.05363763	0.55084891
3294929.00000000	0.44189856	0.05326108	0.50026822
3289929.00000000	0.50181775	0.05186496	0.44232950
3284929.00000000	0.55276828	0.04984201	0.37879697
3279929.00000000	0.59391663	0.04767938	0.31219022
3274929.00000000	0.62693445	0.04549826	0.24106586
3269929.00000000	0.65114172	0.04341153	0.16824783
3264929.00000000	0.66706030	0.04104245	0.09297168
3259929.00000000	0.67420935	0.03806485	0.01467532
3254929.00000000	0.67188501	0.03394162	-0.06388123
3249929.00000000	0.65882559	0.02808917	-0.14548669
3244929.00000000	0.63560013	0.02124597	-0.22303485
3239929.00000000	0.60157660	0.01310022	-0.29834372
3234929.00000000	0.55653867	0.00417929	-0.37037936
3229929.00000000	0.50419775	-0.00444604	-0.43402057
3224929.00000000	0.44317014	-0.01278058	-0.49196622
3219929.00000000	0.37807678	-0.02011887	-0.54062839
3214929.00000000	0.30824683	-0.02625955	-0.58166812
3209929.00000000	0.23596552	-0.03148840	-0.61447391
3204929.00000000	0.16118698	-0.03642184	-0.63933228
3199929.00000000	0.08376633	-0.04193015	-0.65638681
3194929.00000000	0.00453384	-0.04769089	-0.66494025
3189929.00000000	-0.07569479	-0.05342102	-0.66459909
3184929.00000000	-0.15730069	-0.05863312	-0.65425830
3179929.00000000	-0.23630411	-0.06241687	-0.63376263
3174929.00000000	-0.31184998	-0.06439340	-0.60327927
3169929.00000000	-0.38516837	-0.06392880	-0.56115686
3164929.00000000	-0.44826883	-0.06172165	-0.51249411
3159929.00000000	-0.50374310	-0.05798434	-0.45664505
3154929.00000000	-0.55176111	-0.05341345	-0.39416693
3149929.00000000	-0.59037146	-0.04846725	-0.32884769
3144929.00000000	-0.62195868	-0.04337503	-0.25798083
3139929.00000000	-0.64509549	-0.03832257	-0.18532407
3134929.00000000	-0.66049509	-0.03297769	-0.10818109
3129929.00000000	-0.66720206	-0.02730566	-0.02882202
3124929.00000000	-0.66453302	-0.02088132	0.05279736
3119929.00000000	-0.65159088	-0.01363925	0.13640125
3114929.00000000	-0.62809964	-0.00599323	0.21884842
3109929.00000000	-0.59355295	0.00180032	0.29982913
3104929.00000000	-0.54938351	0.00928171	0.37479797
3099929.00000000	-0.49712311	0.01601562	0.44209033
3094929.00000000	-0.43725653	0.02182468	0.50153525
3089929.00000000	-0.37217023	0.02686133	0.55180252
3084929.00000000	-0.30191864	0.03119073	0.59346878
3079929.00000000	-0.23169720	0.03513205	0.62497562
3074929.00000000	-0.15623141	0.03914374	0.64913721
3069929.00000000	-0.07884952	0.04330557	0.66460443
3064929.00000000	-0.00152176	0.04754202	0.67107614
3059929.00000000	0.07906183	0.05176059	0.66792911
3054929.00000000	0.15921170	0.05571338	0.65442664
3049929.00000000	0.23744775	0.05887692	0.63030444
3044929.00000000	0.31342059	0.06109097	0.59527792
3039929.00000000	0.38365506	0.06172800	0.55106793
3034929.00000000	0.44657874	0.06110483	0.49905722
3029929.00000000	0.50222159	0.05915189	0.44005896
3024929.00000000	0.54880084	0.05647739	0.37668161
3019929.00000000	0.58715509	0.05340704	0.30887564
3014929.00000000	0.61689624	0.05015247	0.23829160
3009929.00000000	0.63829645	0.04661124	0.16504013
3004929.00000000	0.65149588	0.04254535	0.08782578
2999929.00000000	0.65533884	0.03774081	0.01051566
2994929.00000000	0.64918875	0.03168906	-0.07104419
2989929.00000000	0.63227026	0.02461163	-0.15157236
2984929.00000000	0.60446213	0.01687064	-0.23066599
2979929.00000000	0.56556046	0.00856958	-0.30734158
2974929.00000000	0.51739456	0.00060040	-0.37805103
2969929.00000000	0.46050888	-0.00694196	-0.44269864
2964929.00000000	0.39807001	-0.01355225	-0.49845453
2959929.00000000	0.33093506	-0.01934573	-0.54575189
2954929.00000000	0.26001062	-0.02463464	-0.58482642
2949929.00000000	0.18694632	-0.02963342	-0.61506442
2944929.00000000	0.11137796	-0.03474271	-0.63726138
2939929.00000000	0.03383038	-0.04011835	-0.65098990
2934929.00000000	-0.04542337	-0.04579572	-0.65554474
2929929.00000000	-0.12597885	-0.05134012	-0.64999295
2924929.00000000	-0.20479376	-0.05643994	-0.63406012
2919929.00000000	-0.28178760	-0.06061990	-0.60725308
2914929.00000000	-0.35625436	-0.06358188	-0.56861261
2909929.00000000	-0.42202271	-0.06516656	-0.52191599
2904929.00000000	-0.48036893	-0.06551685	-0.46750778
2899929.00000000	-0.53089795	-0.06480307	-0.40666162
2894929.00000000	-0.57340576	-0.06329672	-0.34057034
2889929.00000000	-0.60794730	-0.06133234	-0.27065491
2884929.00000000	-0.63431302	-0.05921313	-0.19833780
2879929.00000000	-0.65302975	-0.05685855	-0.12300095
2874929.00000000	-0.66351627	-0.05412253	-0.04577740
2869929.00000000	-0.66526929	-0.05049524	0.03390912
2864929.00000000	-0.65737634	-0.04550809	0.11605051
2859929.00000000	-0.63940509	-0.03898230	0.19728607
2854929.00000000	-0.61078976	-0.03086011	0.27731735
2849929.00000000	-0.57174060	-0.02150784	0.35384216
2844929.00000000	-0.52435184	-0.01137427	0.42325143
2839929.00000000	-0.46924603	-0.00077917	0.48513470
2834929.00000000	-0.40763901	0.00913910	0.53891364
2829929.00000000	-0.34195694	0.01836887	0.58335284
2824929.00000000	-0.27289688	0.02677423	0.61923895
2819929.00000000	-0.20078033	0.03483755	0.64688855
2814929.00000000	-0.12569839	0.04304321	0.66630719
2809929.00000000	-0.04880377	0.05107089	0.67714157
2804929.00000000	0.03104803	0.05896182	0.67884927
2799929.00000000	0.11268134	0.06622906	0.67033685
2794929.00000000	0.19306174	0.07228436	0.65123682
2789929.00000000	0.27340579	0.07640921	0.62050421
2784929.00000000	0.34898550	0.07822095	0.57967569
2779929.00000000	0.41803009	0.07811911	0.53035193
2774929.00000000	0.48048401	0.07614166	0.47299002
2769929.00000000	0.53331180	0.07293924	0.41124921
2764929.00000000	0.57796301	0.06917627	0.34466269
2759929.00000000	0.61402774	0.06524826	0.27492322
2754929.00000000	0.64180917	0.06127124	0.20226309
2749929.00000000	0.66132941	0.05706662	0.12722879
2744929.00000000	0.67195905	0.05249747	0.05223004
2739929.00000000	0.67365060	0.04677234	-0.02687146
2734929.00000000	0.66512262	0.03978503	-0.10721378
2729929.00000000	0.64595395	0.03165207	-0.18619391
2724929.00000000	0.61514517	0.02240997	-0.26459387
2719929.00000000	0.57439798	0.01292828	-0.33794904
2714929.00000000	0.52436362	0.00337817	-0.40583426
2709929.00000000	0.46622394	-0.00595483	-0.46703778
2704929.00000000	0.40334695	-0.01446701	-0.51920847
2699929.00000000	0.33492020	-0.02237967	-0.56401456
2694929.00000000	0.26383759	-0.02961874	-0.60006610
2689929.00000000	0.18998434	-0.03670160	-0.62803552
2684929.00000000	0.11317819	-0.04395172	-0.64807297
2679929.00000000	0.03525296	-0.05148798	-0.65929373
2674929.00000000	-0.04779166	-0.05968207	-0.66140579
2669929.00000000	-0.12833688	-0.06760477	-0.65340100
2664929.00000000	-0.20863202	-0.07483267	-0.63472281
2659929.00000000	-0.29012552	-0.08088547	-0.60373734
2654929.00000000	-0.36295319	-0.08454037	-0.56420285
2649929.00000000	-0.43256320	-0.08595859	-0.51391351
2644929.00000000	-0.49338736	-0.08510876	-0.45670886
2639929.00000000	-0.54476743	-0.08259546	-0.39484564
2634929.00000000	-0.58841965	-0.07921140	-0.32730484
2629929.00000000	-0.62259662	-0.07550418	-0.25806427
2624929.00000000	-0.64886661	-0.07160574	-0.18536505
2619929.00000000	-0.66689386	-0.06731580	-0.10962515
2614929.00000000	-0.67603696	-0.06217841	-0.03291370
2609929.00000000	-0.67589175	-0.05546091	0.04739233
2604929.00000000	-0.66545499	-0.04677414	0.12730988
2599929.00000000	-0.64381354	-0.03603964	0.20711652
2594929.00000000	-0.61059567	-0.02360718	0.28519785
2589929.00000000	-0.56679202	-0.01040900	0.35862494
2584929.00000000	-0.51549301	0.00210278	0.42354416
2579929.00000000	-0.45547928	0.01399323	0.48264050
2574929.00000000	-0.39199545	0.02419061	0.53193549
2569929.00000000	-0.32339890	0.03320773	0.57368320
2564929.00000000	-0.25294275	0.04113608	0.60663461
2559929.00000000	-0.17895450	0.04903119	0.63203476
2554929.00000000	-0.10312823	0.05681110	0.64903354
2549929.00000000	-0.02526636	0.06461404	0.65736185
2544929.00000000	0.05528790	0.07250491	0.65609268
2539929.00000000	0.13522888	0.07956067	0.64439554
2534929.00000000	0.21549738	0.08512305	0.62154514
2529929.00000000	0.29301266	0.08876462	0.58798260
2524929.00000000	0.36562753	0.08978210	0.54492834
2519929.00000000	0.43297232	0.08839590	0.49304077
2514929.00000000	0.49193900	0.08496063	0.43530634
2509929.00000000	0.54380289	0.08007849	0.37114816
2504929.00000000	0.58637180	0.07459521	0.30397733
2499929.00000000	0.62101016	0.06889764	0.23280185
2494929.00000000	0.64712268	0.06328979	0.16002472
2489929.00000000	0.66520193	0.05744382	0.08477359
2484929.00000000	0.67495282	0.05070459	0.00643985
2479929.00000000	0.67537204	0.04251285	-0.07454007
2474929.00000000	0.66562930	0.03274969	-0.15466946
2469929.00000000	0.64455432	0.02089444	-0.23544766
2464929.00000000	0.61239163	0.00781183	-0.31239642
2459929.00000000	0.57020966	-0.00548050	-0.38317719
2454929.00000000	0.51768488	-0.01845627	-0.44823453
2449929.00000000	0.45880588	-0.02982880	-0.50410910
2444929.00000000	0.39346844	-0.03984402	-0.55198303
2439929.00000000	0.32428491	-0.04830722	-0.59153915
2434929.00000000	0.25265738	-0.05589212	-0.62277368
2429929.00000000	0.17559567	-0.06340701	-0.64713812
2424929.00000000	0.09980521	-0.07064465	-0.66247186
2419929.00000000	0.01816571	-0.07832324	-0.67020325
2414929.00000000	-0.06313208	-0.08557535	-0.66861810
2409929.00000000	-0.14399911	-0.09163132	-0.65754001
2404929.00000000	-0.22635519	-0.09597171	-0.63575281
2399929.00000000	-0.30526715	-0.09784219	-0.60378403
2394929.00000000	-0.37883838	-0.09702399	-0.56195517
2389929.00000000	-0.44527390	-0.09388300	-0.51129626
2384929.00000000	-0.50255716	-0.08904852	-0.45432831
2379929.00000000	-0.55141760	-0.08345624	-0.39135056
2374929.00000000	-0.59168076	-0.07768521	-0.32438538
2369929.00000000	-0.62356909	-0.07203040	-0.25428674
2364929.00000000	-0.64790756	-0.06636606	-0.18047800
2359929.00000000	-0.66405762	-0.06032025	-0.10368301
2354929.00000000	-0.67160977	-0.05341122	-0.02512411
2349929.00000000	-0.66988443	-0.04490704	0.05691980
2344929.00000000	-0.65798386	-0.03490714	0.13881479
2339929.00000000	-0.63473364	-0.02310767	0.22191641
2334929.00000000	-0.60120847	-0.01056400	0.30009067
2329929.00000000	-0.55921069	0.00179648	0.37073831
2324929.00000000	-0.50730951	0.01410248	0.43637100
2319929.00000000	-0.44923758	0.02521194	0.49316675
2314929.00000000	-0.38552304	0.03526184	0.54180835
2309929.00000000	-0.31810974	0.04439935	0.58192807
2304929.00000000	-0.24782870	0.05305057	0.61402432
2299929.00000000	-0.17368085	0.06215643	0.63858530
2294929.00000000	-0.09888376	0.07150305	0.65432330
2289929.00000000	-0.02025897	0.08156866	0.66151959
2284929.00000000	0.05976389	0.09128305	0.65904633
2279929.00000000	0.14020621	0.09969711	0.64617200
2274929.00000000	0.22151187	0.10579596	0.62224295
2269929.00000000	0.29855261	0.10837027	0.58839517
2264929.00000000	0.37091422	0.10746777	0.54507819
2259929.00000000	0.43684006	0.10356036	0.49380310
2254929.00000000	0.49370624	0.09760889	0.43687225
2249929.00000000	0.54221881	0.09066522	0.37524051
2244929.00000000	0.58246439	0.08366699	0.30954791
2239929.00000000	0.61491376	0.07682272	0.24030594
2234929.00000000	0.63945526	0.07002518	0.16829428
2229929.00000000	0.65594473	0.06299411	0.09381985
2224929.00000000	0.66398959	0.05508566	0.01592026
2219929.00000000	0.66249039	0.04627582	-0.06249936
2214929.00000000	0.65050818	0.03627689	-0.14290900
2209929.00000000	0.62744388	0.02578653	-0.22248853
2204929.00000000	0.59442920	0.01519189	-0.29755658
2199929.00000000	0.55102496	0.00436621	-0.36930405
2194929.00000000	0.49965036	-0.00611584	-0.43358047
2189929.00000000	0.44188449	-0.01574731	-0.48982449
2184929.00000000	0.37779828	-0.02465237	-0.53862134
2179929.00000000	0.30971368	-0.03291199	-0.57878644
2174929.00000000	0.23881516	-0.04096359	-0.61042697
2169929.00000000	0.16640033	-0.04898108	-0.63364886
2164929.00000000	0.08970880	-0.05751160	-0.64929681
2159929.00000000	0.01179083	-0.06638281	-0.65610312
2154929.00000000	-0.06800867	-0.07507996	-0.65378479
2149929.00000000	-0.14992245	-0.08322833	-0.64127155
2144929.00000000	-0.23072723	-0.08964215	-0.61830023
2139929.00000000	-0.30784543	-0.09387051	-0.58539328
2134929.00000000	-0.38114911	-0.09573492	-0.54229599
2129929.00000000	-0.44594186	-0.09531372	-0.49169800
2124929.00000000	-0.50345160	-0.09291653	-0.43343457
2119929.00000000	-0.55169312	-0.08951846	-0.37000372
2114929.00000000	-0.59068472	-0.08569669	-0.30333334
2109929.00000000	-0.62169028	-0.08180292	-0.23257129
2104929.00000000	-0.64415341	-0.07795117	-0.15965762
2099929.00000000	-0.65859796	-0.07365073	-0.08366779
2094929.00000000	-0.66429495	-0.06820627	-0.00322711
2089929.00000000	-0.66043561	-0.06134512	0.07538876
2084929.00000000	-0.64577802	-0.05204691	0.15839273
2079929.00000000	-0.62100754	-0.04098090	0.23702667
2074929.00000000	-0.58501770	-0.02800082	0.31381253
2069929.00000000	-0.53869827	-0.01406778	0.38526605
2064929.00000000	-0.48483209	-0.00053506	0.44799594
2059929.00000000	-0.42332004	0.01230701	0.50327029
2054929.00000000	-0.35712128	0.02381973	0.54931561
2049929.00000000	-0.28747620	0.03428586	0.58667676
2044929.00000000	-0.21418356	0.04444492	0.61605038
2039929.00000000	-0.13949490	0.05454422	0.63677084
2034929.00000000	-0.06138074	0.06504941	0.64942398
2029929.00000000	0.01916806	0.07582666	0.65277374
2024929.00000000	0.09966864	0.08589774	0.64624673
2019929.00000000	0.18245596	0.09495322	0.62875208
2014929.00000000	0.26218640	0.10128464	0.60063184
2009929.00000000	0.33630051	0.10463303	0.56322357
2004929.00000000	0.40685892	0.10480292	0.51517166
1999929.00000000	0.46594943	0.10252737	0.46273318
1994929.00000000	0.51908704	0.09819730	0.40230942
1989929.00000000	0.56266089	0.09286127	0.33840591
1984929.00000000	0.59801831	0.08715939	0.27074707
1979929.00000000	0.62522083	0.08120093	0.19969202
1974929.00000000	0.64383038	0.07496030	0.12670511
1969929.00000000	0.65402798	0.06773145	0.04913263
1964929.00000000	0.65454059	0.05909424	-0.03017972
1959929.00000000	0.64474521	0.04870236	-0.11119827
1954929.00000000	0.62375870	0.03616235	-0.19358041
1949929.00000000	0.59251660	0.02244330	-0.27234113
1944929.00000000	0.55074524	0.00780560	-0.34805176
1939929.00000000	0.50053305	-0.00647827	-0.41729153
1934929.00000000	0.44264862	-0.01971487	-0.47941043
1929929.00000000	0.38022052	-0.03144693	-0.53246887
1924929.00000000	0.31341849	-0.04189697	-0.57725607
1919929.00000000	0.24485168	-0.05140134	-0.61335818
1914929.00000000	0.17227335	-0.06093542	-0.64196017
1909929.00000000	0.09814352	-0.07032425	-0.66249634
1904929.00000000	0.01978217	-0.08006793	-0.67477316
1899929.00000000	-0.05899500	-0.08906290	-0.67702261
1894929.00000000	-0.14027972	-0.09667056	-0.66860669
1889929.00000000	-0.22084268	-0.10171323	-0.64841119
1884929.00000000	-0.29655255	-0.10345407	-0.61743402
1879929.00000000	-0.36963278	-0.10195224	-0.57462872
1874929.00000000	-0.43452051	-0.09754202	-0.52366626
1869929.00000000	-0.49209604	-0.09130185	-0.46514169
1864929.00000000	-0.54191922	-0.08391354	-0.40073840
1859929.00000000	-0.58254205	-0.07643912	-0.33415308
1854929.00000000	-0.61700082	-0.06870471	-0.26107468
1849929.00000000	-0.64175366	-0.06135321	-0.18945609
1844929.00000000	-0.65942038	-0.05324127	-0.11144540
1839929.00000000	-0.66779196	-0.04438626	-0.03208365
1834929.00000000	-0.66636426	-0.03475018	0.04744510
1829929.00000000	-0.65382758	-0.02359930	0.13087021
1824929.00000000	-0.62975949	-0.01202698	0.21296140
1819929.00000000	-0.59490057	-0.00094540	0.29114453
1814929.00000000	-0.54868506	0.00945178	0.36647250
1809929.00000000	-0.49497348	0.01831607	0.43329166
1804929.00000000	-0.43448254	0.02576935	0.49236035
1799929.00000000	-0.36821118	0.03218137	0.54346741
1794929.00000000	-0.29945914	0.03772110	0.58510553
1789929.00000000	-0.22627216	0.04302646	0.61949704
1784929.00000000	-0.15176816	0.04822021	0.64543787
1779929.00000000	-0.07473160	0.05367416	0.66389542
1774929.00000000	0.00720874	0.05960367	0.67423642
1769929.00000000	0.08469168	0.06545209	0.67507184
1764929.00000000	0.16792352	0.07154608	0.66539008
1759929.00000000	0.24473038	0.07692709	0.64544672
1754929.00000000	0.31841199	0.08161163	0.61440955
1749929.00000000	0.38938904	0.08499677	0.57109631
1744929.00000000	0.45013528	0.08650024	0.52073825
1739929.00000000	0.50483353	0.08632047	0.46120444
1734929.00000000	0.55069873	0.08484564	0.39677756
1729929.00000000	0.58852432	0.08254324	0.32818396
1724929.00000000	0.61886914	0.07975146	0.25540982
1719929.00000000	0.64105557	0.07674939	0.18133850
1714929.00000000	0.65570435	0.07308401	0.10312961
1709929.00000000	0.66189621	0.06821689	0.02230203
1704929.00000000	0.65894727	0.06175150	-0.05953244
1699929.00000000	0.64567798	0.05279501	-0.14510263
1694929.00000000	0.62213672	0.04168582	-0.22751636
1689929.00000000	0.58892575	0.02897995	-0.30533960
1684929.00000000	0.54493448	0.01466061	-0.37961365
1679929.00000000	0.49326868	0.00070596	-0.44464166
1674929.00000000	0.43489062	-0.01247403	-0.50100949
1669929.00000000	0.37039410	-0.02417822	-0.54919107
1664929.00000000	0.30345712	-0.03470630	-0.58789832
1659929.00000000	0.23096838	-0.04474072	-0.61974008
1654929.00000000	0.15726804	-0.05428940	-0.64308539
1649929.00000000	0.07884875	-0.06421887	-0.65884097
1644929.00000000	-0.00137109	-0.07382376	-0.66569595
1639929.00000000	-0.08228281	-0.08291437	-0.66280310
1634929.00000000	-0.16551114	-0.09082114	-0.64877676
1629929.00000000	-0.24523776	-0.09635019	-0.62398517
1624929.00000000	-0.32310596	-0.09917337	-0.58757324
1619929.00000000	-0.39378818	-0.09914740	-0.54199576
1614929.00000000	-0.45680716	-0.09681845	-0.48876398
1609929.00000000	-0.51306726	-0.09285251	-0.42779300
1604929.00000000	-0.55946652	-0.08814532	-0.36370569
1599929.00000000	-0.59874759	-0.08294235	-0.29390497
1594929.00000000	-0.62889307	-0.07780466	-0.22342352
1589929.00000000	-0.65157214	-0.07235712	-0.14891577
1584929.00000000	-0.66603583	-0.06634070	-0.07103989
1579929.00000000	-0.67153110	-0.05910852	0.00841928
1574929.00000000	-0.66755115	-0.04986453	0.09069040
1569929.00000000	-0.65302563	-0.03859280	0.17405350
1564929.00000000	-0.62842926	-0.02595523	0.25337860
1559929.00000000	-0.59236783	-0.01182205	0.33089456
1554929.00000000	-0.54750699	0.00197018	0.40056470
1549929.00000000	-0.49447110	0.01474088	0.46230933
1544929.00000000	-0.43518066	0.02607031	0.51566302
1539929.00000000	-0.37164240	0.03519122	0.56055954
1534929.00000000	-0.30242395	0.04329019	0.59892688
1529929.00000000	-0.23071252	0.05074396	0.62919354
1524929.00000000	-0.15749509	0.05791006	0.65155087
1519929.00000000	-0.07754868	0.06573410	0.66656604
1514929.00000000	-0.00041150	0.07293039	0.67215128
1509929.00000000	0.08259058	0.08028745	0.66807407
1504929.00000000	0.16285605	0.08644739	0.65390903
1499929.00000000	0.24252286	0.09129739	0.62906454
1494929.00000000	0.32103842	0.09453537	0.59317841
1489929.00000000	0.39279822	0.09574829	0.54889798
1484929.00000000	0.45857166	0.09509772	0.49641641
1479929.00000000	0.51644928	0.09255594	0.43757550
1474929.00000000	0.56521381	0.08927985	0.37499097
1469929.00000000	0.60677960	0.08552994	0.30690598
1464929.00000000	0.63947220	0.08125076	0.23694315
1459929.00000000	0.66417355	0.07530777	0.16634045
1454929.00000000	0.68160556	0.06939093	0.08892905
1449929.00000000	0.68989395	0.06197827	0.00961752
1444929.00000000	0.68814291	0.05207501	-0.07341226
1439929.00000000	0.67500391	0.03969574	-0.15714313
1434929.00000000	0.65092487	0.02598111	-0.23630994
1429929.00000000	0.61398376	0.01065121	-0.31546097
1424929.00000000	0.56959824	-0.00394202	-0.38374661
1419929.00000000	0.51398917	-0.01752917	-0.44885214
1414929.00000000	0.45242096	-0.02902661	-0.50487039
1409929.00000000	0.38622980	-0.03929224	-0.55207562
1404929.00000000	0.31515762	-0.04852625	-0.59155450
1399929.00000000	0.24172855	-0.05724487	-0.62277103
1394929.00000000	0.16498621	-0.06607678	-0.64611865
1389929.00000000	0.08525818	-0.07531033	-0.66111865
1384929.00000000	0.00363077	-0.08448285	-0.66700595
1379929.00000000	-0.08182162	-0.09309634	-0.66280414
1374929.00000000	-0.16665341	-0.09992484	-0.64771136
1369929.00000000	-0.24963577	-0.10382193	-0.62133820
1364929.00000000	-0.33023816	-0.10444751	-0.58342630
1359929.00000000	-0.40368915	-0.10184976	-0.53638437
1354929.00000000	-0.46865796	-0.09669626	-0.48187866
1349929.00000000	-0.52612125	-0.08989169	-0.42011783
1344929.00000000	-0.57288370	-0.08249249	-0.35593552
1339929.00000000	-0.61271518	-0.07481012	-0.28583786
1334929.00000000	-0.64362750	-0.06729938	-0.21376968
1329929.00000000	-0.66678540	-0.05931345	-0.13702228
1324929.00000000	-0.68108340	-0.05045453	-0.05792050
1319929.00000000	-0.68573972	-0.04075378	0.02394815
1314929.00000000	-0.67955707	-0.02976248	0.10888309
1309929.00000000	-0.66225323	-0.01811957	0.19179535
1304929.00000000	-0.63312891	-0.00618369	0.27381137
1299929.00000000	-0.59345850	0.00498138	0.35032416
1294929.00000000	-0.54498978	0.01456854	0.41969989
1289929.00000000	-0.48771234	0.02269937	0.48260645
1284929.00000000	-0.42640128	0.02906793	0.53547849
1279929.00000000	-0.35834296	0.03464755	0.58202151
1274929.00000000	-0.28817526	0.03965186	0.61946585
1269929.00000000	-0.21354926	0.04468848	0.64971994
1264929.00000000	-0.13601028	0.05017798	0.67186536
1259929.00000000	-0.05568326	0.05584958	0.68536777
1254929.00000000	0.02815973	0.06164258	0.68952890
1249929.00000000	0.11386856	0.06702936	0.68298621
1244929.00000000	0.19801736	0.07113239	0.66554456
1239929.00000000	0.28122025	0.07364883	0.63653482
1234929.00000000	0.35827591	0.07396390	0.59784827
1229929.00000000	0.42848285	0.07228424	0.55015973
1224929.00000000	0.49109036	0.06933667	0.49455295
1219929.00000000	0.54373480	0.06563501	0.43427356
1214929.00000000	0.58809302	0.06139905	0.36901855
1209929.00000000	0.62397614	0.05715488	0.30013849
1204929.00000000	0.65136459	0.05309125	0.22865759
1199929.00000000	0.67097464	0.04873373	0.15199625
1194929.00000000	0.68111948	0.04408319	0.07598959
1189929.00000000	0.68220892	0.03874936	-0.00518558
1184929.00000000	0.67275525	0.03275781	-0.08828329
1179929.00000000	0.65287732	0.02611780	-0.16998077
1174929.00000000	0.62195563	0.01851981	-0.25119867
1169929.00000000	0.58216367	0.01113596	-0.32668216
1164929.00000000	0.53306595	0.00343723	-0.39738461
1159929.00000000	0.47669781	-0.00442041	-0.46018509
1154929.00000000	0.41606024	-0.01186728	-0.51307208
1149929.00000000	0.34915222	-0.01919678	-0.55897504
1144929.00000000	0.27958939	-0.02594843	-0.59602316
1139929.00000000	0.20539029	-0.03255075	-0.62617059
1134929.00000000	0.12709723	-0.03932089	-0.64898502
1129929.00000000	0.04804120	-0.04536554	-0.66312228
1124929.00000000	-0.03615024	-0.05117279	-0.66852936
1119929.00000000	-0.11827759	-0.05590338	-0.66367917
1114929.00000000	-0.20164105	-0.05953088	-0.64717697
1109929.00000000	-0.27870959	-0.06183896	-0.62007950
1104929.00000000	-0.35056116	-0.06280811	-0.58223315
1099929.00000000	-0.41655637	-0.06276752	-0.53444955
1094929.00000000	-0.47458643	-0.06172034	-0.47862881
1089929.00000000	-0.52408002	-0.06004929	-0.41748550
1084929.00000000	-0.56648172	-0.05785504	-0.35026501
1079929.00000000	-0.60001050	-0.05555484	-0.28112851
1074929.00000000	-0.62615176	-0.05314493	-0.20740140
1069929.00000000	-0.64407294	-0.05078305	-0.12982541
1064929.00000000	-0.65303656	-0.04835782	-0.04978912
1059929.00000000	-0.65262988	-0.04543964	0.03512903
1054929.00000000	-0.64218433	-0.04193079	0.12041635
1049929.00000000	-0.62179752	-0.03737991	0.20565622
1044929.00000000	-0.58965546	-0.03094229	0.29255063
1039929.00000000	-0.55070120	-0.02344067	0.36817130
1034929.00000000	-0.50104816	-0.01453922	0.44048288
1029929.00000000	-0.44637817	-0.00553973	0.50177362
1024929.00000000	-0.38562967	0.00341187	0.55499438
1019929.00000000	-0.31894650	0.01202652	0.60071744
1014929.00000000	-0.25079758	0.02013290	0.63718845
1009929.00000000	-0.17773444	0.02815430	0.66710184
1004929.00000000	-0.10206775	0.03621329	0.68923505
999929.00000000	-0.02448053	0.04453015	0.70308676
994929.00000000	0.05688052	0.05322046	0.70812372
989929.00000000	0.13619769	0.06141449	0.70257770
984929.00000000	0.21698657	0.06892548	0.68522986
979929.00000000	0.29334732	0.07473746	0.65653195
974929.00000000	0.36411926	0.07824500	0.61707895
969929.00000000	0.43031808	0.07944370	0.56676642
964929.00000000	0.48779700	0.07856586	0.50934131
959929.00000000	0.53700223	0.07636804	0.44683118
954929.00000000	0.57995078	0.07324036	0.37707144
949929.00000000	0.61334808	0.06985950	0.30691464
944929.00000000	0.64015939	0.06600363	0.23032275
939929.00000000	0.65821396	0.06169943	0.15188623
934929.00000000	0.66746667	0.05664169	0.07228424
929929.00000000	0.66738092	0.04955756	-0.01701428
924929.00000000	0.65680823	0.04120062	-0.10266858
919929.00000000	0.63556140	0.03139404	-0.18837955
914929.00000000	0.60262454	0.02031055	-0.27390063
909929.00000000	0.56352997	0.00983774	-0.34697812
904929.00000000	0.51016324	-0.00173221	-0.42170032
899929.00000000	0.45401364	-0.01150348	-0.48194092
894929.00000000	0.39371704	-0.02018216	-0.53290601
889929.00000000	0.32372147	-0.02852698	-0.57938141
884929.00000000	0.25412640	-0.03573914	-0.61502768
879929.00000000	0.17852249	-0.04260712	-0.64404666
874929.00000000	0.10047354	-0.04922824	-0.66461118
869929.00000000	0.02206339	-0.05543002	-0.67597714
864929.00000000	-0.06239783	-0.06133240	-0.67795407
859929.00000000	-0.14424799	-0.06615155	-0.66904733
854929.00000000	-0.22711224	-0.06958792	-0.64819174
849929.00000000	-0.30388406	-0.07129303	-0.61732724
844929.00000000	-0.37544720	-0.07116791	-0.57615305
839929.00000000	-0.44106256	-0.06968530	-0.52559555
834929.00000000	-0.49741116	-0.06688989	-0.46902484
829929.00000000	-0.54669656	-0.06372705	-0.40558221
824929.00000000	-0.58707504	-0.06050757	-0.33874036
819929.00000000	-0.61960303	-0.05741376	-0.26825034
814929.00000000	-0.64506427	-0.05385220	-0.19204745
809929.00000000	-0.66171191	-0.04960266	-0.11482745
804929.00000000	-0.66989670	-0.04466727	-0.02943320
799929.00000000	-0.66829489	-0.03926562	0.05214093
794929.00000000	-0.65655902	-0.03213232	0.13809647
789929.00000000	-0.63451376	-0.02344879	0.22235095
784929.00000000	-0.60380228	-0.01440036	0.29946463
779929.00000000	-0.56189774	-0.00430469	0.37473016
774929.00000000	-0.51303082	0.00538596	0.44000241
769929.00000000	-0.45720609	0.01453918	0.49724872
764929.00000000	-0.39520071	0.02270160	0.54668341
759929.00000000	-0.32999231	0.02982529	0.58707730
754929.00000000	-0.25898431	0.03617880	0.62090411
749929.00000000	-0.18519342	0.04209872	0.64649939
744929.00000000	-0.10777679	0.04767978	0.66424561
739929.00000000	-0.02495401	0.05307767	0.67371854
734929.00000000	0.05884607	0.05756259	0.67353506
729929.00000000	0.14486145	0.06077533	0.66274316
724929.00000000	0.23020776	0.06225653	0.64090210
719929.00000000	0.30874484	0.06195166	0.60964859
714929.00000000	0.38684924	0.05977081	0.56550589
709929.00000000	0.45282919	0.05593365	0.51532678
704929.00000000	0.51037946	0.05159085	0.45861444
699929.00000000	0.56096259	0.04679248	0.39465094
694929.00000000	0.60094876	0.04199628	0.33008954
689929.00000000	0.63512720	0.03643771	0.25837518
684929.00000000	0.66064352	0.03053143	0.18427927
679929.00000000	0.67760324	0.02439111	0.10717416
674929.00000000	0.68523059	0.01747769	0.02570679
669929.00000000	0.68227252	0.00937473	-0.05701865
664929.00000000	0.66739273	0.00092505	-0.14295514
659929.00000000	0.64089026	-0.00827469	-0.22663141
654929.00000000	0.60347794	-0.01646127	-0.30608908
649929.00000000	0.55523718	-0.02458151	-0.38143488
644929.00000000	0.49967316	-0.03239722	-0.44788748
639929.00000000	0.43710397	-0.03899548	-0.50668250
634929.00000000	0.36914133	-0.04484064	-0.55702094
629929.00000000	0.29746783	-0.05109912	-0.59847638
624929.00000000	0.22169250	-0.05622021	-0.63197021
619929.00000000	0.14120465	-0.06147220	-0.65756833
614929.00000000	0.05825232	-0.06619827	-0.67407239
609929.00000000	-0.02801089	-0.07000375	-0.68112842
604929.00000000	-0.11466397	-0.07231155	-0.67781586
599929.00000000	-0.20335855	-0.07232825	-0.66269736
594929.00000000	-0.28607990	-0.06969266	-0.63673947
589929.00000000	-0.36322052	-0.06453674	-0.60045746
584929.00000000	-0.43272705	-0.05735147	-0.55476123
579929.00000000	-0.49323767	-0.04926532	-0.50174933
574929.00000000	-0.54752103	-0.04024484	-0.44016998
569929.00000000	-0.59066382	-0.03175272	-0.37701465
564929.00000000	-0.62867316	-0.02324606	-0.30449039
559929.00000000	-0.65668188	-0.01483832	-0.23115100
554929.00000000	-0.67560886	-0.00605817	-0.15660330
549929.00000000	-0.68605045	0.00394012	-0.07465714
544929.00000000	-0.68599979	0.01427640	0.00643124
539929.00000000	-0.67497739	0.02498886	0.09170404
534929.00000000	-0.65323459	0.03492154	0.17539233
529929.00000000	-0.62136316	0.04447952	0.25579669
524929.00000000	-0.58002011	0.05310596	0.33190387
519929.00000000	-0.53153302	0.06022806	0.40034668
514929.00000000	-0.47706155	0.06594907	0.46058829
509929.00000000	-0.41623026	0.07045660	0.51389273
504929.00000000	-0.35238766	0.07406989	0.55785849
499929.00000000	-0.28411487	0.07723016	0.59438928
494929.00000000	-0.21309039	0.08024545	0.62298068
489929.00000000	-0.13883740	0.08297018	0.64378461
484929.00000000	-0.05833838	0.08529837	0.65679703
479929.00000000	0.02440796	0.08630606	0.66048343
474929.00000000	0.10966446	0.08551230	0.65421869
469929.00000000	0.19751245	0.08208191	0.63667206
464929.00000000	0.27639893	0.07579538	0.61103110
459929.00000000	0.35563681	0.06646185	0.57446506
454929.00000000	0.42501614	0.05576990	0.53164691
449929.00000000	0.48741507	0.04438492	0.48205286
444929.00000000	0.54251620	0.03304874	0.42642014
439929.00000000	0.58850864	0.02261649	0.36744553
434929.00000000	0.62722626	0.01280417	0.30364520
429929.00000000	0.65701163	0.00334622	0.23808139
424929.00000000	0.67852557	-0.00591196	0.16859052
419929.00000000	0.69058121	-0.01598181	0.09550684
414929.00000000	0.69183209	-0.02676175	0.02310748
409929.00000000	0.68162015	-0.03724942	-0.05269751
404929.00000000	0.65975848	-0.04647226	-0.12770218
399929.00000000	0.62697232	-0.05441196	-0.20010040
394929.00000000	0.58311130	-0.06052472	-0.27016928
389929.00000000	0.53070386	-0.06465802	-0.33344757
384929.00000000	0.47226935	-0.06710614	-0.38765244
379929.00000000	0.40686133	-0.06826526	-0.43373547
374929.00000000	0.33904233	-0.06820999	-0.46905197
369929.00000000	0.26367984	-0.06747122	-0.49620190
364929.00000000	0.18745004	-0.06602884	-0.51292258
359929.00000000	0.10235532	-0.05993103	-0.52240012
354929.00000000	0.01897833	-0.05746820	-0.52253940
349929.00000000	-0.06226785	-0.05363171	-0.51620023
344929.00000000	-0.14325043	-0.04896140	-0.50441885
339929.00000000	-0.21907068	-0.04308145	-0.48760764
334929.00000000	-0.29030179	-0.03387173	-0.46383691
329929.00000000	-0.37668518	-0.00478900	-0.41353299
324929.00000000	-0.42802792	0.00314792	-0.37578354
319929.00000000	-0.46937427	0.01059137	-0.33263571
314929.00000000	-0.49867584	0.01685480	-0.28707184
309929.00000000	-0.51654437	0.02226068	-0.23925235
304929.00000000	-0.52067175	0.02605032	-0.19646310
299929.00000000	-0.51288367	0.02934409	-0.15519891
294929.00000000	-0.49506122	0.03198312	-0.11794049
289929.00000000	-0.46836227	0.03414957	-0.08337128
284929.00000000	-0.43547693	0.03588123	-0.05088797
279929.00000000	-0.39670297	0.03727008	-0.01930850
274929.00000000	-0.35500891	0.03810507	0.01012140
269929.00000000	-0.30876297	0.03796930	0.03773740
264929.00000000	-0.25888559	0.03630249	0.06148648
259929.00000000	-0.20634100	0.03279865	0.08048404
254929.00000000	-0.15184442	0.02744095	0.09497543
249929.00000000	-0.09986243	0.02112170	0.10412103
244929.00000000	-0.05179129	0.01455460	0.10908466
239929.00000000	-0.00945609	0.00873862	0.11089194
234929.00000000	0.02592599	0.00442270	0.11055386
229929.00000000	0.05662994	0.00159052	0.10884232
224929.00000000	0.08082617	0.00018677	0.10663037
219929.00000000	0.10141086	-0.00052261	0.10418707
214929.00000000	0.11733575	-0.00110489	0.10130722
209929.00000000	0.12821655	-0.00199579	0.09776791
204929.00000000	0.13328760	-0.00330450	0.09313184
199929.00000000	0.13207227	-0.00487878	0.08754489
194929.00000000	0.12555460	-0.00623260	0.08096323
189929.00000000	0.11527612	-0.00713730	0.07381027
184929.00000000	0.10347958	-0.00741312	0.06656067
179929.00000000	0.09123676	-0.00718298	0.05947385
174929.00000000	0.07988022	-0.00666000	0.05307376
169929.00000000	0.06982812	-0.00596820	0.04742700
164929.00000000	0.06074701	-0.00525250	0.04243796
159929.00000000	0.05324933	-0.00457169	0.03809729
154929.00000000	0.04673264	-0.00400763	0.03428824
149929.00000000	0.04114343	-0.00346445	0.03091763
144929.00000000	0.03657172	-0.00302835	0.02811890
139929.00000000	0.03239862	-0.00256735	0.02548859
134929.00000000	0.02903891	-0.00227222	0.02322604
129929.00000000	0.02610748	-0.00196695	0.02126709
