8060619.00000000	0.00566025	0.00047342	0.01645169
8055619.00000000	0.00576340	0.00055307	0.01795023
8050619.00000000	0.00605112	0.00055383	0.01964374
8045619.00000000	0.00637888	0.00057187	0.02148312
8040619.00000000	0.00672992	0.00059949	0.02348624
8035619.00000000	0.00712625	0.00064880	0.02570981
8030619.00000000	0.00749057	0.00070050	0.02816858
8025619.00000000	0.00790955	0.00074530	0.03108060
8020619.00000000	0.00834015	0.00076239	0.03438788
8015619.00000000	0.00879306	0.00082797	0.03813376
8010619.00000000	0.00926242	0.00085309	0.04257977
8005619.00000000	0.00970627	0.00088239	0.04747852
8000619.00000000	0.01017746	0.00093002	0.05346948
7995619.00000000	0.01062857	0.00092255	0.06032278
7990619.00000000	0.01106146	0.00095251	0.06836514
7985619.00000000	0.01133972	0.00094968	0.07790640
7980619.00000000	0.01155176	0.00089182	0.08882391
7975619.00000000	0.01165939	0.00082565	0.10163876
7970619.00000000	0.01177884	0.00065393	0.11566306
7965619.00000000	0.01202841	0.00037463	0.13050552
7960619.00000000	0.01281052	-0.00006332	0.14502588
7955619.00000000	0.01453842	-0.00058673	0.15686130
7950619.00000000	0.01765192	-0.00105292	0.16435138
7945619.00000000	0.02252933	-0.00126678	0.16554083
7940619.00000000	0.02934015	-0.00116113	0.16002179
7935619.00000000	0.03817896	-0.00088617	0.14830988
7930619.00000000	0.04871188	-0.00053842	0.13181567
7925619.00000000	0.06116803	-0.00038440	0.11088843
7920619.00000000	0.07562714	-0.00065509	0.08536282
7915619.00000000	0.09193521	-0.00155032	0.05518564
7910619.00000000	0.11047006	-0.00303812	0.01862152
7905619.00000000	0.13019577	-0.00503421	-0.02331622
7900619.00000000	0.15046982	-0.00711505	-0.07070203
7895619.00000000	0.16947192	-0.00898575	-0.12191342
7890619.00000000	0.18471686	-0.00970294	-0.17384598
7885619.00000000	0.19500116	-0.00926315	-0.22726257
7880619.00000000	0.19906250	-0.00804532	-0.27869485
7875619.00000000	0.19723050	-0.00660605	-0.32830399
7870619.00000000	0.19015778	-0.00551376	-0.37641696
7865619.00000000	0.17880389	-0.00485413	-0.42127301
7860619.00000000	0.16253699	-0.00467801	-0.46331058
7855619.00000000	0.14068503	-0.00460660	-0.49963434
7850619.00000000	0.11156448	-0.00425211	-0.52928769
7845619.00000000	0.07345892	-0.00343915	-0.55155835
7840619.00000000	0.02804031	-0.00222824	-0.56454532
7835619.00000000	-0.02575327	-0.00077689	-0.56808795
7830619.00000000	-0.08316260	0.00105963	-0.56127173
7825619.00000000	-0.14259946	0.00330695	-0.54379486
7820619.00000000	-0.20391235	0.00584631	-0.51504135
7815619.00000000	-0.26270801	0.00830344	-0.47710526
7810619.00000000	-0.32069485	0.01081039	-0.42988284
7805619.00000000	-0.37565173	0.01327560	-0.37637839
7800619.00000000	-0.42767926	0.01548657	-0.31751367
7795619.00000000	-0.47637030	0.01733508	-0.25342426
7790619.00000000	-0.51815482	0.01891824	-0.18753998
7785619.00000000	-0.55285327	0.02018997	-0.11833600
7780619.00000000	-0.57900446	0.02051016	-0.04583972
7775619.00000000	-0.59542432	0.02046405	0.02818454
7770619.00000000	-0.60202795	0.01992499	0.10630649
7765619.00000000	-0.59812637	0.01885202	0.18576895
7760619.00000000	-0.58400772	0.01710156	0.26582425
7755619.00000000	-0.55893307	0.01455609	0.34743082
7750619.00000000	-0.52419241	0.01154120	0.42450061
7745619.00000000	-0.47828729	0.00852649	0.49817001
7740619.00000000	-0.42390143	0.00601468	0.56284167
7735619.00000000	-0.36227066	0.00398962	0.61775446
7730619.00000000	-0.29327136	0.00233142	0.66348376
7725619.00000000	-0.22235123	0.00076382	0.69824338
7720619.00000000	-0.14661548	0.00094415	0.72439056
7715619.00000000	-0.06824472	-0.00039444	0.74201340
7710619.00000000	0.01154810	-0.00184482	0.75062976
7705619.00000000	0.09638507	-0.00344623	0.75027921
7700619.00000000	0.17981375	-0.00512402	0.74022491
7695619.00000000	0.26561230	-0.00729678	0.71870273
7690619.00000000	0.35090750	-0.00932266	0.68457892
7685619.00000000	0.42939255	-0.01140381	0.63971768
7680619.00000000	0.50325589	-0.01345337	0.58234421
7675619.00000000	0.56624869	-0.01535510	0.51743387
7670619.00000000	0.61971536	-0.01699869	0.44516644
7665619.00000000	0.66386316	-0.01791693	0.36662881
7660619.00000000	0.69693683	-0.01860916	0.28774030
7655619.00000000	0.72196857	-0.01921964	0.20367233
7650619.00000000	0.73756580	-0.01989709	0.11981863
7645619.00000000	0.74439603	-0.02052704	0.03461255
7640619.00000000	0.74182465	-0.02127106	-0.05360046
7635619.00000000	0.72924823	-0.02233313	-0.14116095
7630619.00000000	0.70474911	-0.02380527	-0.23165350
7625619.00000000	0.66890112	-0.02503162	-0.31912161
7620619.00000000	0.62226999	-0.02542621	-0.40164072
7615619.00000000	0.56383359	-0.02499911	-0.48011975
7610619.00000000	0.49834567	-0.02387784	-0.54854141
7605619.00000000	0.42481332	-0.02122391	-0.60799063
7600619.00000000	0.34705014	-0.01815039	-0.65623148
7595619.00000000	0.26798508	-0.01482193	-0.69333313
7590619.00000000	0.18355927	-0.01140759	-0.72171130
7585619.00000000	0.10028702	-0.00826608	-0.73997513
7580619.00000000	0.01404413	-0.00466068	-0.74957037
7575619.00000000	-0.07538705	-0.00034967	-0.74945200
7570619.00000000	-0.16298306	0.00447830	-0.73918460
7565619.00000000	-0.25444238	0.01007874	-0.71649323
7560619.00000000	-0.34225143	0.01630472	-0.68170352
7555619.00000000	-0.42480313	0.02208258	-0.63499435
7550619.00000000	-0.50191995	0.02733389	-0.57582288
7545619.00000000	-0.56673535	0.03133862	-0.50999536
7540619.00000000	-0.62258469	0.03402332	-0.43553757
7535619.00000000	-0.66657874	0.03552203	-0.35768311
7530619.00000000	-0.70012729	0.03630539	-0.27726068
7525619.00000000	-0.72439304	0.03670023	-0.19296069
7520619.00000000	-0.73894284	0.03741388	-0.10842780
7515619.00000000	-0.74416910	0.03812094	-0.01941977
7510619.00000000	-0.73895380	0.03895123	0.07219797
7505619.00000000	-0.72282193	0.03926389	0.16351938
7500619.00000000	-0.69419229	0.03898785	0.25758792
7495619.00000000	-0.65424036	0.03711276	0.34775992
7490619.00000000	-0.60224179	0.03363138	0.43440494
7485619.00000000	-0.54081580	0.02876379	0.51251379
7480619.00000000	-0.47324332	0.02347998	0.57856644
7475619.00000000	-0.39875250	0.01815527	0.63410526
7470619.00000000	-0.32173856	0.01331616	0.67718756
7465619.00000000	-0.24209537	0.00916495	0.70933981
7460619.00000000	-0.15957648	0.00567087	0.73167697
7455619.00000000	-0.07806393	0.00237814	0.74400211
7450619.00000000	0.00922043	-0.00104514	0.74686060
7445619.00000000	0.09579001	-0.00488031	0.73925952
7440619.00000000	0.18319324	-0.00915924	0.72039392
7435619.00000000	0.27255276	-0.01414316	0.68870157
7430619.00000000	0.35699847	-0.01920636	0.64615903
7425619.00000000	0.43878281	-0.02391702	0.59134598
7420619.00000000	0.51207587	-0.02805780	0.52821487
7415619.00000000	0.57528528	-0.03137909	0.45876221
7410619.00000000	0.62882590	-0.03412585	0.38300449
7405619.00000000	0.67082489	-0.03602771	0.30557565
7400619.00000000	0.70321155	-0.03723557	0.22470996
7395619.00000000	0.72572479	-0.03793927	0.14280569
7390619.00000000	0.73885855	-0.03871902	0.05997394
7385619.00000000	0.74271869	-0.03982419	-0.02772607
7380619.00000000	0.73607214	-0.04052203	-0.11442957
7375619.00000000	0.71792380	-0.04017007	-0.20348032
7370619.00000000	0.68713251	-0.03864835	-0.29297302
7365619.00000000	0.64477817	-0.03586499	-0.37811877
7360619.00000000	0.58901520	-0.03162149	-0.46118152
7355619.00000000	0.52589798	-0.02579855	-0.53299939
7350619.00000000	0.45524640	-0.01941669	-0.59514893
7345619.00000000	0.37865201	-0.01337259	-0.64689655
7340619.00000000	0.30159985	-0.00834323	-0.68617365
7335619.00000000	0.22027899	-0.00396188	-0.71611215
7330619.00000000	0.13919931	-0.00008530	-0.73579248
7325619.00000000	0.05663943	0.00362106	-0.74626724
7320619.00000000	-0.02917004	0.00733322	-0.74729501
7315619.00000000	-0.11368213	0.01096405	-0.73788455
7310619.00000000	-0.20055502	0.01468948	-0.71655209
7305619.00000000	-0.28685443	0.01860181	-0.68292017
7300619.00000000	-0.36897397	0.02223352	-0.63784305
7295619.00000000	-0.44773175	0.02545065	-0.58097125
7290619.00000000	-0.51762854	0.02802905	-0.51694827
7285619.00000000	-0.57977658	0.02980508	-0.44534796
7280619.00000000	-0.63170050	0.03105945	-0.36934756
7275619.00000000	-0.67266266	0.03184863	-0.29204535
7270619.00000000	-0.70499640	0.03235544	-0.21033441
7265619.00000000	-0.72743097	0.03246014	-0.12915005
7260619.00000000	-0.74113412	0.03270184	-0.04538504
7255619.00000000	-0.74558167	0.03317514	0.04106226
7250619.00000000	-0.74002518	0.03416901	0.12692017
7245619.00000000	-0.72267590	0.03490842	0.21673560
7240619.00000000	-0.69332861	0.03518964	0.30461890
7235619.00000000	-0.65183377	0.03458362	0.38879327
7230619.00000000	-0.59916885	0.03285080	0.46736597
7225619.00000000	-0.53737292	0.03057953	0.53731039
7220619.00000000	-0.46655869	0.02731140	0.59868350
7215619.00000000	-0.39147903	0.02367957	0.64829312
7210619.00000000	-0.31412173	0.01984985	0.68657816
7205619.00000000	-0.23255231	0.01624857	0.71564560
7200619.00000000	-0.15107172	0.01319434	0.73487033
7195619.00000000	-0.06605008	0.01032935	0.74519031
7190619.00000000	0.02078467	0.00728595	0.74581546
7185619.00000000	0.10736743	0.00375320	0.73630740
7180619.00000000	0.19804303	-0.00099756	0.71484357
7175619.00000000	0.28599783	-0.00692490	0.68148215
7170619.00000000	0.37149646	-0.01384824	0.63599966
7165619.00000000	0.45254950	-0.02135913	0.57921848
7160619.00000000	0.52356265	-0.02841824	0.51555429
7155619.00000000	0.58702722	-0.03448145	0.44302307
7150619.00000000	0.63780887	-0.03903403	0.36874484
7145619.00000000	0.67848151	-0.04247955	0.29152164
7140619.00000000	0.70979755	-0.04554520	0.21077960
7135619.00000000	0.73106851	-0.04819806	0.13023944
7130619.00000000	0.74357697	-0.05066354	0.04542984
7125619.00000000	0.74617505	-0.05300244	-0.03985938
7120619.00000000	0.73823184	-0.05479050	-0.12770172
7115619.00000000	0.71814090	-0.05530383	-0.21801672
7110619.00000000	0.68612503	-0.05360342	-0.30598679
7105619.00000000	0.64186334	-0.04941714	-0.39151465
7100619.00000000	0.58618869	-0.04319983	-0.47189944
7095619.00000000	0.52319897	-0.03578650	-0.54179111
7090619.00000000	0.45153922	-0.02793796	-0.60295471
7085619.00000000	0.37736981	-0.02086414	-0.65131476
7080619.00000000	0.29926120	-0.01454642	-0.68948547
7075619.00000000	0.21853543	-0.00927032	-0.71766879
7070619.00000000	0.13775983	-0.00473746	-0.73604089
7065619.00000000	0.05242505	-0.00014468	-0.74546564
7060619.00000000	-0.03368475	0.00442435	-0.74487341
7055619.00000000	-0.12177573	0.00893027	-0.73336969
7050619.00000000	-0.21194928	0.01348254	-0.70977368
7045619.00000000	-0.29881052	0.01760818	-0.67501025
7040619.00000000	-0.38541403	0.02116074	-0.62747369
7035619.00000000	-0.46485013	0.02405179	-0.57084137
7030619.00000000	-0.53581796	0.02643182	-0.50637842
7025619.00000000	-0.59765756	0.02845135	-0.43441449
7020619.00000000	-0.64692294	0.02964825	-0.36036520
7015619.00000000	-0.68659854	0.03047046	-0.28167535
7010619.00000000	-0.71569684	0.03119345	-0.20168845
7005619.00000000	-0.73504568	0.03218246	-0.12058859
7000619.00000000	-0.74535980	0.03331805	-0.03509900
6995619.00000000	-0.74545425	0.03445847	0.05005585
6990619.00000000	-0.73435526	0.03591681	0.13893942
6985619.00000000	-0.71123038	0.03708911	0.22851666
6980619.00000000	-0.67632401	0.03739233	0.31564163
6975619.00000000	-0.62862100	0.03639105	0.40150076
6970619.00000000	-0.57143234	0.03396167	0.47924753
6965619.00000000	-0.50538947	0.03077908	0.54883334
6960619.00000000	-0.43254337	0.02759875	0.60805368
6955619.00000000	-0.35689981	0.02444299	0.65514041
6950619.00000000	-0.27603369	0.02174057	0.69279532
6945619.00000000	-0.19435342	0.01932010	0.72002954
6940619.00000000	-0.11110904	0.01720532	0.73786761
6935619.00000000	-0.02298721	0.01495282	0.74673007
6930619.00000000	0.06381137	0.01204312	0.74519495
6925619.00000000	0.15578329	0.00822821	0.73249631
6920619.00000000	0.24657040	0.00332419	0.70772348
6915619.00000000	0.33544571	-0.00216302	0.67051248
6910619.00000000	0.42086011	-0.00831113	0.62052078
6905619.00000000	0.49685501	-0.01383334	0.56147180
6900619.00000000	0.56465887	-0.01822763	0.49288248
6895619.00000000	0.62054126	-0.02158838	0.41921826
6890619.00000000	0.66509003	-0.02381915	0.34274310
6885619.00000000	0.70020255	-0.02532443	0.26194370
6880619.00000000	0.72508847	-0.02659317	0.18106854
6875619.00000000	0.74106400	-0.02815405	0.09768848
6870619.00000000	0.74759601	-0.03039471	0.01115878
6865619.00000000	0.74389905	-0.03241580	-0.07473154
6860619.00000000	0.72849252	-0.03449948	-0.16518018
6855619.00000000	0.70114554	-0.03621948	-0.25379602
6850619.00000000	0.66146274	-0.03745657	-0.34112628
6845619.00000000	0.60976221	-0.03835538	-0.42549130
6840619.00000000	0.55013635	-0.03784534	-0.50025165
6835619.00000000	0.48122699	-0.03652783	-0.56744128
6830619.00000000	0.40885757	-0.03480267	-0.62215424
6825619.00000000	0.33180991	-0.03302853	-0.66666275
6820619.00000000	0.25130560	-0.03095480	-0.70120993
6815619.00000000	0.16927850	-0.02905457	-0.72574976
6810619.00000000	0.08310788	-0.02692450	-0.74107318
6805619.00000000	-0.00467197	-0.02453003	-0.74649316
6800619.00000000	-0.09440698	-0.02095834	-0.74146390
6795619.00000000	-0.18611935	-0.01639719	-0.72473846
6790619.00000000	-0.27650772	-0.01060638	-0.69612717
6785619.00000000	-0.36531226	-0.00365872	-0.65472601
6780619.00000000	-0.44781735	0.00320541	-0.60249963
6775619.00000000	-0.52142056	0.00962781	-0.54152621
6770619.00000000	-0.58511014	0.01500739	-0.47317828
6765619.00000000	-0.63727899	0.01941339	-0.40016232
6760619.00000000	-0.67869171	0.02275696	-0.32379218
6755619.00000000	-0.70993140	0.02566321	-0.24485580
6750619.00000000	-0.73130185	0.02796689	-0.16556586
6745619.00000000	-0.74376105	0.03073276	-0.08252646
6740619.00000000	-0.74645364	0.03404349	0.00206714
6735619.00000000	-0.73857477	0.03849945	0.08863950
6730619.00000000	-0.71879312	0.04219443	0.17871350
6725619.00000000	-0.68748331	0.04552563	0.26683496
6720619.00000000	-0.64351617	0.04791409	0.35536371
6715619.00000000	-0.59019223	0.04840573	0.43715494
6710619.00000000	-0.52835495	0.04668073	0.51156577
6705619.00000000	-0.45894183	0.04318991	0.57718829
6700619.00000000	-0.38658527	0.03910748	0.63042117
6695619.00000000	-0.30971408	0.03486108	0.67350562
6690619.00000000	-0.23137775	0.03159973	0.70582486
6685619.00000000	-0.15110590	0.02848337	0.72857764
6680619.00000000	-0.06766168	0.02609689	0.74229089
6675619.00000000	0.01715958	0.02389880	0.74606512
6670619.00000000	0.10480688	0.02178439	0.73936304
6665619.00000000	0.19388858	0.01944165	0.72072562
6660619.00000000	0.28178821	0.01724619	0.69003992
6655619.00000000	0.36893323	0.01535324	0.64625818
6650619.00000000	0.44996310	0.01343384	0.59221909
6645619.00000000	0.52354395	0.01069174	0.52916513
6640619.00000000	0.58732098	0.00731833	0.45930804
6635619.00000000	0.63897018	0.00329858	0.38622971
6630619.00000000	0.68081009	-0.00084183	0.30802542
6625619.00000000	0.71137744	-0.00556396	0.22966830
6620619.00000000	0.73276016	-0.01031979	0.14839551
6615619.00000000	0.74485339	-0.01531009	0.06516229
6610619.00000000	0.74719949	-0.02103531	-0.01851682
6605619.00000000	0.73889890	-0.02751184	-0.10662091
6600619.00000000	0.71918298	-0.03432581	-0.19439178
6595619.00000000	0.68723746	-0.03985281	-0.28186621
6590619.00000000	0.64313034	-0.04331912	-0.36761676
6585619.00000000	0.58964545	-0.04488589	-0.44649393
6580619.00000000	0.52665424	-0.04482501	-0.51889664
6575619.00000000	0.45749210	-0.04307538	-0.58100665
6570619.00000000	0.38430600	-0.04056033	-0.63220395
6565619.00000000	0.30679416	-0.03790271	-0.67399307
6560619.00000000	0.22785132	-0.03552890	-0.70567221
6555619.00000000	0.14651447	-0.03303571	-0.72844150
6550619.00000000	0.06254083	-0.03063925	-0.74235117
6545619.00000000	-0.02277744	-0.02818826	-0.74690546
6540619.00000000	-0.11191791	-0.02561804	-0.74117325
6535619.00000000	-0.20181110	-0.02257669	-0.72437903
6530619.00000000	-0.29155344	-0.01862634	-0.69556061
6525619.00000000	-0.37926727	-0.01396436	-0.65475925
6520619.00000000	-0.45977521	-0.00901276	-0.60415942
6515619.00000000	-0.53328073	-0.00393454	-0.54328915
6510619.00000000	-0.59400500	0.00094641	-0.47746390
6505619.00000000	-0.64498758	0.00484799	-0.40508197
6500619.00000000	-0.68487216	0.00817960	-0.32932559
6495619.00000000	-0.71432858	0.01115848	-0.25220551
6490619.00000000	-0.73512708	0.01451401	-0.17134427
6485619.00000000	-0.74679614	0.01766364	-0.08864178
6480619.00000000	-0.74897653	0.02163708	-0.00627979
6475619.00000000	-0.74079160	0.02593573	0.08177704
6470619.00000000	-0.72103046	0.03093179	0.17102975
6465619.00000000	-0.68858411	0.03584549	0.26189972
6460619.00000000	-0.64436237	0.04027774	0.34983417
6455619.00000000	-0.59027612	0.04301651	0.43198209
6450619.00000000	-0.52643301	0.04466876	0.50811530
6445619.00000000	-0.45744254	0.04526453	0.57271909
6440619.00000000	-0.38303098	0.04425327	0.62743369
6435619.00000000	-0.30525027	0.04314297	0.67116232
6430619.00000000	-0.22687213	0.04200821	0.70391550
6425619.00000000	-0.14347440	0.04102243	0.72805331
6420619.00000000	-0.05922574	0.04010443	0.74217972
6415619.00000000	0.02838010	0.03881772	0.74661313
6410619.00000000	0.11815546	0.03681512	0.73991885
6405619.00000000	0.20875201	0.03373297	0.72130591
6400619.00000000	0.30099640	0.02919287	0.68935263
6395619.00000000	0.38734933	0.02372119	0.64611520
6390619.00000000	0.46763983	0.01767273	0.59224316
6385619.00000000	0.53945755	0.01083704	0.52925858
6380619.00000000	0.59930344	0.00377414	0.46086349
6375619.00000000	0.64844870	-0.00277460	0.38690369
6370619.00000000	0.68592654	-0.00857770	0.31143671
6365619.00000000	0.71378772	-0.01414880	0.23346487
6360619.00000000	0.73278369	-0.02012396	0.15095804
6355619.00000000	0.74210510	-0.02619531	0.06732123
6350619.00000000	0.74138763	-0.03320255	-0.01897675
6345619.00000000	0.72979208	-0.04082608	-0.10736261
6340619.00000000	0.70650754	-0.04828461	-0.19688773
6335619.00000000	0.67052283	-0.05529111	-0.28812845
6330619.00000000	0.62444464	-0.05931671	-0.37423065
6325619.00000000	0.56864377	-0.06039487	-0.45522079
6320619.00000000	0.50502258	-0.05893744	-0.52801913
6315619.00000000	0.43696774	-0.05575412	-0.58919943
6310619.00000000	0.36287744	-0.05111176	-0.64084537
6305619.00000000	0.28686926	-0.04659424	-0.68111774
6300619.00000000	0.20860657	-0.04222723	-0.71117853
6295619.00000000	0.12778741	-0.03839365	-0.73218069
6290619.00000000	0.04503003	-0.03499426	-0.74360175
6285619.00000000	-0.04280405	-0.03120477	-0.74511328
6280619.00000000	-0.13143756	-0.02748138	-0.73553796
6275619.00000000	-0.22095630	-0.02317157	-0.71394360
6270619.00000000	-0.31185992	-0.01808081	-0.67877890
6265619.00000000	-0.39659818	-0.01252118	-0.63293619
6260619.00000000	-0.47725073	-0.00692438	-0.57550940
6255619.00000000	-0.54801022	-0.00133130	-0.51006439
6250619.00000000	-0.60651541	0.00377960	-0.44020636
6245619.00000000	-0.65575961	0.00858609	-0.36380984
6240619.00000000	-0.69314963	0.01208582	-0.28675864
6235619.00000000	-0.72147076	0.01544833	-0.20575919
6230619.00000000	-0.74030667	0.01888083	-0.12343881
6225619.00000000	-0.75001605	0.02289600	-0.03913217
6220619.00000000	-0.74997760	0.02740033	0.04997110
6215619.00000000	-0.73896219	0.03228183	0.13908740
6210619.00000000	-0.71615924	0.03787695	0.22849982
6205619.00000000	-0.68060010	0.04291544	0.31777612
6200619.00000000	-0.63408401	0.04638058	0.40127438
6195619.00000000	-0.57585434	0.04814880	0.48010446
6190619.00000000	-0.51081906	0.04836472	0.54792960
6185619.00000000	-0.44085745	0.04752313	0.60462921
6180619.00000000	-0.36501196	0.04623883	0.65200058
6175619.00000000	-0.28734015	0.04538522	0.68878287
6170619.00000000	-0.20548273	0.04465515	0.71667847
6165619.00000000	-0.12173547	0.04446756	0.73518625
6160619.00000000	-0.03637292	0.04427545	0.74419757
6155619.00000000	0.05463391	0.04349146	0.74332239
6150619.00000000	0.14532544	0.04159314	0.73130145
6145619.00000000	0.23787836	0.03778336	0.70721118
6140619.00000000	0.32938345	0.03202429	0.67095502
6135619.00000000	0.41440002	0.02472406	0.62468243
6130619.00000000	0.49404758	0.01631479	0.56772046
6125619.00000000	0.56157971	0.00813989	0.50507211
6120619.00000000	0.61856650	0.00055051	0.43616776
6115619.00000000	0.66499612	-0.00598788	0.36278687
6110619.00000000	0.70048520	-0.01169397	0.28747351
6105619.00000000	0.72680859	-0.01706030	0.20829922
6100619.00000000	0.74335214	-0.02220609	0.12767374
6095619.00000000	0.75028125	-0.02801663	0.04423453
6090619.00000000	0.74647629	-0.03442438	-0.04289780
6085619.00000000	0.73101260	-0.04111926	-0.13017456
6080619.00000000	0.70230814	-0.04743286	-0.22095120
6075619.00000000	0.66146274	-0.05146481	-0.30995343
6070619.00000000	0.61019791	-0.05384778	-0.39468832
6065619.00000000	0.54925647	-0.05392078	-0.47452307
6060619.00000000	0.48362695	-0.05259821	-0.54310965
6055619.00000000	0.41164264	-0.05005801	-0.60311758
6050619.00000000	0.33690030	-0.04723352	-0.65182172
6045619.00000000	0.26164575	-0.04463531	-0.68919131
6040619.00000000	0.18169131	-0.04234863	-0.71803195
6035619.00000000	0.10125095	-0.04022229	-0.73681537
6030619.00000000	0.01769278	-0.03850864	-0.74577133
6025619.00000000	-0.06813211	-0.03699142	-0.74384930
6020619.00000000	-0.15387308	-0.03556494	-0.73008774
6015619.00000000	-0.24222678	-0.03437802	-0.70301596
6010619.00000000	-0.32723810	-0.03359705	-0.66429831
6005619.00000000	-0.40891885	-0.03295767	-0.61490067
6000619.00000000	-0.48566406	-0.03149164	-0.55621164
5995619.00000000	-0.55198154	-0.02881396	-0.49240436
5990619.00000000	-0.61024203	-0.02500775	-0.42162506
5985619.00000000	-0.65697574	-0.02079062	-0.34836505
5980619.00000000	-0.69382294	-0.01656796	-0.27189191
5975619.00000000	-0.72183658	-0.01226047	-0.19156030
5970619.00000000	-0.74047604	-0.00764459	-0.11030972
5965619.00000000	-0.75067319	-0.00235791	-0.02351672
5960619.00000000	-0.75108511	0.00416614	0.06523486
5955619.00000000	-0.74089478	0.01222174	0.15615210
5950619.00000000	-0.71861523	0.02154114	0.25004224
5945619.00000000	-0.68449777	0.03097211	0.34081198
5940619.00000000	-0.63818607	0.03976419	0.42725436
5935619.00000000	-0.58123938	0.04697229	0.50536081
5930619.00000000	-0.51634573	0.05168427	0.57197455
5925619.00000000	-0.44352292	0.05462872	0.62825391
5920619.00000000	-0.36779669	0.05570831	0.67192419
5915619.00000000	-0.28878323	0.05609445	0.70507285
5910619.00000000	-0.20699109	0.05600912	0.72819620
5905619.00000000	-0.12302527	0.05618033	0.74128366
5900619.00000000	-0.03465897	0.05645212	0.74388538
5895619.00000000	0.05524985	0.05654642	0.73488138
5890619.00000000	0.14698691	0.05602457	0.71396143
5885619.00000000	0.24250632	0.05402890	0.67990161
5880619.00000000	0.33237216	0.05050751	0.63620853
5875619.00000000	0.41954422	0.04546432	0.58223294
5870619.00000000	0.49671768	0.03942343	0.52232016
5865619.00000000	0.56387924	0.03282013	0.45679800
5860619.00000000	0.62036615	0.02634113	0.38619113
5855619.00000000	0.66472745	0.02082150	0.31405173
5850619.00000000	0.69957495	0.01592352	0.23796887
5845619.00000000	0.72480301	0.01106528	0.15949338
5840619.00000000	0.74068784	0.00651465	0.07868512
5835619.00000000	0.74694675	0.00113287	-0.00611157
5830619.00000000	0.74258246	-0.00504672	-0.09146991
5825619.00000000	0.72637189	-0.01226041	-0.17900784
5820619.00000000	0.69779630	-0.01968231	-0.26610153
5815619.00000000	0.65753775	-0.02690125	-0.35038165
5810619.00000000	0.60541974	-0.03291617	-0.43157208
5805619.00000000	0.54540503	-0.03766916	-0.50354010
5800619.00000000	0.47726202	-0.04062137	-0.56769391
5795619.00000000	0.40387857	-0.04248932	-0.62156918
5790619.00000000	0.32838974	-0.04344907	-0.66473691
5785619.00000000	0.24898471	-0.04397443	-0.69901910
5780619.00000000	0.16832724	-0.04422964	-0.72398868
5775619.00000000	0.08571536	-0.04466592	-0.74006705
5770619.00000000	-0.00060510	-0.04532059	-0.74672205
5765619.00000000	-0.08723138	-0.04563248	-0.74326852
5760619.00000000	-0.17768231	-0.04552722	-0.72850525
5755619.00000000	-0.26716504	-0.04451813	-0.70207394
5750619.00000000	-0.35378354	-0.04256256	-0.66456387
5745619.00000000	-0.43675516	-0.03926483	-0.61599963
5740619.00000000	-0.51026709	-0.03495294	-0.55983105
5735619.00000000	-0.57473343	-0.02945129	-0.49624091
5730619.00000000	-0.62813434	-0.02376859	-0.42774512
5725619.00000000	-0.67037378	-0.01835822	-0.35647110
5720619.00000000	-0.70412640	-0.01312436	-0.28049994
5715619.00000000	-0.72839420	-0.00834708	-0.20320828
5710619.00000000	-0.74440634	-0.00350647	-0.12199759
5705619.00000000	-0.75144016	0.00199695	-0.03739899
5700619.00000000	-0.74858453	0.00798822	0.04796698
5695619.00000000	-0.73434769	0.01452515	0.13879660
5690619.00000000	-0.70858160	0.02080698	0.22829568
5685619.00000000	-0.67027451	0.02618356	0.31776666
5680619.00000000	-0.62055533	0.03027539	0.40370853
5675619.00000000	-0.56252667	0.03294400	0.48107938
5670619.00000000	-0.49552539	0.03481412	0.55065015
5665619.00000000	-0.42428168	0.03596274	0.60850156
5660619.00000000	-0.34895944	0.03709952	0.65567789
5655619.00000000	-0.26941809	0.03848306	0.69319638
5650619.00000000	-0.18918433	0.04026672	0.72027051
5645619.00000000	-0.10335223	0.04242569	0.73850732
5640619.00000000	-0.01515848	0.04514600	0.74662268
5635619.00000000	0.07593784	0.04752054	0.74358505
5630619.00000000	0.17173404	0.04957928	0.72789566
5625619.00000000	0.26465958	0.05054871	0.69985858
5620619.00000000	0.35569052	0.04982977	0.65920316
5615619.00000000	0.44057764	0.04692932	0.60747559
5610619.00000000	0.51435767	0.04203238	0.54827850
5605619.00000000	0.57915701	0.03567523	0.48075662
5600619.00000000	0.63107803	0.02902652	0.41019299
5595619.00000000	0.67323203	0.02262915	0.33506717
5590619.00000000	0.70533707	0.01653787	0.25783701
5585619.00000000	0.72811768	0.01070117	0.17898123
5580619.00000000	0.74223709	0.00464987	0.09542053
5575619.00000000	0.74644858	-0.00185922	0.01141055
5570619.00000000	0.74008896	-0.00886023	-0.07623752
5565619.00000000	0.72204364	-0.01630527	-0.16692697
5560619.00000000	0.69248254	-0.02319516	-0.25622693
5555619.00000000	0.65089310	-0.02942282	-0.34526489
5550619.00000000	0.59970276	-0.03436209	-0.42767215
5545619.00000000	0.54039429	-0.03787497	-0.50177753
5540619.00000000	0.47315585	-0.04011597	-0.56725531
5535619.00000000	0.40302353	-0.04131879	-0.62063483
5530619.00000000	0.32728653	-0.04202353	-0.66500946
5525619.00000000	0.24821808	-0.04248355	-0.69983362
5520619.00000000	0.16848203	-0.04322702	-0.72488141
5515619.00000000	0.08192120	-0.04426120	-0.74172171
5510619.00000000	-0.00596527	-0.04545633	-0.74835773
5505619.00000000	-0.09914127	-0.04628525	-0.74447089
5500619.00000000	-0.19408447	-0.04600735	-0.72868204
5495619.00000000	-0.28654028	-0.04416443	-0.70124625
5490619.00000000	-0.37858835	-0.04033264	-0.66080969
5485619.00000000	-0.46088687	-0.03513440	-0.61122772
5480619.00000000	-0.53375497	-0.02910806	-0.55284338
5475619.00000000	-0.59590921	-0.02305771	-0.48687317
5470619.00000000	-0.64539874	-0.01764487	-0.41714575
5465619.00000000	-0.68504688	-0.01275769	-0.34223318
5460619.00000000	-0.71362155	-0.00845947	-0.26619077
5455619.00000000	-0.73288531	-0.00430780	-0.18721219
5450619.00000000	-0.74236322	0.00025543	-0.10319348
5445619.00000000	-0.74084863	0.00509229	-0.01744296
5440619.00000000	-0.72689383	0.01040314	0.07351483
5435619.00000000	-0.69994928	0.01564151	0.16607214
5430619.00000000	-0.66115430	0.02011337	0.25777292
5425619.00000000	-0.60968692	0.02349078	0.35048950
5420619.00000000	-0.55109058	0.02581085	0.43483087
5415619.00000000	-0.48480289	0.02720508	0.51195578
5410619.00000000	-0.41407767	0.02803366	0.57774524
5405619.00000000	-0.34100729	0.02842017	0.63138593
5400619.00000000	-0.26354868	0.02873431	0.67529187
5395619.00000000	-0.18519885	0.02921487	0.70823294
5390619.00000000	-0.10371375	0.02988824	0.73187878
5385619.00000000	-0.01766333	0.03074994	0.74638388
5380619.00000000	0.06873190	0.03168124	0.75022787
5375619.00000000	0.15911349	0.03269894	0.74265515
5370619.00000000	0.24825146	0.03300635	0.72302359
5365619.00000000	0.33447491	0.03276959	0.69169147
5360619.00000000	0.41831235	0.03185474	0.64802054
5355619.00000000	0.49220969	0.03014755	0.59619403
5350619.00000000	0.55856732	0.02757019	0.53517850
5345619.00000000	0.61404282	0.02483624	0.46861734
5340619.00000000	0.65865436	0.02222760	0.39873309
5335619.00000000	0.69513425	0.01957574	0.32295044
5330619.00000000	0.72151483	0.01705719	0.24703201
5325619.00000000	0.73987512	0.01423892	0.16627386
5320619.00000000	0.74897144	0.01101797	0.08233179
5315619.00000000	0.74807086	0.00737204	-0.00431274
5310619.00000000	0.73558597	0.00280878	-0.09636490
5305619.00000000	0.71156696	-0.00190112	-0.18854688
5300619.00000000	0.67587192	-0.00671219	-0.28074600
5295619.00000000	0.62918051	-0.01112915	-0.37080978
5290619.00000000	0.57517584	-0.01482642	-0.45186328
5285619.00000000	0.51198706	-0.01794879	-0.52620081
5280619.00000000	0.44451898	-0.02040836	-0.58807861
5275619.00000000	0.37281406	-0.02230136	-0.63912247
5270619.00000000	0.29669135	-0.02400726	-0.68043729
5265619.00000000	0.21971030	-0.02563739	-0.71107544
5260619.00000000	0.13651593	-0.02740735	-0.73338828
5255619.00000000	0.05132520	-0.02934406	-0.74562976
5250619.00000000	-0.03668665	-0.03171359	-0.74766409
5245619.00000000	-0.13019232	-0.03433685	-0.73834149
5240619.00000000	-0.22245145	-0.03645572	-0.71722867
5235619.00000000	-0.31473242	-0.03775604	-0.68415289
5230619.00000000	-0.40139297	-0.03783600	-0.64065271
5225619.00000000	-0.47942328	-0.03641403	-0.58858380
5220619.00000000	-0.54922949	-0.03375537	-0.52731519
5215619.00000000	-0.60633969	-0.03052618	-0.46149960
5210619.00000000	-0.65312357	-0.02714914	-0.39063263
5205619.00000000	-0.68978711	-0.02399643	-0.31624063
5200619.00000000	-0.71676804	-0.02101767	-0.23969540
5195619.00000000	-0.73519962	-0.01811472	-0.15756628
5190619.00000000	-0.74365097	-0.01499438	-0.07386108
5185619.00000000	-0.74175775	-0.01138678	0.01446756
5180619.00000000	-0.72816348	-0.00738535	0.10698358
5175619.00000000	-0.70312354	-0.00259738	0.19909976
5170619.00000000	-0.66547415	0.00238452	0.29380319
5165619.00000000	-0.61825311	0.00733298	0.38251230
5160619.00000000	-0.56270459	0.01205060	0.46367755
5155619.00000000	-0.49896378	0.01677429	0.53637964
5150619.00000000	-0.43224542	0.02003891	0.59572882
5145619.00000000	-0.35961823	0.02261426	0.64586789
5140619.00000000	-0.28438879	0.02465762	0.68510791
5135619.00000000	-0.20718408	0.02626801	0.71479974
5130619.00000000	-0.12437982	0.02803714	0.73607224
5125619.00000000	-0.04144208	0.02984561	0.74738120
5120619.00000000	0.04687671	0.03196121	0.74896158
5115619.00000000	0.13746405	0.03407956	0.73905023
5110619.00000000	0.22913086	0.03611197	0.71697665
5105619.00000000	0.32047916	0.03695474	0.68229428
5100619.00000000	0.40605099	0.03644669	0.63656171
5095619.00000000	0.48398843	0.03451190	0.58116113
5090619.00000000	0.55150101	0.03167010	0.51880402
5085619.00000000	0.60782788	0.02842041	0.45151086
5080619.00000000	0.65491217	0.02480374	0.37858310
5075619.00000000	0.69152664	0.02167361	0.30330579
5070619.00000000	0.71942490	0.01859525	0.22418875
5065619.00000000	0.73833688	0.01499899	0.14077631
5060619.00000000	0.74754395	0.01035074	0.05533820
5055619.00000000	0.74632330	0.00507779	-0.03600314
5050619.00000000	0.73378690	-0.00122427	-0.12872046
5045619.00000000	0.70964883	-0.00816592	-0.22294217
5040619.00000000	0.67316827	-0.01564261	-0.31860120
5035619.00000000	0.62743027	-0.02142416	-0.40657175
5030619.00000000	0.57155789	-0.02655920	-0.48826935
5025619.00000000	0.50911386	-0.02950659	-0.55786087
5020619.00000000	0.44228232	-0.03181226	-0.61477380
5015619.00000000	0.36851224	-0.03305219	-0.66214432
5010619.00000000	0.29365103	-0.03382449	-0.69750385
5005619.00000000	0.21306036	-0.03440683	-0.72378925
5000619.00000000	0.12954459	-0.03549377	-0.73951849
4995619.00000000	0.04260620	-0.03642490	-0.74458206
4990619.00000000	-0.05018015	-0.03714417	-0.73758734
4985619.00000000	-0.14457437	-0.03701666	-0.71808136
4980619.00000000	-0.24012595	-0.03557642	-0.68571790
4975619.00000000	-0.33354144	-0.03267014	-0.64173279
4970619.00000000	-0.41955969	-0.02841620	-0.58932916
4965619.00000000	-0.49840009	-0.02323892	-0.52818909
4960619.00000000	-0.56397415	-0.01791156	-0.46309952
4955619.00000000	-0.61877094	-0.01221112	-0.39343033
4950619.00000000	-0.66292395	-0.00732440	-0.31980527
4945619.00000000	-0.69627884	-0.00304895	-0.24539389
4940619.00000000	-0.72121246	0.00075134	-0.16577505
4935619.00000000	-0.73628525	0.00424292	-0.08519308
4930619.00000000	-0.74174033	0.00805545	-0.00165857
4925619.00000000	-0.73620453	0.01159872	0.08674457
4920619.00000000	-0.71935583	0.01537952	0.17358987
4915619.00000000	-0.68942291	0.01815506	0.26325613
4910619.00000000	-0.64867389	0.02051459	0.34865814
4905619.00000000	-0.59832291	0.02222897	0.42841794
4900619.00000000	-0.53800443	0.02331247	0.50266086
4895619.00000000	-0.47365521	0.02377832	0.56501749
4890619.00000000	-0.40256677	0.02382239	0.61950751
4885619.00000000	-0.32867578	0.02394260	0.66374429
4880619.00000000	-0.25252194	0.02399631	0.69851306
4875619.00000000	-0.17163126	0.02432544	0.72504004
4870619.00000000	-0.09040137	0.02487497	0.74170929
4865619.00000000	-0.00371722	0.02530841	0.74883292
4860619.00000000	0.08655792	0.02530603	0.74497937
4855619.00000000	0.17700784	0.02461710	0.72942563
4850619.00000000	0.27061090	0.02270465	0.70060394
4845619.00000000	0.35853479	0.01952118	0.66093369
4840619.00000000	0.44042648	0.01535065	0.61126498
4835619.00000000	0.51509598	0.01050970	0.55191373
4830619.00000000	0.57680353	0.00533649	0.48823016
4825619.00000000	0.62945660	0.00100476	0.41784369
4820619.00000000	0.67116833	-0.00277325	0.34531830
4815619.00000000	0.70379471	-0.00570947	0.26919321
4810619.00000000	0.72792880	-0.00851852	0.18833286
4805619.00000000	0.74242639	-0.01134943	0.10696561
4800619.00000000	0.74738904	-0.01443625	0.01942157
4795619.00000000	0.74132013	-0.01755170	-0.07015140
4790619.00000000	0.72339514	-0.02048315	-0.16234335
4785619.00000000	0.69289462	-0.02335464	-0.25652335
4780619.00000000	0.65234213	-0.02577844	-0.34523859
4775619.00000000	0.60100598	-0.02743826	-0.43036212
4770619.00000000	0.54231110	-0.02839197	-0.50560568
4765619.00000000	0.47538351	-0.02833072	-0.57230322
4760619.00000000	0.40477551	-0.02829059	-0.62665289
4755619.00000000	0.33232336	-0.02826532	-0.66938992
4750619.00000000	0.25589352	-0.02842630	-0.70285214
4745619.00000000	0.17531250	-0.02892380	-0.72695245
4740619.00000000	0.09371774	-0.02960638	-0.74089600
4735619.00000000	0.00589792	-0.02983426	-0.74473410
4730619.00000000	-0.08274466	-0.02945151	-0.73712799
4725619.00000000	-0.17401791	-0.02776846	-0.71759824
4720619.00000000	-0.26631299	-0.02470175	-0.68570401
4715619.00000000	-0.35344479	-0.02073529	-0.64408926
4710619.00000000	-0.43714117	-0.01604120	-0.59208301
4705619.00000000	-0.51111984	-0.01132849	-0.53321457
4700619.00000000	-0.57493915	-0.00677881	-0.46833862
4695619.00000000	-0.62877722	-0.00296127	-0.39764905
4690619.00000000	-0.67106830	-0.00000381	-0.32546283
4685619.00000000	-0.70501279	0.00240143	-0.24770615
4680619.00000000	-0.72942892	0.00444562	-0.16732199
4675619.00000000	-0.74448193	0.00657523	-0.08312878
4670619.00000000	-0.74933578	0.00894125	0.00616779
4665619.00000000	-0.74271405	0.01185516	0.09695032
4660619.00000000	-0.72358044	0.01507846	0.19057941
4655619.00000000	-0.69141409	0.01846384	0.28463617
4650619.00000000	-0.64827786	0.02172186	0.37285229
4645619.00000000	-0.59317834	0.02458838	0.45669995
4640619.00000000	-0.53126929	0.02681509	0.52848883
4635619.00000000	-0.46184421	0.02838495	0.59056754
4630619.00000000	-0.38708719	0.02945105	0.64178519
4625619.00000000	-0.31140182	0.02995462	0.68114117
4620619.00000000	-0.22950168	0.02989075	0.71231824
4615619.00000000	-0.14640030	0.03012766	0.73313257
4610619.00000000	-0.05867725	0.03022421	0.74438168
4605619.00000000	0.03319965	0.02998398	0.74466000
4600619.00000000	0.12575366	0.02872687	0.73314053
4595619.00000000	0.22188852	0.02603271	0.70896344
4590619.00000000	0.31428632	0.02205338	0.67325525
4585619.00000000	0.40064172	0.01693796	0.62754117
4580619.00000000	0.48010608	0.01121301	0.57232272
4575619.00000000	0.54718048	0.00594781	0.51177234
4570619.00000000	0.60497919	0.00098376	0.44435358
4565619.00000000	0.65116550	-0.00299808	0.37399805
4560619.00000000	0.68761362	-0.00622653	0.30070621
4555619.00000000	0.71578003	-0.00904034	0.22251904
4550619.00000000	0.73447345	-0.01170908	0.14313043
4545619.00000000	0.74438684	-0.01449908	0.05812811
4540619.00000000	0.74418497	-0.01735101	-0.02998160
4535619.00000000	0.73282263	-0.02020825	-0.11997989
4530619.00000000	0.70929773	-0.02271182	-0.21334592
4525619.00000000	0.67510855	-0.02460831	-0.30309360
4520619.00000000	0.63024661	-0.02566193	-0.38911487
4515619.00000000	0.57588538	-0.02566351	-0.46863052
4510619.00000000	0.51559708	-0.02451773	-0.53693393
4505619.00000000	0.44774768	-0.02274200	-0.59660306
4500619.00000000	0.37717575	-0.02061209	-0.64456366
4495619.00000000	0.30276932	-0.01841940	-0.68315271
4490619.00000000	0.22321948	-0.01622656	-0.71317993
4485619.00000000	0.14249927	-0.01407159	-0.73350119
4480619.00000000	0.05612262	-0.01179474	-0.74434769
4475619.00000000	-0.03331863	-0.00923306	-0.74424918
4470619.00000000	-0.12525940	-0.00586932	-0.73252789
4465619.00000000	-0.22014465	-0.00212921	-0.70802798
4460619.00000000	-0.31133667	0.00198105	-0.67238110
4455619.00000000	-0.39960980	0.00638403	-0.62528815
4450619.00000000	-0.47927530	0.01052734	-0.56963394
4445619.00000000	-0.54801083	0.01384509	-0.50795013
4440619.00000000	-0.60692325	0.01644250	-0.44001379
4435619.00000000	-0.65401065	0.01848413	-0.37004477
4430619.00000000	-0.69235852	0.02006683	-0.29509790
4425619.00000000	-0.72153650	0.02164560	-0.21622449
4420619.00000000	-0.74093579	0.02318607	-0.13540503
4415619.00000000	-0.75083234	0.02484009	-0.04825012
4410619.00000000	-0.74960596	0.02617621	0.04078070
4405619.00000000	-0.73643033	0.02698303	0.13367828
4400619.00000000	-0.71097418	0.02689548	0.22851535
4395619.00000000	-0.67519379	0.02547415	0.31918878
4390619.00000000	-0.62852634	0.02289645	0.40693591
4385619.00000000	-0.57356345	0.01992587	0.48600107
4380619.00000000	-0.51263489	0.01662436	0.55328983
4375619.00000000	-0.44457751	0.01310324	0.61095108
4370619.00000000	-0.37397525	0.01010211	0.65656409
4365619.00000000	-0.29921497	0.00745987	0.69236365
4360619.00000000	-0.22026901	0.00513150	0.71926144
4355619.00000000	-0.13952585	0.00303455	0.73632330
4350619.00000000	-0.05281226	0.00114789	0.74376605
4345619.00000000	0.03520554	-0.00059409	0.74001645
4340619.00000000	0.12586249	-0.00192187	0.72479218
4335619.00000000	0.21810132	-0.00282629	0.69726126
4330619.00000000	0.30635373	-0.00306473	0.65945959
4325619.00000000	0.39192758	-0.00279214	0.61110834
4320619.00000000	0.46839664	-0.00232077	0.55595078
4315619.00000000	0.53575354	-0.00178638	0.49462469
4310619.00000000	0.59344067	-0.00117804	0.42790860
4305619.00000000	0.63999844	-0.00068396	0.35899496
4300619.00000000	0.67836847	-0.00041330	0.28485147
4295619.00000000	0.70714359	-0.00048981	0.20856567
4290619.00000000	0.72709164	-0.00092242	0.12931155
4285619.00000000	0.73764539	-0.00175882	0.04509424
4280619.00000000	0.73746017	-0.00330246	-0.04098639
4275619.00000000	0.72550455	-0.00548828	-0.13132700
4270619.00000000	0.70107043	-0.00822226	-0.22256573
4265619.00000000	0.66444077	-0.01107007	-0.31252747
4260619.00000000	0.61611090	-0.01360342	-0.39923416
4255619.00000000	0.55923734	-0.01542078	-0.47735489
4250619.00000000	0.49511746	-0.01651718	-0.54593408
4245619.00000000	0.42526016	-0.01686926	-0.60434833
4240619.00000000	0.35210712	-0.01684583	-0.65183368
4235619.00000000	0.27438950	-0.01675879	-0.69017914
4230619.00000000	0.19483585	-0.01668735	-0.71856833
4225619.00000000	0.11248001	-0.01681580	-0.73747665
4220619.00000000	0.02513858	-0.01726120	-0.74678180
4215619.00000000	-0.06278561	-0.01816754	-0.74500470
4210619.00000000	-0.15461838	-0.01895285	-0.73100470
4205619.00000000	-0.24588757	-0.01957138	-0.70466257
4200619.00000000	-0.33433954	-0.01991699	-0.66688663
4195619.00000000	-0.41912845	-0.01987457	-0.61791931
4190619.00000000	-0.49354169	-0.01922968	-0.56209457
4185619.00000000	-0.55962848	-0.01793954	-0.49892255
4180619.00000000	-0.61501233	-0.01644287	-0.43095282
4175619.00000000	-0.65965009	-0.01485211	-0.36082501
4170619.00000000	-0.69632236	-0.01340640	-0.28521844
4165619.00000000	-0.72310007	-0.01204019	-0.20883060
4160619.00000000	-0.74155026	-0.01041446	-0.12826443
4155619.00000000	-0.75050052	-0.00817307	-0.04458023
4150619.00000000	-0.74914252	-0.00493555	0.04031735
4145619.00000000	-0.73598236	-0.00073499	0.13060535
4140619.00000000	-0.71121402	0.00393796	0.21990601
4135619.00000000	-0.67439743	0.00859851	0.30886319
4130619.00000000	-0.62680588	0.01268011	0.39342859
4125619.00000000	-0.57135355	0.01567465	0.46943210
4120619.00000000	-0.50754611	0.01769302	0.53798099
4115619.00000000	-0.43912854	0.01872903	0.59589362
4110619.00000000	-0.36654639	0.01914429	0.64427408
4105619.00000000	-0.28956943	0.01933191	0.68394586
4100619.00000000	-0.21014084	0.01959811	0.71457559
4095619.00000000	-0.12566595	0.01991489	0.73679883
4090619.00000000	-0.03802386	0.02052628	0.74926538
4085619.00000000	0.05322101	0.02125415	0.75124332
4080619.00000000	0.14790045	0.02195581	0.74134158
4075619.00000000	0.24155209	0.02219699	0.71935104
4070619.00000000	0.33402512	0.02157449	0.68475497
4065619.00000000	0.41937607	0.02004697	0.63940524
4060619.00000000	0.49551691	0.01787921	0.58487671
4055619.00000000	0.56226663	0.01515759	0.52158813
4050619.00000000	0.61692996	0.01250418	0.45352603
4045619.00000000	0.66235492	0.01012463	0.37955215
4040619.00000000	0.69782285	0.00814108	0.30246970
4035619.00000000	0.72409161	0.00635223	0.22163281
4030619.00000000	0.74148676	0.00468091	0.13515253
4025619.00000000	0.74865240	0.00293759	0.04493036
4020619.00000000	0.74510757	0.00106781	-0.04944867
4015619.00000000	0.72965128	-0.00097833	-0.14843713
4010619.00000000	0.70290875	-0.00283957	-0.24642838
4005619.00000000	0.66467633	-0.00446976	-0.34271460
4000619.00000000	0.61715164	-0.00566052	-0.43080478
3995619.00000000	0.56119583	-0.00651147	-0.50883539
3990619.00000000	0.49778680	-0.00726208	-0.57617426
3985619.00000000	0.43045648	-0.00780252	-0.63069492
3980619.00000000	0.35754865	-0.00821799	-0.67552335
3975619.00000000	0.28189056	-0.00868668	-0.71011090
3970619.00000000	0.20211481	-0.00939236	-0.73516733
3965619.00000000	0.11772043	-0.01021616	-0.75049347
3960619.00000000	0.03045734	-0.01107742	-0.75478870
3955619.00000000	-0.06169946	-0.01159375	-0.74681232
3950619.00000000	-0.15562997	-0.01160220	-0.72584113
3945619.00000000	-0.24816373	-0.01045679	-0.69245044
3940619.00000000	-0.33867407	-0.00798804	-0.64690787
3935619.00000000	-0.42136896	-0.00495255	-0.59221091
3930619.00000000	-0.49584891	-0.00171259	-0.52925681
3925619.00000000	-0.56055795	0.00115750	-0.45993991
3920619.00000000	-0.61418335	0.00340582	-0.38733847
3915619.00000000	-0.65940686	0.00530167	-0.30944901
3910619.00000000	-0.69504593	0.00675580	-0.22908340
3905619.00000000	-0.72202103	0.00797171	-0.14511652
3900619.00000000	-0.74016333	0.00886990	-0.05581876
3895619.00000000	-0.74794641	0.00955270	0.03569650
3890619.00000000	-0.74429172	0.00968927	0.13231558
3885619.00000000	-0.72805676	0.00926596	0.22907770
3880619.00000000	-0.69914334	0.00862259	0.32316022
3875619.00000000	-0.65741693	0.00761154	0.41362646
3870619.00000000	-0.60619077	0.00678152	0.49345407
3865619.00000000	-0.54555350	0.00582742	0.56366101
3860619.00000000	-0.47955164	0.00541177	0.62113110
3855619.00000000	-0.40962271	0.00527240	0.66724435
3850619.00000000	-0.33452112	0.00496774	0.70420248
3845619.00000000	-0.25772134	0.00465723	0.73107730
3840619.00000000	-0.17641971	0.00430875	0.74903220
3835619.00000000	-0.09308206	0.00410538	0.75683334
3830619.00000000	-0.00615393	0.00305228	0.75398138
3825619.00000000	0.08553250	0.00236737	0.73944189
3820619.00000000	0.17724527	0.00177759	0.71327722
3815619.00000000	0.26907764	0.00142715	0.67633374
3810619.00000000	0.35707736	0.00130688	0.63077350
3805619.00000000	0.43861819	0.00164615	0.57820584
3800619.00000000	0.51259680	0.00223563	0.51915067
3795619.00000000	0.57541205	0.00311551	0.45608081
3790619.00000000	0.62809048	0.00404660	0.38900473
3785619.00000000	0.67150739	0.00522647	0.31763916
3780619.00000000	0.70515958	0.00645142	0.24396860
3775619.00000000	0.73048389	0.00781570	0.16532751
3770619.00000000	0.74620322	0.00886179	0.08375830
3765619.00000000	0.75184177	0.00947620	-0.00231714
3760619.00000000	0.74613586	0.00958939	-0.09286249
3755619.00000000	0.72837167	0.00893634	-0.18468463
3750619.00000000	0.69758133	0.00776221	-0.27836813
3745619.00000000	0.65538278	0.00626315	-0.36752161
3740619.00000000	0.60291516	0.00465863	-0.44949255
3735619.00000000	0.54091531	0.00324701	-0.52322232
3730619.00000000	0.47368698	0.00246487	-0.58464734
3725619.00000000	0.40104953	0.00148807	-0.63569254
3720619.00000000	0.32455914	0.00100742	-0.67656210
3715619.00000000	0.24504373	0.00041397	-0.70773615
3710619.00000000	0.15971399	-0.00045874	-0.73024924
3705619.00000000	0.07221686	-0.00176468	-0.74235507
3700619.00000000	-0.02079745	-0.00361746	-0.74352585
3695619.00000000	-0.11619452	-0.00635617	-0.73236130
3690619.00000000	-0.21257281	-0.00880368	-0.70846964
3685619.00000000	-0.30865311	-0.01085080	-0.67145071
3680619.00000000	-0.39787518	-0.01187399	-0.62394724
3675619.00000000	-0.47906497	-0.01176102	-0.56729324
3670619.00000000	-0.54942715	-0.01122559	-0.50412997
3665619.00000000	-0.60849503	-0.01031534	-0.43617184
3660619.00000000	-0.65702267	-0.00971851	-0.36455768
3655619.00000000	-0.69545901	-0.00931735	-0.29050818
3650619.00000000	-0.72465546	-0.00947940	-0.21365027
3645619.00000000	-0.74524301	-0.01034521	-0.13202673
3640619.00000000	-0.75567130	-0.01181479	-0.04951202
3635619.00000000	-0.75560599	-0.01355496	0.03780292
3630619.00000000	-0.74396649	-0.01572116	0.12662390
3625619.00000000	-0.72055814	-0.01822485	0.21594974
3620619.00000000	-0.68551129	-0.02078537	0.30492249
3615619.00000000	-0.64100327	-0.02291498	0.38818436
3610619.00000000	-0.58643167	-0.02460220	0.46637177
3605619.00000000	-0.52500061	-0.02517926	0.53490140
3600619.00000000	-0.45868689	-0.02495328	0.59271240
3595619.00000000	-0.38590466	-0.02442355	0.64188882
3590619.00000000	-0.31057306	-0.02314417	0.68090631
3585619.00000000	-0.23060971	-0.02142908	0.71153296
3580619.00000000	-0.14606174	-0.01894479	0.73369958
3575619.00000000	-0.05881354	-0.01540247	0.74654010
3570619.00000000	0.03370990	-0.01071786	0.74929819
3565619.00000000	0.12767032	-0.00481195	0.74086050
3560619.00000000	0.22311096	0.00128256	0.72004974
3555619.00000000	0.31660126	0.00687146	0.68692703
3550619.00000000	0.40298596	0.01107404	0.64316980
3545619.00000000	0.48135031	0.01352484	0.58950787
3540619.00000000	0.54929834	0.01488162	0.52806149
3535619.00000000	0.60565491	0.01508707	0.46160828
3530619.00000000	0.65249323	0.01488120	0.38938757
3525619.00000000	0.68899448	0.01421533	0.31471573
3520619.00000000	0.71682797	0.01330704	0.23511096
3515619.00000000	0.73522159	0.01233374	0.15178229
3510619.00000000	0.74350092	0.01105927	0.06475504
3505619.00000000	0.74075327	0.00991498	-0.02845596
3500619.00000000	0.72664648	0.00841885	-0.12257178
3495619.00000000	0.70092892	0.00725354	-0.21899481
3490619.00000000	0.66504260	0.00617514	-0.31263373
3485619.00000000	0.62016968	0.00551187	-0.40004993
3480619.00000000	0.56652386	0.00500922	-0.47977438
3475619.00000000	0.50698953	0.00465204	-0.54754007
3470619.00000000	0.44061514	0.00485062	-0.60563620
3465619.00000000	0.36953537	0.00479822	-0.65307999
3460619.00000000	0.29590952	0.00491910	-0.69005252
3455619.00000000	0.21699979	0.00498883	-0.71832996
3450619.00000000	0.13445087	0.00530405	-0.73727173
3445619.00000000	0.04719733	0.00542438	-0.74607532
3440619.00000000	-0.04469608	0.00509753	-0.74388635
3435619.00000000	-0.13779181	0.00457916	-0.73019836
3430619.00000000	-0.23289099	0.00419977	-0.70437457
3425619.00000000	-0.32520386	0.00394434	-0.66756445
3420619.00000000	-0.41081989	0.00396097	-0.62134024
3415619.00000000	-0.48874988	0.00422821	-0.56593207
3410619.00000000	-0.55462128	0.00469656	-0.50487112
3405619.00000000	-0.61049847	0.00519473	-0.43737198
3400619.00000000	-0.65589685	0.00575409	-0.36589343
3395619.00000000	-0.69181995	0.00624179	-0.29042664
3390619.00000000	-0.71898862	0.00679303	-0.21058374
3385619.00000000	-0.73683926	0.00709338	-0.12738824
3380619.00000000	-0.74517999	0.00725485	-0.03866623
3375619.00000000	-0.74270123	0.00728189	0.05356125
3370619.00000000	-0.72880084	0.00666898	0.14805164
3365619.00000000	-0.70264090	0.00547870	0.24421750
3360619.00000000	-0.66504288	0.00384036	0.33698856
3355619.00000000	-0.61760410	0.00228778	0.42237704
3350619.00000000	-0.56046802	0.00061548	0.49966138
3345619.00000000	-0.49713367	-0.00084613	0.56499631
3340619.00000000	-0.42745175	-0.00213843	0.62020972
3335619.00000000	-0.35419391	-0.00307870	0.66463034
3330619.00000000	-0.27704306	-0.00390854	0.69948056
3325619.00000000	-0.19477951	-0.00434250	0.72527359
3320619.00000000	-0.10993961	-0.00455893	0.74098975
3315619.00000000	-0.01965057	-0.00459283	0.74624188
3310619.00000000	0.07406622	-0.00426761	0.73993256
3305619.00000000	0.16950613	-0.00375806	0.72150000
3300619.00000000	0.26552982	-0.00313403	0.69108218
3295619.00000000	0.35605984	-0.00263779	0.65061267
3290619.00000000	0.44010321	-0.00229089	0.60081430
3285619.00000000	0.51411554	-0.00210059	0.54357361
3280619.00000000	0.57694498	-0.00175558	0.48077646
3275619.00000000	0.62994211	-0.00133676	0.41229688
3270619.00000000	0.67233820	-0.00077448	0.34068570
3265619.00000000	0.70564310	-0.00015182	0.26541092
3260619.00000000	0.73026483	0.00054721	0.18567148
3255619.00000000	0.74548096	0.00106467	0.10290866
3250619.00000000	0.75071954	0.00139368	0.01508862
3245619.00000000	0.74475003	0.00116351	-0.07486993
3240619.00000000	0.72684454	0.00046011	-0.16794925
3235619.00000000	0.69688986	-0.00094742	-0.26095712
3230619.00000000	0.65636267	-0.00278973	-0.34974158
3225619.00000000	0.60611359	-0.00446042	-0.43219653
3220619.00000000	0.54814008	-0.00602451	-0.50521613
3215619.00000000	0.48445267	-0.00718298	-0.56735028
3210619.00000000	0.41545355	-0.00803784	-0.61958401
3205619.00000000	0.34314853	-0.00864600	-0.66157080
3200619.00000000	0.26685242	-0.00922324	-0.69443149
3195619.00000000	0.18694431	-0.00997000	-0.71791220
3190619.00000000	0.10448236	-0.01087860	-0.73126712
3185619.00000000	0.01834305	-0.01206213	-0.73390234
3180619.00000000	-0.06906540	-0.01309811	-0.72445135
3175619.00000000	-0.15665173	-0.01395236	-0.70293457
3170619.00000000	-0.24211618	-0.01409387	-0.66967294
3165619.00000000	-0.32131851	-0.01289786	-0.62735413
3160619.00000000	-0.39386441	-0.01065146	-0.57695953
3155619.00000000	-0.45832986	-0.00777274	-0.52054092
3150619.00000000	-0.51415521	-0.00479761	-0.45939737
3145619.00000000	-0.56160132	-0.00170471	-0.39408899
3140619.00000000	-0.60043872	0.00129254	-0.32627295
3135619.00000000	-0.63211786	0.00427625	-0.25417059
3130619.00000000	-0.65569974	0.00728699	-0.17920847
3125619.00000000	-0.67098709	0.01035519	-0.10144131
3120619.00000000	-0.67742050	0.01342496	-0.01952557
3115619.00000000	-0.67388278	0.01610602	0.06346545
3110619.00000000	-0.65959717	0.01822195	0.14834747
3105619.00000000	-0.63451498	0.01943567	0.23143268
3100619.00000000	-0.59923431	0.01978479	0.31023453
3095619.00000000	-0.55425241	0.01918542	0.38404755
3090619.00000000	-0.50188141	0.01825940	0.44979706
3085619.00000000	-0.44250052	0.01702328	0.50815714
3080619.00000000	-0.37770575	0.01589227	0.55818509
3075619.00000000	-0.30965497	0.01534659	0.59964871
3070619.00000000	-0.23639981	0.01559143	0.63420627
3065619.00000000	-0.15892572	0.01688922	0.66150040
3060619.00000000	-0.07645276	0.01957272	0.68129312
3055619.00000000	0.01125186	0.02388467	0.69336154
3050619.00000000	0.10414423	0.02990720	0.69710181
3045619.00000000	0.20312570	0.03711279	0.69180002
3040619.00000000	0.30596960	0.04400024	0.67641818
3035619.00000000	0.40742551	0.04811307	0.65015610
3030619.00000000	0.50204596	0.04860800	0.61228873
3025619.00000000	0.58364581	0.04599002	0.56378656
3020619.00000000	0.65173654	0.04181985	0.50579028
3015619.00000000	0.70639392	0.03711444	0.44014316
3010619.00000000	0.74856839	0.03204385	0.36932663
3005619.00000000	0.78005780	0.02616211	0.29277438
3000619.00000000	0.79976184	0.01903375	0.21266620
2995619.00000000	0.80696066	0.00984161	0.12671649
2990619.00000000	0.79891742	-0.00157031	0.03683472
2985619.00000000	0.77376715	-0.01395044	-0.05596292
2980619.00000000	0.73119913	-0.02514212	-0.14978424
2975619.00000000	0.67579880	-0.03271069	-0.23895227
2970619.00000000	0.61115381	-0.03601126	-0.32288229
2965619.00000000	0.54305685	-0.03626010	-0.39684317
2960619.00000000	0.47327267	-0.03475015	-0.46095151
2955619.00000000	0.40193466	-0.03251001	-0.51578745
2950619.00000000	0.32951083	-0.02989008	-0.56155194
2945619.00000000	0.25559616	-0.02747858	-0.59878778
2940619.00000000	0.18000668	-0.02541647	-0.62764868
2935619.00000000	0.10282870	-0.02387170	-0.64822375
2930619.00000000	0.02290823	-0.02256970	-0.66013696
2925619.00000000	-0.05860022	-0.02152478	-0.66237451
2920619.00000000	-0.14035736	-0.02061624	-0.65437653
2915619.00000000	-0.22142340	-0.01980280	-0.63540875
2910619.00000000	-0.29855130	-0.01906302	-0.60609830
2905619.00000000	-0.37082977	-0.01845078	-0.56689667
2900619.00000000	-0.43640817	-0.01798016	-0.51931012
2895619.00000000	-0.49528226	-0.01730368	-0.46402872
2890619.00000000	-0.54631674	-0.01660074	-0.40343445
2885619.00000000	-0.58966843	-0.01573755	-0.33865875
2880619.00000000	-0.62630054	-0.01489178	-0.26953909
2875619.00000000	-0.65573767	-0.01399173	-0.19683051
2870619.00000000	-0.67797144	-0.01296841	-0.12106030
2865619.00000000	-0.69254355	-0.01168808	-0.04096622
2860619.00000000	-0.69847427	-0.01001627	0.04287186
2855619.00000000	-0.69470377	-0.00768320	0.12937646
2850619.00000000	-0.67977225	-0.00466083	0.21793732
2845619.00000000	-0.65319577	-0.00117093	0.30502597
2840619.00000000	-0.61470749	0.00268759	0.38884085
2835619.00000000	-0.56555219	0.00656677	0.46602228
2830619.00000000	-0.50708624	0.01034491	0.53488245
2825619.00000000	-0.44089438	0.01352295	0.59491299
2820619.00000000	-0.37018259	0.01628967	0.64433911
2815619.00000000	-0.29379535	0.01889966	0.68511694
2810619.00000000	-0.21330478	0.02054486	0.71657346
2805619.00000000	-0.12880142	0.02213504	0.73844833
2800619.00000000	-0.03837445	0.02318222	0.75003735
2795619.00000000	0.05328131	0.02365063	0.74972903
2790619.00000000	0.14841406	0.02306747	0.73654022
2785619.00000000	0.24284561	0.02141476	0.71014111
2780619.00000000	0.33230872	0.01907257	0.67220856
2775619.00000000	0.41619415	0.01645618	0.62341205
2770619.00000000	0.49040646	0.01380219	0.56717450
2765619.00000000	0.55491647	0.01132495	0.50466812
2760619.00000000	0.60997824	0.00916785	0.43670065
2755619.00000000	0.65468076	0.00722729	0.36635202
2750619.00000000	0.69116217	0.00554431	0.29173093
2745619.00000000	0.71891580	0.00397122	0.21424527
2740619.00000000	0.73799338	0.00226300	0.13326587
2735619.00000000	0.74760736	0.00018854	0.04703427
2730619.00000000	0.74627182	-0.00219818	-0.04130609
2725619.00000000	0.73292664	-0.00460992	-0.13414975
2720619.00000000	0.70757608	-0.00691199	-0.22667615
2715619.00000000	0.67080066	-0.00893335	-0.31723502
2710619.00000000	0.62319016	-0.01091202	-0.40357910
2705619.00000000	0.56749826	-0.01260065	-0.48098764
2700619.00000000	0.50396472	-0.01418027	-0.54970477
2695619.00000000	0.43568842	-0.01550339	-0.60734311
2690619.00000000	0.36322382	-0.01652557	-0.65496075
2685619.00000000	0.28695084	-0.01758981	-0.69296283
2680619.00000000	0.20732773	-0.01869989	-0.72151462
2675619.00000000	0.12300812	-0.01993555	-0.74034045
2670619.00000000	0.03196750	-0.02114612	-0.74842291
2665619.00000000	-0.05920264	-0.02281055	-0.74386234
2660619.00000000	-0.15374466	-0.02430112	-0.72614774
2655619.00000000	-0.24704684	-0.02556943	-0.69580521
2650619.00000000	-0.33729727	-0.02624295	-0.65414194
2645619.00000000	-0.42153339	-0.02610709	-0.60299573
2640619.00000000	-0.49558221	-0.02506427	-0.54566147
2635619.00000000	-0.56141553	-0.02348688	-0.48111249
2630619.00000000	-0.61610541	-0.02174960	-0.41310001
2625619.00000000	-0.66126685	-0.01996472	-0.34156021
2620619.00000000	-0.69783890	-0.01817050	-0.26583090
2615619.00000000	-0.72518079	-0.01639984	-0.18839932
2610619.00000000	-0.74413541	-0.01399551	-0.10540411
2605619.00000000	-0.75322241	-0.01078845	-0.01911172
2600619.00000000	-0.75141068	-0.00639780	0.07015430
2595619.00000000	-0.73746814	-0.00066797	0.16375214
2590619.00000000	-0.71183417	0.00598114	0.25562100
2585619.00000000	-0.67412051	0.01317633	0.34644070
2580619.00000000	-0.62649191	0.01989557	0.43042487
2575619.00000000	-0.57079071	0.02529996	0.50494186
2570619.00000000	-0.50722131	0.02916861	0.57036023
2565619.00000000	-0.44038541	0.03180435	0.62330884
2560619.00000000	-0.36804379	0.03359708	0.66715228
2555619.00000000	-0.29166574	0.03509564	0.70134644
2550619.00000000	-0.21244144	0.03675247	0.72563211
2545619.00000000	-0.12813373	0.03827957	0.74015054
2540619.00000000	-0.03935953	0.03958194	0.74329684
2535619.00000000	0.05320624	0.04030701	0.73385284
2530619.00000000	0.14833463	0.03983578	0.71131335
2525619.00000000	0.24250034	0.03807693	0.67683029
2520619.00000000	0.33360327	0.03471646	0.63159372
2515619.00000000	0.41841507	0.03029395	0.57801590
2510619.00000000	0.49394986	0.02520511	0.51838858
2505619.00000000	0.56024725	0.01995554	0.45261429
2500619.00000000	0.61522620	0.01499228	0.38395929
2495619.00000000	0.66077563	0.01045731	0.31182690
2490619.00000000	0.69758856	0.00616763	0.23599228
2485619.00000000	0.72549850	0.00194769	0.15712952
2480619.00000000	0.74462503	-0.00264633	0.07294772
2475619.00000000	0.75324350	-0.00772424	-0.01309390
2470619.00000000	0.75053790	-0.01356921	-0.10381821
2465619.00000000	0.73517804	-0.01990381	-0.19581686
2460619.00000000	0.70718530	-0.02608759	-0.28568210
2455619.00000000	0.66627643	-0.03176755	-0.37311777
2450619.00000000	0.61520703	-0.03622125	-0.45202048
2445619.00000000	0.55468884	-0.03939188	-0.52272623
2440619.00000000	0.48722412	-0.04149701	-0.58347311
2435619.00000000	0.41624384	-0.04274969	-0.63334500
2430619.00000000	0.34043344	-0.04363681	-0.67464740
2425619.00000000	0.26086859	-0.04460062	-0.70714157
2420619.00000000	0.17799539	-0.04590808	-0.73060147
2415619.00000000	0.09066776	-0.04714508	-0.74468362
2410619.00000000	0.00041891	-0.04821573	-0.74858823
2405619.00000000	-0.09471960	-0.04845996	-0.74125912
2400619.00000000	-0.19084238	-0.04775519	-0.72219308
2395619.00000000	-0.28499869	-0.04539600	-0.69176483
2390619.00000000	-0.37488898	-0.04131134	-0.65027176
2385619.00000000	-0.45576883	-0.03616302	-0.60008444
2380619.00000000	-0.52784308	-0.03059302	-0.54110809
2375619.00000000	-0.58842892	-0.02527249	-0.47671292
2370619.00000000	-0.63880688	-0.02052853	-0.40764316
2365619.00000000	-0.68027304	-0.01626462	-0.33398431
2360619.00000000	-0.71313477	-0.01226779	-0.25615826
2355619.00000000	-0.73726010	-0.00800214	-0.17411694
2350619.00000000	-0.75221487	-0.00311334	-0.08723956
2345619.00000000	-0.75689154	0.00258749	0.00398734
2340619.00000000	-0.75016254	0.00877875	0.09968774
2335619.00000000	-0.73136896	0.01517331	0.19701358
2330619.00000000	-0.70110010	0.02123505	0.29183185
2325619.00000000	-0.65935751	0.02641251	0.38279855
2320619.00000000	-0.60875690	0.03061929	0.46370779
2315619.00000000	-0.54996777	0.03378690	0.53478214
2310619.00000000	-0.48545532	0.03608994	0.59440826
2305619.00000000	-0.41655789	0.03801160	0.64339050
2300619.00000000	-0.34288019	0.04019354	0.68316644
2295619.00000000	-0.26605246	0.04276825	0.71313593
2290619.00000000	-0.18454941	0.04589594	0.73385104
2285619.00000000	-0.09850690	0.04953177	0.74413098
2280619.00000000	-0.00864206	0.05299197	0.74285727
2275619.00000000	0.08733524	0.05535663	0.72953796
2270619.00000000	0.18326648	0.05573944	0.70464148
2265619.00000000	0.28009799	0.05379868	0.66868558
2260619.00000000	0.37184985	0.04963074	0.62380127
2255619.00000000	0.45500372	0.04390228	0.57169141
2250619.00000000	0.52800214	0.03761700	0.51354315
2245619.00000000	0.59008817	0.03156512	0.45023752
2240619.00000000	0.64186499	0.02599405	0.38239114
2235619.00000000	0.68419247	0.02108688	0.31042911
2230619.00000000	0.71704639	0.01643668	0.23586722
2225619.00000000	0.74152121	0.01161505	0.15616391
2220619.00000000	0.75644876	0.00639963	0.07256314
2215619.00000000	0.76093912	0.00074591	-0.01546347
2210619.00000000	0.75377414	-0.00504565	-0.10788687
2205619.00000000	0.73451465	-0.01035266	-0.20199374
2200619.00000000	0.70337851	-0.01490338	-0.29608414
2195619.00000000	0.66145847	-0.01865500	-0.38582404
2190619.00000000	0.61063788	-0.02167300	-0.46685007
2185619.00000000	0.55139563	-0.02397269	-0.53846820
2180619.00000000	0.48700198	-0.02593524	-0.59813623
2175619.00000000	0.41689334	-0.02730930	-0.64798392
2170619.00000000	0.34253510	-0.02864044	-0.68788364
2165619.00000000	0.26522379	-0.03019272	-0.71788556
2160619.00000000	0.18194519	-0.03217917	-0.73896158
2155619.00000000	0.09505765	-0.03444559	-0.74952548
2150619.00000000	0.00244397	-0.03666537	-0.74902945
2145619.00000000	-0.09478177	-0.03843945	-0.73645251
2140619.00000000	-0.19257056	-0.03932376	-0.71262460
2135619.00000000	-0.29102527	-0.03914075	-0.67728058
2130619.00000000	-0.38237134	-0.03776511	-0.63302457
2125619.00000000	-0.46569537	-0.03534692	-0.58030536
2120619.00000000	-0.53856100	-0.03266779	-0.52040674
2115619.00000000	-0.59892371	-0.03006824	-0.45592728
2110619.00000000	-0.64942767	-0.02743491	-0.38610846
2105619.00000000	-0.68968674	-0.02525665	-0.31280920
2100619.00000000	-0.72102460	-0.02314291	-0.23507263
2095619.00000000	-0.74362573	-0.02092545	-0.15194757
2090619.00000000	-0.75640530	-0.01777631	-0.06531430
2085619.00000000	-0.75876550	-0.01388483	0.02648441
2080619.00000000	-0.74941980	-0.00867017	0.12333911
2075619.00000000	-0.72787521	-0.00284280	0.22106998
2070619.00000000	-0.69404620	0.00337695	0.31771118
2065619.00000000	-0.64966470	0.00915860	0.40716748
2060619.00000000	-0.59520953	0.01441843	0.48827588
2055619.00000000	-0.53252704	0.01880890	0.55860086
2050619.00000000	-0.46476129	0.02231998	0.61638138
2045619.00000000	-0.39141986	0.02532742	0.66396924
2040619.00000000	-0.31552963	0.02809592	0.70071143
2035619.00000000	-0.23420667	0.03095291	0.72827377
2030619.00000000	-0.14791345	0.03430594	0.74585074
2025619.00000000	-0.05717670	0.03786258	0.75237213
2020619.00000000	0.03965707	0.04138153	0.74669794
2015619.00000000	0.13839774	0.04428760	0.72886520
2010619.00000000	0.23825012	0.04565454	0.69895816
2005619.00000000	0.33461972	0.04488422	0.65883627
2000619.00000000	0.42211728	0.04201022	0.61121994
1995619.00000000	0.50118539	0.03759399	0.55566965
1990619.00000000	0.56784036	0.03266837	0.49501794
1985619.00000000	0.62264157	0.02791919	0.43028491
1980619.00000000	0.66785269	0.02334604	0.36047220
1975619.00000000	0.70286588	0.01914429	0.28746289
1970619.00000000	0.72870535	0.01491489	0.20942456
1965619.00000000	0.74420728	0.01020541	0.12736554
1960619.00000000	0.74871222	0.00483212	0.04062283
1955619.00000000	0.74073584	-0.00172098	-0.05297949
1950619.00000000	0.72047977	-0.00860855	-0.14711322
1945619.00000000	0.68806793	-0.01570148	-0.24311600
1940619.00000000	0.64526013	-0.02200192	-0.33644135
1935619.00000000	0.59444424	-0.02748871	-0.42228464
1930619.00000000	0.53589023	-0.03178094	-0.50004971
1925619.00000000	0.47300061	-0.03494357	-0.56578677
1920619.00000000	0.40533334	-0.03752393	-0.62123996
1915619.00000000	0.33311017	-0.03978830	-0.66685706
1910619.00000000	0.25875046	-0.04238599	-0.70227560
1905619.00000000	0.17813806	-0.04493674	-0.72915628
1900619.00000000	0.09454025	-0.04766132	-0.74571960
1895619.00000000	0.00615778	-0.04958142	-0.75150598
1890619.00000000	-0.08774399	-0.04998846	-0.74476834
1885619.00000000	-0.18142392	-0.04789188	-0.72575183
1880619.00000000	-0.27566580	-0.04310880	-0.69392599
1875619.00000000	-0.36437064	-0.03630243	-0.65160229
1870619.00000000	-0.44545395	-0.02842493	-0.60042978
1865619.00000000	-0.51850580	-0.02056445	-0.54133612
1860619.00000000	-0.57991205	-0.01346680	-0.47845294
1855619.00000000	-0.63305167	-0.00697266	-0.40999850
1850619.00000000	-0.67674548	-0.00102536	-0.33842413
1845619.00000000	-0.71158728	0.00472815	-0.26406577
1840619.00000000	-0.73830939	0.01092114	-0.18376752
1835619.00000000	-0.75483279	0.01747107	-0.10057431
1830619.00000000	-0.76047052	0.02437949	-0.01161386
1825619.00000000	-0.75357172	0.03092847	0.08134909
1820619.00000000	-0.73397437	0.03609195	0.17495215
1815619.00000000	-0.70132590	0.03925476	0.27049295
1810619.00000000	-0.65836612	0.04035706	0.35998236
1805619.00000000	-0.60621393	0.03964401	0.44224258
1800619.00000000	-0.54600363	0.03792587	0.51569867
1795619.00000000	-0.48065427	0.03568488	0.57752023
1790619.00000000	-0.40933078	0.03356949	0.63001633
1785619.00000000	-0.33465988	0.03163629	0.67225879
1780619.00000000	-0.25562753	0.03012332	0.70588773
1775619.00000000	-0.17141699	0.02909888	0.73106564
1770619.00000000	-0.08413895	0.02828473	0.74670126
1765619.00000000	0.00909052	0.02762946	0.75229846
1760619.00000000	0.10447104	0.02733524	0.74665463
1755619.00000000	0.20027487	0.02728729	0.72926199
1750619.00000000	0.29517313	0.02708142	0.69997711
1745619.00000000	0.38325357	0.02636813	0.66040961
1740619.00000000	0.46368585	0.02483414	0.61086292
1735619.00000000	0.53357562	0.02292136	0.55348697
1730619.00000000	0.59209882	0.02075226	0.49047906
1725619.00000000	0.64214716	0.01852316	0.42074161
1720619.00000000	0.68189392	0.01628278	0.34832489
1715619.00000000	0.71387833	0.01385889	0.27046451
1710619.00000000	0.73720615	0.01090076	0.18791455
1705619.00000000	0.75133459	0.00721747	0.10009143
1700619.00000000	0.75514249	0.00246964	0.00550244
1695619.00000000	0.74753259	-0.00287445	-0.09248242
1690619.00000000	0.72830862	-0.00870557	-0.19221545
1685619.00000000	0.69754099	-0.01466760	-0.29199332
1680619.00000000	0.65688193	-0.02026959	-0.38424741
1675619.00000000	0.60606415	-0.02541901	-0.46889633
1670619.00000000	0.54796161	-0.02984525	-0.54098892
1665619.00000000	0.48461252	-0.03324200	-0.60079559
1660619.00000000	0.41444455	-0.03609207	-0.65111826
1655619.00000000	0.34064804	-0.03848584	-0.69087094
1650619.00000000	0.26101059	-0.04060037	-0.72168784
1645619.00000000	0.17664395	-0.04301825	-0.74269839
1640619.00000000	0.08865814	-0.04527197	-0.75293481
1635619.00000000	-0.00758371	-0.04713260	-0.75128842
1630619.00000000	-0.10536340	-0.04764896	-0.73678079
1625619.00000000	-0.20418549	-0.04645059	-0.70953757
1620619.00000000	-0.30020340	-0.04318771	-0.67086874
1615619.00000000	-0.38857205	-0.03842212	-0.62380557
1610619.00000000	-0.46962460	-0.03269879	-0.56802826
1605619.00000000	-0.53862106	-0.02715598	-0.50751712
1600619.00000000	-0.59714966	-0.02213495	-0.44245905
1595619.00000000	-0.64648584	-0.01755362	-0.37255301
1590619.00000000	-0.68565057	-0.01321252	-0.30076358
1585619.00000000	-0.71714197	-0.00853748	-0.22242307
1580619.00000000	-0.73899838	-0.00353021	-0.14182040
1575619.00000000	-0.75142041	0.00219965	-0.05666522
1570619.00000000	-0.75321707	0.00857773	0.03566208
1565619.00000000	-0.74360599	0.01498877	0.12895157
1560619.00000000	-0.72182196	0.02157196	0.22557486
1555619.00000000	-0.68893994	0.02794772	0.31859094
1550619.00000000	-0.64625458	0.03353214	0.40441489
1545619.00000000	-0.59360687	0.03785745	0.48289886
1540619.00000000	-0.53433661	0.04046750	0.55004227
1535619.00000000	-0.46856586	0.04195016	0.60759076
1530619.00000000	-0.39824442	0.04294388	0.65512601
1525619.00000000	-0.32494028	0.04337482	0.69288580
1520619.00000000	-0.24550125	0.04374646	0.72254858
1515619.00000000	-0.16303400	0.04395337	0.74210333
1510619.00000000	-0.07664651	0.04405688	0.75119897
1505619.00000000	0.01556662	0.04320322	0.74863803
1500619.00000000	0.10884763	0.04151886	0.73378210
1495619.00000000	0.20479288	0.03895544	0.70633908
1490619.00000000	0.29658273	0.03621817	0.66895477
1485619.00000000	0.38352951	0.03314795	0.62258752
1480619.00000000	0.46372601	0.02979007	0.56840433
1475619.00000000	0.53265442	0.02634311	0.50975888
1470619.00000000	0.59283633	0.02301602	0.44493658
1465619.00000000	0.64295969	0.01972812	0.37648224
1460619.00000000	0.68399670	0.01653510	0.30488672
1455619.00000000	0.71746973	0.01273959	0.22760202
1450619.00000000	0.74212079	0.00822128	0.14704044
1445619.00000000	0.75783582	0.00236786	0.06171234
1440619.00000000	0.76328973	-0.00494464	-0.02840396
1435619.00000000	0.75706305	-0.01313977	-0.12142883
1430619.00000000	0.73816867	-0.02194415	-0.21803754
1425619.00000000	0.70726370	-0.03005023	-0.31073480
1420619.00000000	0.66450952	-0.03711954	-0.39872083
1415619.00000000	0.61049341	-0.04273270	-0.47954144
1410619.00000000	0.55007071	-0.04662045	-0.54753860
1405619.00000000	0.48131030	-0.04943811	-0.60671585
1400619.00000000	0.40851898	-0.05142477	-0.65470514
1395619.00000000	0.33163937	-0.05330106	-0.69283041
1390619.00000000	0.24870206	-0.05533667	-0.72209073
1385619.00000000	0.16254156	-0.05710406	-0.74099973
1380619.00000000	0.07054550	-0.05907132	-0.74908514
1375619.00000000	-0.02642584	-0.05996005	-0.74495178
1370619.00000000	-0.12462860	-0.05929663	-0.72804825
1365619.00000000	-0.22438431	-0.05629343	-0.69841721
1360619.00000000	-0.31886707	-0.05078799	-0.65816504
1355619.00000000	-0.40590073	-0.04362549	-0.60905588
1350619.00000000	-0.48459189	-0.03512561	-0.55171747
1345619.00000000	-0.55129892	-0.02670181	-0.48975632
1340619.00000000	-0.60894080	-0.01848798	-0.42170428
1335619.00000000	-0.65588449	-0.01104788	-0.35128711
1330619.00000000	-0.69404504	-0.00380069	-0.27717447
1325619.00000000	-0.72423233	0.00380765	-0.19711978
1320619.00000000	-0.74461572	0.01172955	-0.11455762
1315619.00000000	-0.75495132	0.02016675	-0.02578476
1310619.00000000	-0.75338535	0.02847766	0.06463095
1305619.00000000	-0.73916556	0.03598978	0.15747372
1300619.00000000	-0.71185132	0.04179120	0.25087628
1295619.00000000	-0.67305023	0.04534659	0.33910318
1290619.00000000	-0.62280905	0.04688617	0.42230634
1285619.00000000	-0.56507504	0.04666162	0.49504974
1280619.00000000	-0.50111157	0.04565891	0.55830560
1275619.00000000	-0.43056247	0.04392496	0.61330865
1270619.00000000	-0.35782178	0.04234702	0.65798141
1265619.00000000	-0.27917587	0.04106427	0.69498022
1260619.00000000	-0.19734027	0.04018091	0.72282425
1255619.00000000	-0.11052539	0.03957983	0.74175281
1250619.00000000	-0.01698730	0.03870914	0.75046387
1245619.00000000	0.07814682	0.03742834	0.74770151
1240619.00000000	0.17610062	0.03511734	0.73253854
1235619.00000000	0.27256934	0.03193289	0.70563754
1230619.00000000	0.36190906	0.02720267	0.66860681
1225619.00000000	0.44549408	0.02128568	0.62116782
1220619.00000000	0.51702075	0.01526245	0.56749103
1215619.00000000	0.57856866	0.00882333	0.50734152
1210619.00000000	0.63102020	0.00252917	0.44130429
1205619.00000000	0.67363760	-0.00326306	0.37197086
1200619.00000000	0.70850275	-0.00915182	0.29701971
1195619.00000000	0.73422281	-0.01520047	0.21918854
1190619.00000000	0.75094000	-0.02120139	0.13731659
1185619.00000000	0.75784949	-0.02718500	0.04644299
1180619.00000000	0.75340472	-0.03188516	-0.04543246
1175619.00000000	0.73697690	-0.03483502	-0.14199719
1170619.00000000	0.70906036	-0.03578333	-0.23811319
1165619.00000000	0.67097913	-0.03514117	-0.32933731
1160619.00000000	0.62234247	-0.03394577	-0.41537332
1155619.00000000	0.56674207	-0.03265213	-0.48985104
1150619.00000000	0.50388882	-0.03174860	-0.55466302
1145619.00000000	0.43445541	-0.03122598	-0.61000302
1140619.00000000	0.36130841	-0.03092578	-0.65486407
1135619.00000000	0.28119553	-0.03073010	-0.69194119
1130619.00000000	0.19729703	-0.03055139	-0.71978094
1125619.00000000	0.10605185	-0.03025412	-0.73904068
1120619.00000000	0.00916156	-0.02955225	-0.74790103
1115619.00000000	-0.08996295	-0.02844641	-0.74572040
1110619.00000000	-0.19238715	-0.02614072	-0.73167520
1105619.00000000	-0.28994412	-0.02266574	-0.70631830
1100619.00000000	-0.38178122	-0.01798260	-0.66988123
1095619.00000000	-0.46436761	-0.01299963	-0.62321024
1090619.00000000	-0.53451288	-0.00857999	-0.56914594
1085619.00000000	-0.59532230	-0.00478766	-0.50713806
1080619.00000000	-0.64459058	-0.00150519	-0.44172372
1075619.00000000	-0.68492770	0.00209753	-0.37134763
1070619.00000000	-0.71668973	0.00588757	-0.29494016
1065619.00000000	-0.73823605	0.00989944	-0.21520853
1060619.00000000	-0.74914493	0.01414120	-0.12808011
1055619.00000000	-0.74777646	0.01780936	-0.03624893
1050619.00000000	-0.73386154	0.02035666	0.05880881
1045619.00000000	-0.70744696	0.02150690	0.15756537
1040619.00000000	-0.67138495	0.02189413	0.25165866
1035619.00000000	-0.62567197	0.02237173	0.34199615
1030619.00000000	-0.57305020	0.02335797	0.42306390
1025619.00000000	-0.51442041	0.02473651	0.49442053
1020619.00000000	-0.44956647	0.02661676	0.55701602
1015619.00000000	-0.38210532	0.02849271	0.60879855
1010619.00000000	-0.30958502	0.03062000	0.65291382
1005619.00000000	-0.23271021	0.03289832	0.68910837
1000619.00000000	-0.15270532	0.03534613	0.71712643
995619.00000000	-0.06616928	0.03777048	0.73743814
990619.00000000	0.02305515	0.03988855	0.74798758
985619.00000000	0.11485699	0.04120947	0.74786575
980619.00000000	0.20891898	0.04190741	0.73606558
975619.00000000	0.29791882	0.04098416	0.71273746
970619.00000000	0.38397867	0.03802780	0.67682190
965619.00000000	0.46078931	0.03348431	0.63072552
960619.00000000	0.52727319	0.02819421	0.57702466
955619.00000000	0.58681433	0.02254651	0.51405093
950619.00000000	0.63581982	0.01727637	0.44759756
945619.00000000	0.67712558	0.01196332	0.37554889
940619.00000000	0.71053070	0.00637445	0.29778772
935619.00000000	0.73377515	0.00044128	0.22025208
930619.00000000	0.74953574	-0.00734225	0.12798904
925619.00000000	0.75319177	-0.01547501	0.03627386
920619.00000000	0.74526602	-0.02367105	-0.05876031
915619.00000000	0.72417944	-0.03196835	-0.16115649
910619.00000000	0.69322031	-0.03839581	-0.25513312
905619.00000000	0.64954440	-0.04330936	-0.34944635
900619.00000000	0.59894537	-0.04630276	-0.43108530
895619.00000000	0.54200357	-0.04797012	-0.50212497
890619.00000000	0.47680899	-0.04895886	-0.56571640
885619.00000000	0.40936029	-0.04927271	-0.61734122
880619.00000000	0.33422607	-0.04921350	-0.66222824
875619.00000000	0.25605411	-0.04906696	-0.69758014
870619.00000000	0.17259592	-0.04848160	-0.72453293
865619.00000000	0.08186230	-0.04729446	-0.74247696
860619.00000000	-0.01121375	-0.04545480	-0.74947342
855619.00000000	-0.10985904	-0.04279254	-0.74485172
850619.00000000	-0.20705295	-0.03926260	-0.72828769
845619.00000000	-0.30123599	-0.03486273	-0.70047549
840619.00000000	-0.39073886	-0.02942892	-0.66104395
835619.00000000	-0.46912268	-0.02390466	-0.61293741
830619.00000000	-0.53888135	-0.01859253	-0.55575256
825619.00000000	-0.59701776	-0.01412411	-0.49354861
820619.00000000	-0.64504611	-0.01018063	-0.42764160
815619.00000000	-0.68651178	-0.00640948	-0.35361700
810619.00000000	-0.71832047	-0.00277002	-0.27620010
805619.00000000	-0.74113406	0.00134949	-0.19283701
800619.00000000	-0.75362479	0.00608374	-0.10357123
795619.00000000	-0.75493732	0.01092813	-0.01113586
790619.00000000	-0.74449048	0.01597961	0.08889990
785619.00000000	-0.72329843	0.02076086	0.18592966
780619.00000000	-0.69194690	0.02545966	0.27965424
775619.00000000	-0.65041409	0.03001321	0.36859476
770619.00000000	-0.60090778	0.03397275	0.44786981
765619.00000000	-0.54307983	0.03731274	0.51842993
760619.00000000	-0.48052106	0.03978833	0.57771915
755619.00000000	-0.41304547	0.04168933	0.62772195
750619.00000000	-0.34014993	0.04325140	0.66948053
745619.00000000	-0.26283969	0.04464069	0.70257346
740619.00000000	-0.17738516	0.04582431	0.72789685
735619.00000000	-0.08850244	0.04633057	0.74277115
730619.00000000	0.00737961	0.04588452	0.74714294
725619.00000000	0.10643021	0.04396823	0.73931155
720619.00000000	0.20391663	0.04094391	0.71985867
715619.00000000	0.30117407	0.03513803	0.68758566
710619.00000000	0.38816544	0.02875629	0.64612155
705619.00000000	0.46655994	0.02272931	0.59567300
700619.00000000	0.53602872	0.01581226	0.53675995
695619.00000000	0.59465469	0.01021078	0.47272894
690619.00000000	0.64462817	0.00510065	0.40308853
685619.00000000	0.68473807	0.00014639	0.33125040
680619.00000000	0.71705875	-0.00633957	0.25417245
675619.00000000	0.74088910	-0.01191199	0.17006125
670619.00000000	0.75384433	-0.01758960	0.08300452
665619.00000000	0.75499265	-0.02320712	-0.01030222
660619.00000000	0.74289313	-0.02951038	-0.10932492
655619.00000000	0.71739697	-0.03500415	-0.20735422
650619.00000000	0.67892215	-0.03789264	-0.30275818
645619.00000000	0.63093280	-0.03974091	-0.38912585
640619.00000000	0.57434088	-0.04110776	-0.46666827
635619.00000000	0.51077054	-0.04213379	-0.53475327
630619.00000000	0.44350665	-0.04303641	-0.59182077
625619.00000000	0.36910757	-0.04387006	-0.64171249
620619.00000000	0.29162949	-0.04492630	-0.68179724
615619.00000000	0.20907614	-0.04624994	-0.71342911
610619.00000000	0.12082782	-0.04762234	-0.73575455
605619.00000000	0.02974017	-0.04870929	-0.74765439
600619.00000000	-0.06872018	-0.04888235	-0.74826776
595619.00000000	-0.16712616	-0.04765991	-0.73639203
590619.00000000	-0.26281482	-0.04427759	-0.71261215
585619.00000000	-0.35386926	-0.03864111	-0.67710577
580619.00000000	-0.43277533	-0.03141409	-0.63385257
575619.00000000	-0.50603046	-0.02344696	-0.57943634
570619.00000000	-0.56825760	-0.01567099	-0.51907596
565619.00000000	-0.62004468	-0.00818182	-0.45474954
560619.00000000	-0.66633118	-0.00097614	-0.38066449
555619.00000000	-0.70272714	0.00550494	-0.30298550
550619.00000000	-0.72921078	0.01333670	-0.22288147
545619.00000000	-0.74680170	0.02334500	-0.13538492
540619.00000000	-0.75254834	0.03133618	-0.04712582
535619.00000000	-0.74590805	0.03675607	0.06074506
530619.00000000	-0.72755695	0.04347214	0.15788477
525619.00000000	-0.69947556	0.05137744	0.25299966
520619.00000000	-0.66102124	0.05572202	0.34630447
515619.00000000	-0.61496066	0.05925284	0.43033710
510619.00000000	-0.56096344	0.06154126	0.50552182
505619.00000000	-0.50039380	0.06269827	0.56985464
500619.00000000	-0.43594678	0.06339648	0.62264606
495619.00000000	-0.36810513	0.06442627	0.66512875
490619.00000000	-0.29477936	0.06548062	0.69957190
485619.00000000	-0.21553708	0.06673093	0.72561761
480619.00000000	-0.13123831	0.06745724	0.74192758
475619.00000000	-0.04307065	0.06733740	0.74737741
470619.00000000	0.05174960	0.06510806	0.74141519
465619.00000000	0.14762375	0.06039944	0.72370889
460619.00000000	0.24426910	0.05302115	0.69474454
455619.00000000	0.33665002	0.04352640	0.65616495
450619.00000000	0.42107394	0.03283188	0.60972104
445619.00000000	0.49702933	0.01858707	0.55543631
440619.00000000	0.56094229	0.00775049	0.49802158
435619.00000000	0.61541046	-0.00063916	0.43676450
430619.00000000	0.66047937	-0.00813861	0.37251349
425619.00000000	0.69579568	-0.01529947	0.30634018
420619.00000000	0.72292148	-0.02289453	0.23462958
415619.00000000	0.73910907	-0.03081879	0.16100980
410619.00000000	0.74366824	-0.03895172	0.08383234
405619.00000000	0.73525439	-0.04634698	0.00422614
400619.00000000	0.71385034	-0.05215958	-0.07500955
395619.00000000	0.67933005	-0.05606223	-0.15413425
390619.00000000	0.63476285	-0.05769257	-0.22771600
385619.00000000	0.57921689	-0.05437482	-0.29930380
380619.00000000	0.50371100	-0.06291788	-0.38528949
375619.00000000	0.43540503	-0.05527307	-0.43251758
370619.00000000	0.36088885	-0.04712988	-0.47107684
365619.00000000	0.28371432	-0.03925153	-0.49919885
360619.00000000	0.20343704	-0.03166626	-0.51790912
355619.00000000	0.11864450	-0.02441095	-0.52814432
350619.00000000	0.03497424	-0.01783017	-0.53090497
345619.00000000	-0.05075876	-0.01144339	-0.52734158
340619.00000000	-0.13349377	-0.00510095	-0.51832745
335619.00000000	-0.21128107	0.00162000	-0.50364102
330619.00000000	-0.28465268	0.00900677	-0.48208640
325619.00000000	-0.34784085	0.01623096	-0.45414429
320619.00000000	-0.40261374	0.02293036	-0.41869467
315619.00000000	-0.44594556	0.02807700	-0.37842746
310619.00000000	-0.47820190	0.03151096	-0.33459216
305619.00000000	-0.49860886	0.03333026	-0.28916245
300619.00000000	-0.50634579	0.03385898	-0.24542731
295619.00000000	-0.50209659	0.03377139	-0.20338315
290619.00000000	-0.48698108	0.03360349	-0.16421021
285619.00000000	-0.46326157	0.03350427	-0.12696741
280619.00000000	-0.43220123	0.03348947	-0.09069382
275619.00000000	-0.39704764	0.03352057	-0.05655032
270619.00000000	-0.35741113	0.03311722	-0.02308875
265619.00000000	-0.31387332	0.03169263	0.00831927
260619.00000000	-0.26675201	0.02869583	0.03653571
255619.00000000	-0.21539990	0.02400281	0.06085400
250619.00000000	-0.16322610	0.01820950	0.07971469
245619.00000000	-0.11187244	0.01196353	0.09346646
240619.00000000	-0.06409824	0.00604919	0.10282089
235619.00000000	-0.02201581	0.00126953	0.10840665
230619.00000000	0.01430145	-0.00211829	0.11136697
225619.00000000	0.04438657	-0.00388818	0.11249460
220619.00000000	0.06950272	-0.00447342	0.11257751
215619.00000000	0.09050140	-0.00434280	0.11192581
210619.00000000	0.10677896	-0.00399411	0.11066351
205619.00000000	0.11816452	-0.00386945	0.10807672
200619.00000000	0.12354282	-0.00412927	0.10404205
195619.00000000	0.12303622	-0.00473953	0.09830621
190619.00000000	0.11733023	-0.00540964	0.09090921
185619.00000000	0.10820871	-0.00582254	0.08284952
180619.00000000	0.09726520	-0.00585220	0.07432471
175619.00000000	0.08597763	-0.00558978	0.06641348
170619.00000000	0.07532379	-0.00519818	0.05917374
165619.00000000	0.06553314	-0.00471756	0.05261353
