8047692.00000000	0.00661301	0.00137512	0.02899875
8044692.00000000	0.00688126	0.00149390	0.03077759
8041692.00000000	0.00718954	0.00161728	0.03279358
8038692.00000000	0.00748135	0.00175140	0.03502963
8035692.00000000	0.00782004	0.00193744	0.03746768
8032692.00000000	0.00809271	0.00210089	0.04010944
8029692.00000000	0.00840671	0.00227390	0.04298044
8026692.00000000	0.00876352	0.00249521	0.04623697
8023692.00000000	0.00909802	0.00274475	0.04979147
8020692.00000000	0.00947498	0.00302206	0.05366507
8017692.00000000	0.00985471	0.00332965	0.05787445
8014692.00000000	0.01028867	0.00362839	0.06260345
8011692.00000000	0.01073010	0.00403278	0.06776965
8008692.00000000	0.01117114	0.00445038	0.07344180
8005692.00000000	0.01162094	0.00485724	0.07964801
8002692.00000000	0.01208664	0.00534393	0.08650122
7999692.00000000	0.01258450	0.00581055	0.09387003
7996692.00000000	0.01313757	0.00628220	0.10170349
7993692.00000000	0.01381699	0.00666928	0.10989642
7990692.00000000	0.01460648	0.00700458	0.11831631
7987692.00000000	0.01553680	0.00713672	0.12679047
7984692.00000000	0.01666840	0.00702591	0.13473322
7981692.00000000	0.01803552	0.00664713	0.14191916
7978692.00000000	0.01967810	0.00591168	0.14787585
7975692.00000000	0.02181119	0.00481189	0.15216095
7972692.00000000	0.02436563	0.00338101	0.15427573
7969692.00000000	0.02735477	0.00165591	0.15415811
7966692.00000000	0.03084143	-0.00026117	0.15175699
7963692.00000000	0.03493054	-0.00232098	0.14702637
7960692.00000000	0.03952911	-0.00442776	0.14034177
7957692.00000000	0.04463147	-0.00657358	0.13204922
7954692.00000000	0.05026553	-0.00876422	0.12227875
7951692.00000000	0.05648535	-0.01107413	0.11110876
7948692.00000000	0.06340817	-0.01354187	0.09859366
7945692.00000000	0.07089194	-0.01612643	0.08487143
7942692.00000000	0.07893103	-0.01879736	0.06971393
7939692.00000000	0.08766461	-0.02153607	0.05276157
7936692.00000000	0.09704639	-0.02415506	0.03368451
7933692.00000000	0.10688547	-0.02646832	0.01261514
7930692.00000000	0.11705527	-0.02828055	-0.01065704
7927692.00000000	0.12740790	-0.02935287	-0.03607321
7924692.00000000	0.13778882	-0.02965991	-0.06398474
7921692.00000000	0.14732892	-0.02903476	-0.09282089
7918692.00000000	0.15597775	-0.02755496	-0.12320285
7915692.00000000	0.16311011	-0.02548593	-0.15375674
7912692.00000000	0.16860318	-0.02291431	-0.18511969
7909692.00000000	0.17219864	-0.02020294	-0.21613745
7906692.00000000	0.17369669	-0.01764124	-0.24681415
7903692.00000000	0.17313510	-0.01554709	-0.27668115
7900692.00000000	0.17086450	-0.01403815	-0.30591589
7897692.00000000	0.16712128	-0.01316754	-0.33455716
7894692.00000000	0.16202969	-0.01300623	-0.36207700
7891692.00000000	0.15581033	-0.01330038	-0.38883481
7888692.00000000	0.14853687	-0.01393005	-0.41479877
7885692.00000000	0.13975189	-0.01473309	-0.44024387
7882692.00000000	0.12936337	-0.01543716	-0.46430270
7879692.00000000	0.11751349	-0.01581259	-0.48633044
7876692.00000000	0.10366772	-0.01572159	-0.50650821
7873692.00000000	0.08721155	-0.01503802	-0.52460104
7870692.00000000	0.06813940	-0.01376813	-0.53979181
7867692.00000000	0.04640601	-0.01206030	-0.55179025
7864692.00000000	0.02198495	-0.00993652	-0.56045181
7861692.00000000	-0.00544589	-0.00744113	-0.56589163
7858692.00000000	-0.03566577	-0.00455728	-0.56767520
7855692.00000000	-0.06785168	-0.00152185	-0.56570557
7852692.00000000	-0.10072668	0.00151724	-0.55997354
7849692.00000000	-0.13453964	0.00463632	-0.55026648
7846692.00000000	-0.16917474	0.00781531	-0.53642889
7843692.00000000	-0.20300989	0.01090085	-0.51899060
7840692.00000000	-0.23599139	0.01379330	-0.49805875
7837692.00000000	-0.26855038	0.01647238	-0.47331287
7834692.00000000	-0.30042621	0.01895917	-0.44501721
7831692.00000000	-0.33123438	0.02105240	-0.41392062
7828692.00000000	-0.36083469	0.02256104	-0.38067661
7825692.00000000	-0.38974539	0.02348941	-0.34501892
7822692.00000000	-0.41822580	0.02386340	-0.30699243
7819692.00000000	-0.44568784	0.02370709	-0.26734073
7816692.00000000	-0.47103586	0.02308289	-0.22772260
7813692.00000000	-0.49487408	0.02204462	-0.18705331
7810692.00000000	-0.51687665	0.02081216	-0.14542038
7807692.00000000	-0.53656827	0.01962009	-0.10273505
7804692.00000000	-0.55316953	0.01853995	-0.05985217
7801692.00000000	-0.56638574	0.01769510	-0.01728043
7798692.00000000	-0.57632373	0.01714957	0.02664148
7795692.00000000	-0.58259909	0.01685117	0.07169168
7792692.00000000	-0.58488809	0.01689243	0.11600113
7789692.00000000	-0.58315469	0.01721622	0.16040872
7786692.00000000	-0.57735968	0.01769232	0.20520847
7783692.00000000	-0.56710110	0.01831128	0.25084039
7780692.00000000	-0.55269235	0.01883160	0.29566599
7777692.00000000	-0.53412173	0.01925854	0.33923090
7774692.00000000	-0.51199335	0.01946387	0.38097110
7771692.00000000	-0.48527344	0.01935028	0.42218811
7768692.00000000	-0.45519574	0.01886111	0.46096753
7765692.00000000	-0.42247531	0.01794391	0.49660168
7762692.00000000	-0.38757434	0.01666916	0.52888684
7759692.00000000	-0.34918695	0.01518539	0.55901193
7756692.00000000	-0.30878235	0.01337711	0.58574533
7753692.00000000	-0.26710629	0.01139554	0.60875174
7750692.00000000	-0.22515213	0.00955029	0.62790018
7747692.00000000	-0.18189560	0.00763257	0.64405600
7744692.00000000	-0.13669940	0.00570154	0.65729745
7741692.00000000	-0.09186343	0.00383051	0.66717032
7738692.00000000	-0.04708517	0.00213788	0.67380038
7735692.00000000	-0.00184412	0.00049951	0.67761618
7732692.00000000	0.04566626	-0.00153943	0.67831995
7729692.00000000	0.09220483	-0.00375409	0.67595123
7726692.00000000	0.13869449	-0.00620486	0.67031912
7723692.00000000	0.18481934	-0.00879636	0.66145227
7720692.00000000	0.23157648	-0.01169598	0.64864145
7717692.00000000	0.27815302	-0.01470993	0.63205301
7714692.00000000	0.32274081	-0.01767999	0.61161227
7711692.00000000	0.36521310	-0.02062500	0.58792963
7708692.00000000	0.40730167	-0.02347614	0.55963483
7705692.00000000	0.44807208	-0.02608878	0.52675293
7702692.00000000	0.48497998	-0.02813889	0.49178204
7699692.00000000	0.51863519	-0.02982361	0.45434152
7696692.00000000	0.54974039	-0.03117520	0.41403513
7693692.00000000	0.57831058	-0.03157278	0.37035406
7690692.00000000	0.60296030	-0.03152094	0.32573145
7687692.00000000	0.62362607	-0.03117264	0.28106610
7684692.00000000	0.64118781	-0.03063388	0.23527469
7681692.00000000	0.65560056	-0.02999707	0.18794830
7678692.00000000	0.66677209	-0.02921533	0.14037396
7675692.00000000	0.67442593	-0.02861362	0.09355228
7672692.00000000	0.67898785	-0.02797479	0.04749832
7669692.00000000	0.68044196	-0.02740927	-0.00057101
7666692.00000000	0.67869946	-0.02687195	-0.04924567
7663692.00000000	0.67365335	-0.02641721	-0.09692261
7660692.00000000	0.66524307	-0.02581451	-0.14435510
7657692.00000000	0.65289227	-0.02516495	-0.19270053
7654692.00000000	0.63634018	-0.02420740	-0.24179687
7651692.00000000	0.61651035	-0.02303690	-0.28858954
7648692.00000000	0.59321194	-0.02162088	-0.33343811
7645692.00000000	0.56564810	-0.01991064	-0.37753040
7642692.00000000	0.53388022	-0.01790573	-0.42030618
7639692.00000000	0.49932263	-0.01587320	-0.45989832
7636692.00000000	0.46239651	-0.01384610	-0.49611243
7633692.00000000	0.42299915	-0.01167288	-0.52903140
7630692.00000000	0.38009775	-0.00961865	-0.55948846
7627692.00000000	0.33657614	-0.00754709	-0.58558502
7624692.00000000	0.29251971	-0.00564139	-0.60777530
7621692.00000000	0.24757190	-0.00372186	-0.62646112
7618692.00000000	0.20073083	-0.00181177	-0.64221201
7615692.00000000	0.15262799	-0.00031454	-0.65488437
7612692.00000000	0.10514560	0.00099213	-0.66402493
7609692.00000000	0.05913815	0.00241647	-0.66974030
7606692.00000000	0.01188025	0.00392819	-0.67266995
7603692.00000000	-0.03692212	0.00547278	-0.67266440
7600692.00000000	-0.08411780	0.00707480	-0.66953363
7597692.00000000	-0.13042288	0.00895078	-0.66340186
7594692.00000000	-0.17773062	0.01102393	-0.65372098
7591692.00000000	-0.22526785	0.01337982	-0.64018469
7588692.00000000	-0.27129620	0.01583954	-0.62337485
7585692.00000000	-0.31604813	0.01844281	-0.60303003
7582692.00000000	-0.35915167	0.02123474	-0.57925418
7579692.00000000	-0.40144440	0.02395517	-0.55135785
7576692.00000000	-0.44123978	0.02657474	-0.52031665
7573692.00000000	-0.47742059	0.02877139	-0.48729538
7570692.00000000	-0.51168903	0.03041000	-0.45093848
7567692.00000000	-0.54333636	0.03213831	-0.41181787
7564692.00000000	-0.57190915	0.03337643	-0.37008508
7561692.00000000	-0.59646674	0.03435693	-0.32792511
7558692.00000000	-0.61704379	0.03552963	-0.28538519
7555692.00000000	-0.63488232	0.03597485	-0.24100702
7552692.00000000	-0.64976007	0.03616647	-0.19485178
7549692.00000000	-0.66105597	0.03617645	-0.14871732
7546692.00000000	-0.66904559	0.03619284	-0.10346982
7543692.00000000	-0.67402072	0.03607596	-0.05735300
7540692.00000000	-0.67601770	0.03608936	-0.00880090
7537692.00000000	-0.67472958	0.03588556	0.03913556
7534692.00000000	-0.67034305	0.03560269	0.08635141
7531692.00000000	-0.66260410	0.03510202	0.13397714
7528692.00000000	-0.65129626	0.03423264	0.18246051
7525692.00000000	-0.63628293	0.03292722	0.23093652
7522692.00000000	-0.61787195	0.03121970	0.27803040
7519692.00000000	-0.59619058	0.02879999	0.32334476
7516692.00000000	-0.57014304	0.02600900	0.36853793
7513692.00000000	-0.54014603	0.02272626	0.41200946
7510692.00000000	-0.50767096	0.01926642	0.45182205
7507692.00000000	-0.47264212	0.01566251	0.48817801
7504692.00000000	-0.43463834	0.01213257	0.52148828
7501692.00000000	-0.39332831	0.00868796	0.55192361
7498692.00000000	-0.35080963	0.00568591	0.57828754
7495692.00000000	-0.30801566	0.00296808	0.60018048
7492692.00000000	-0.26352682	0.00063290	0.61891473
7489692.00000000	-0.21707773	-0.00155716	0.63446509
7486692.00000000	-0.16996347	-0.00345834	0.64654807
7483692.00000000	-0.12312097	-0.00504196	0.65514645
7480692.00000000	-0.07602002	-0.00645026	0.66064355
7477692.00000000	-0.02795328	-0.00778845	0.66307013
7474692.00000000	0.02109552	-0.00917578	0.66217371
7471692.00000000	0.06948285	-0.01059326	0.65791248
7468692.00000000	0.11755502	-0.01207172	0.65045935
7465692.00000000	0.16637106	-0.01362830	0.63940793
7462692.00000000	0.21529150	-0.01527103	0.62456784
7459692.00000000	0.26282034	-0.01697684	0.60621783
7456692.00000000	0.30879791	-0.01867682	0.58439136
7453692.00000000	0.35399454	-0.02031653	0.55875934
7450692.00000000	0.39857462	-0.02186707	0.52883502
7447692.00000000	0.44003549	-0.02329959	0.49598532
7444692.00000000	0.47818991	-0.02456613	0.46079398
7441692.00000000	0.51343900	-0.02572147	0.42312524
7438692.00000000	0.54613699	-0.02681186	0.38234650
7435692.00000000	0.57508514	-0.02760022	0.34019229
7432692.00000000	0.59967831	-0.02811624	0.29777850
7429692.00000000	0.62087198	-0.02840359	0.25451651
7426692.00000000	0.63884900	-0.02856787	0.21004913
7423692.00000000	0.65382779	-0.02877234	0.16366696
7420692.00000000	0.66508533	-0.02889557	0.11816312
7417692.00000000	0.67308188	-0.02905026	0.07284619
7414692.00000000	0.67798328	-0.02928827	0.02670605
7411692.00000000	0.67969595	-0.02952490	-0.02056647
7408692.00000000	0.67809970	-0.02989755	-0.06715634
7405692.00000000	0.67307986	-0.03023279	-0.11342477
7402692.00000000	0.66455350	-0.03047736	-0.16014673
7399692.00000000	0.65205029	-0.03065591	-0.20766495
7396692.00000000	0.63566040	-0.03051151	-0.25451831
7393692.00000000	0.61576740	-0.03010815	-0.29924442
7390692.00000000	0.59190033	-0.02940259	-0.34314127
7387692.00000000	0.56357544	-0.02832425	-0.38643973
7384692.00000000	0.53111426	-0.02688129	-0.42800562
7381692.00000000	0.49593539	-0.02499963	-0.46610495
7378692.00000000	0.45819781	-0.02289322	-0.50118372
7375692.00000000	0.41701797	-0.02030151	-0.53356424
7372692.00000000	0.37321024	-0.01748053	-0.56282831
7369692.00000000	0.32907101	-0.01448987	-0.58777686
7366692.00000000	0.28449228	-0.01134964	-0.60883133
7363692.00000000	0.23790979	-0.00838409	-0.62696072
7360692.00000000	0.18991998	-0.00558014	-0.64197763
7357692.00000000	0.14253818	-0.00304410	-0.65338126
7354692.00000000	0.09583124	-0.00056985	-0.66146402
7351692.00000000	0.04878180	0.00184399	-0.66667117
7348692.00000000	-0.00041998	0.00439178	-0.66890042
7345692.00000000	-0.04909073	0.00684134	-0.66798965
7342692.00000000	-0.09678024	0.00947260	-0.66390369
7339692.00000000	-0.14412851	0.01210306	-0.65651315
7336692.00000000	-0.19242029	0.01516611	-0.64538672
7333692.00000000	-0.24011282	0.01816318	-0.63058005
7330692.00000000	-0.28580658	0.02122296	-0.61220679
7327692.00000000	-0.33009137	0.02379910	-0.59030594
7324692.00000000	-0.37395535	0.02637427	-0.56398822
7321692.00000000	-0.41590244	0.02892258	-0.53379657
7318692.00000000	-0.45471790	0.03106238	-0.50076523
7315692.00000000	-0.49026700	0.03279272	-0.46540228
7312692.00000000	-0.52369467	0.03408047	-0.42653183
7309692.00000000	-0.55432697	0.03498270	-0.38477090
7306692.00000000	-0.58108282	0.03558521	-0.34181165
7303692.00000000	-0.60392432	0.03594095	-0.29862183
7300692.00000000	-0.62376883	0.03584827	-0.25395114
7297692.00000000	-0.64056540	0.03571140	-0.20776236
7294692.00000000	-0.65418921	0.03544528	-0.16100778
7291692.00000000	-0.66424960	0.03518225	-0.11534476
7288692.00000000	-0.67133231	0.03501749	-0.06954065
7285692.00000000	-0.67555426	0.03484610	-0.02216333
7282692.00000000	-0.67667828	0.03472614	0.02553699
7279692.00000000	-0.67460291	0.03451132	0.07228000
7276692.00000000	-0.66951129	0.03424918	0.11852292
7273692.00000000	-0.66086545	0.03375217	0.16587177
7270692.00000000	-0.64849316	0.03290155	0.21347693
7267692.00000000	-0.63262775	0.03162875	0.26005731
7264692.00000000	-0.61335736	0.02989206	0.30494482
7261692.00000000	-0.58997226	0.02758984	0.34940939
7258692.00000000	-0.56205551	0.02460104	0.39339102
7255692.00000000	-0.53091635	0.02121521	0.43418964
7252692.00000000	-0.49694534	0.01750528	0.47189160
7249692.00000000	-0.45968683	0.01334229	0.50707120
7246692.00000000	-0.41888177	0.00908752	0.53952628
7243692.00000000	-0.37606931	0.00484909	0.56826147
7240692.00000000	-0.33235907	0.00089777	0.59276315
7237692.00000000	-0.28757330	-0.00271060	0.61370444
7234692.00000000	-0.24088596	-0.00602463	0.63133875
7231692.00000000	-0.19266550	-0.00897815	0.64587433
7228692.00000000	-0.14468320	-0.01159595	0.65673398
7225692.00000000	-0.09702335	-0.01386859	0.66411176
7222692.00000000	-0.04899121	-0.01596759	0.66871213
7219692.00000000	0.00076785	-0.01814694	0.67023093
7216692.00000000	0.04961234	-0.02033398	0.66860397
7213692.00000000	0.09741425	-0.02250513	0.66403842
7210692.00000000	0.14580206	-0.02482794	0.65614203
7207692.00000000	0.19526730	-0.02709363	0.64454709
7204692.00000000	0.24413089	-0.02949332	0.62929312
7201692.00000000	0.29118280	-0.03181906	0.61078989
7198692.00000000	0.33656339	-0.03400018	0.58887173
7195692.00000000	0.38169260	-0.03606732	0.56269891
7192692.00000000	0.42520639	-0.03782550	0.53246902
7189692.00000000	0.46484180	-0.03912527	0.49988116
7186692.00000000	0.50135641	-0.04014337	0.46466977
7183692.00000000	0.53546472	-0.04092908	0.42604239
7180692.00000000	0.56657755	-0.04121225	0.38458203
7177692.00000000	0.59329333	-0.04123282	0.34250330
7174692.00000000	0.61611429	-0.04101096	0.29973752
7171692.00000000	0.63575571	-0.04060623	0.25540994
7168692.00000000	0.65221997	-0.04013043	0.20945441
7165692.00000000	0.66504739	-0.03973480	0.16369281
7162692.00000000	0.67446414	-0.03936542	0.11825146
7159692.00000000	0.68079773	-0.03908838	0.07244519
7156692.00000000	0.68410690	-0.03894983	0.02476218
7153692.00000000	0.68423520	-0.03894391	-0.02259534
7150692.00000000	0.68110080	-0.03890225	-0.06963333
7147692.00000000	0.67487271	-0.03891003	-0.11619553
7144692.00000000	0.66500916	-0.03877176	-0.16403903
7141692.00000000	0.65131155	-0.03843997	-0.21211371
7138692.00000000	0.63430698	-0.03775836	-0.25882687
7135692.00000000	0.61365863	-0.03674472	-0.30440860
7132692.00000000	0.58880884	-0.03520444	-0.34960089
7129692.00000000	0.56000589	-0.03313788	-0.39340228
7126692.00000000	0.52806207	-0.03070383	-0.43447552
7123692.00000000	0.49348209	-0.02793076	-0.47224673
7120692.00000000	0.45603394	-0.02483801	-0.50708740
7117692.00000000	0.41489819	-0.02145682	-0.53968185
7114692.00000000	0.37198602	-0.01800397	-0.56837177
7111692.00000000	0.32863977	-0.01475391	-0.59265509
7108692.00000000	0.28415479	-0.01157993	-0.61343021
7105692.00000000	0.23785568	-0.00842325	-0.63104221
7102692.00000000	0.19003998	-0.00549866	-0.64566580
7099692.00000000	0.14338232	-0.00275446	-0.65636560
7096692.00000000	0.09660361	-0.00023959	-0.66408304
7093692.00000000	0.04835275	0.00240817	-0.66895737
7090692.00000000	-0.00058487	0.00509250	-0.67071298
7087692.00000000	-0.04916214	0.00808157	-0.66952417
7084692.00000000	-0.09687921	0.01110730	-0.66505124
7081692.00000000	-0.14566205	0.01481546	-0.65722415
7078692.00000000	-0.19488947	0.01885602	-0.64577753
7075692.00000000	-0.24315729	0.02304355	-0.63074832
7072692.00000000	-0.28958484	0.02730750	-0.61230429
7069692.00000000	-0.33506421	0.03159290	-0.59017957
7066692.00000000	-0.38050122	0.03595981	-0.56355106
7063692.00000000	-0.42349655	0.03996622	-0.53331406
7060692.00000000	-0.46343628	0.04339566	-0.50017822
7057692.00000000	-0.50056561	0.04636368	-0.46425217
7054692.00000000	-0.53517255	0.04867123	-0.42502512
7051692.00000000	-0.56621219	0.05012738	-0.38357169
7048692.00000000	-0.59314792	0.05079172	-0.34136636
7045692.00000000	-0.61635983	0.05087653	-0.29824615
7042692.00000000	-0.63643021	0.05045547	-0.25342090
7039692.00000000	-0.65336115	0.04964154	-0.20691183
7036692.00000000	-0.66659711	0.04862439	-0.16068506
7033692.00000000	-0.67639291	0.04756061	-0.11488074
7030692.00000000	-0.68316702	0.04644763	-0.06850717
7027692.00000000	-0.68701196	0.04524548	-0.02046411
7024692.00000000	-0.68760724	0.04406229	0.02726410
7021692.00000000	-0.68510458	0.04281937	0.07421463
7018692.00000000	-0.67933710	0.04139273	0.12168787
7015692.00000000	-0.67000507	0.03963727	0.17067490
7012692.00000000	-0.65690305	0.03761600	0.21939716
7009692.00000000	-0.64030554	0.03513129	0.26645004
7006692.00000000	-0.61997784	0.03215518	0.31251065
7003692.00000000	-0.59534134	0.02875885	0.35788089
7000692.00000000	-0.56691626	0.02490051	0.40127951
6997692.00000000	-0.53557288	0.02079489	0.44114792
6994692.00000000	-0.50124200	0.01657281	0.47769739
6991692.00000000	-0.46373694	0.01234348	0.51132788
6988692.00000000	-0.42307379	0.00828613	0.54207700
6985692.00000000	-0.38077829	0.00474863	0.56854639
6982692.00000000	-0.33775677	0.00164209	0.59100885
6979692.00000000	-0.29289670	-0.00108743	0.61022873
6976692.00000000	-0.24644519	-0.00334766	0.62627820
6973692.00000000	-0.19895853	-0.00544919	0.63906165
6970692.00000000	-0.15192673	-0.00694894	0.64832062
6967692.00000000	-0.10453696	-0.00824106	0.65469626
6964692.00000000	-0.05545218	-0.00956656	0.65818497
6961692.00000000	-0.00637610	-0.01098300	0.65868329
6958692.00000000	0.04197238	-0.01261459	0.65598236
6955692.00000000	0.08976688	-0.01431717	0.65038904
6952692.00000000	0.13861572	-0.01634100	0.64142010
6949692.00000000	0.18760541	-0.01853708	0.62891647
6946692.00000000	0.23511404	-0.02089276	0.61327054
6943692.00000000	0.28146603	-0.02340643	0.59419855
6940692.00000000	0.32726651	-0.02606219	0.57137143
6937692.00000000	0.37292230	-0.02848093	0.54402606
6934692.00000000	0.41514069	-0.03059259	0.51412659
6931692.00000000	0.45405084	-0.03248352	0.48184225
6928692.00000000	0.49044162	-0.03411160	0.44671936
6925692.00000000	0.52455435	-0.03526962	0.40805115
6922692.00000000	0.55457767	-0.03582663	0.36815656
6919692.00000000	0.58084689	-0.03606366	0.32717743
6916692.00000000	0.60390329	-0.03585583	0.28449377
6913692.00000000	0.62377963	-0.03541061	0.24007932
6910692.00000000	0.64007843	-0.03475861	0.19478214
6907692.00000000	0.65286072	-0.03409055	0.14955399
6904692.00000000	0.66231900	-0.03340900	0.10415576
6901692.00000000	0.66872296	-0.03274472	0.05826563
6898692.00000000	0.67197443	-0.03198950	0.01137552
6895692.00000000	0.67204367	-0.03129904	-0.03490057
6892692.00000000	0.66903616	-0.03054651	-0.08081332
6889692.00000000	0.66283301	-0.02964197	-0.12717462
6886692.00000000	0.65304190	-0.02831503	-0.17475061
6883692.00000000	0.63976663	-0.02660834	-0.22150830
6880692.00000000	0.62333981	-0.02415454	-0.26674249
6877692.00000000	0.60333160	-0.02189456	-0.31133035
6874692.00000000	0.57890213	-0.01923328	-0.35590686
6871692.00000000	0.55120886	-0.01625092	-0.39828821
6868692.00000000	0.52039127	-0.01295889	-0.43798676
6865692.00000000	0.48662799	-0.00956561	-0.47489258
6862692.00000000	0.44924243	-0.00585880	-0.50956360
6859692.00000000	0.40945129	-0.00222766	-0.54081165
6856692.00000000	0.36787228	0.00117862	-0.56844055
6853692.00000000	0.32545740	0.00432388	-0.59205957
6850692.00000000	0.28119843	0.00729611	-0.61259073
6847692.00000000	0.23476459	0.00995303	-0.62999420
6844692.00000000	0.18892868	0.01235291	-0.64365347
6841692.00000000	0.14315167	0.01451035	-0.65392883
6838692.00000000	0.09659662	0.01649689	-0.66134299
6835692.00000000	0.04871899	0.01849854	-0.66577542
6832692.00000000	0.00128162	0.02066412	-0.66728030
6829692.00000000	-0.04583896	0.02254321	-0.66549307
6826692.00000000	-0.09341013	0.02439362	-0.66069403
6823692.00000000	-0.14155624	0.02630923	-0.65247403
6820692.00000000	-0.18981009	0.02820374	-0.64063596
6817692.00000000	-0.23619583	0.02997232	-0.62546637
6814692.00000000	-0.28187802	0.03150616	-0.60673154
6811692.00000000	-0.32708221	0.03282990	-0.58390714
6808692.00000000	-0.37059723	0.03391135	-0.55757840
6805692.00000000	-0.41186441	0.03449841	-0.52794998
6802692.00000000	-0.45080200	0.03460794	-0.49512854
6799692.00000000	-0.48730978	0.03430109	-0.45919904
6796692.00000000	-0.52129474	0.03358481	-0.42017511
6793692.00000000	-0.55147461	0.03254358	-0.37955759
6790692.00000000	-0.57793652	0.03124777	-0.33776434
6787692.00000000	-0.60116238	0.02981537	-0.29438904
6784692.00000000	-0.62105597	0.02827609	-0.24969836
6781692.00000000	-0.63747742	0.02682425	-0.20431747
6778692.00000000	-0.65051453	0.02543863	-0.15863693
6775692.00000000	-0.66029404	0.02419272	-0.11280820
6772692.00000000	-0.66702133	0.02310699	-0.06577277
6769692.00000000	-0.67056165	0.02217447	-0.01874088
6766692.00000000	-0.67094855	0.02137076	0.02821091
6763692.00000000	-0.66817783	0.02063403	0.07508887
6760692.00000000	-0.66204474	0.01978308	0.12275784
6757692.00000000	-0.65234308	0.01879916	0.17070483
6754692.00000000	-0.63928522	0.01764230	0.21745877
6751692.00000000	-0.62252307	0.01613730	0.26384299
6748692.00000000	-0.60207169	0.01422958	0.30896356
6745692.00000000	-0.57732758	0.01196039	0.35367606
6742692.00000000	-0.54912680	0.00932617	0.39601477
6739692.00000000	-0.51758374	0.00648633	0.43563690
6736692.00000000	-0.48285117	0.00345078	0.47252612
6733692.00000000	-0.44475214	0.00017142	0.50662354
6730692.00000000	-0.40416199	-0.00308685	0.53734088
6727692.00000000	-0.36228067	-0.00614801	0.56405154
6724692.00000000	-0.31849783	-0.00898718	0.58737115
6721692.00000000	-0.27283502	-0.01160202	0.60746747
6718692.00000000	-0.22586145	-0.01400772	0.62413626
6715692.00000000	-0.17920203	-0.01592453	0.63724323
6712692.00000000	-0.13233572	-0.01769550	0.64711029
6709692.00000000	-0.08449097	-0.01946161	0.65407422
6706692.00000000	-0.03560452	-0.02115378	0.65806766
6703692.00000000	0.01300446	-0.02267532	0.65887604
6700692.00000000	0.06180969	-0.02412845	0.65677280
6697692.00000000	0.11111652	-0.02554944	0.65147495
6694692.00000000	0.16073260	-0.02706409	0.64280679
6691692.00000000	0.21006219	-0.02841592	0.63068689
6688692.00000000	0.25798865	-0.02951184	0.61546829
6685692.00000000	0.30570355	-0.03033124	0.59658127
6682692.00000000	0.35258618	-0.03085495	0.57400208
6679692.00000000	0.39739490	-0.03130078	0.54806064
6676692.00000000	0.43956122	-0.03142023	0.51905075
6673692.00000000	0.47935181	-0.03125415	0.48683231
6670692.00000000	0.51658957	-0.03068228	0.45133490
6667692.00000000	0.54980801	-0.02971152	0.41387970
6664692.00000000	0.57915582	-0.02862943	0.37459833
6661692.00000000	0.60470667	-0.02743008	0.33368234
6658692.00000000	0.62675790	-0.02626514	0.29094751
6655692.00000000	0.64525183	-0.02514261	0.24696368
6652692.00000000	0.65971710	-0.02388361	0.20274475
6649692.00000000	0.67081549	-0.02244733	0.15770898
6646692.00000000	0.67868506	-0.02113385	0.11198996
6643692.00000000	0.68332910	-0.01982919	0.06492511
6640692.00000000	0.68449771	-0.01856445	0.01854810
6637692.00000000	0.68246075	-0.01721460	-0.02790576
6634692.00000000	0.67706967	-0.01574121	-0.07512006
6631692.00000000	0.66794489	-0.01407339	-0.12318762
6628692.00000000	0.65517239	-0.01216003	-0.17085339
6625692.00000000	0.63909662	-0.00997421	-0.21703439
6622692.00000000	0.61907816	-0.00727332	-0.26296820
6619692.00000000	0.59469858	-0.00421835	-0.30930923
6616692.00000000	0.56645764	-0.00091809	-0.35434619
6613692.00000000	0.53509073	0.00259714	-0.39686066
6610692.00000000	0.50054224	0.00613934	-0.43703754
6607692.00000000	0.46280621	0.00958994	-0.47473938
6604692.00000000	0.42230307	0.01290887	-0.50979523
6601692.00000000	0.38037491	0.01586920	-0.54082706
6598692.00000000	0.33718906	0.01855914	-0.56829449
6595692.00000000	0.29238858	0.02074438	-0.59248758
6592692.00000000	0.24622412	0.02254034	-0.61342453
6589692.00000000	0.19993643	0.02384592	-0.63076962
6586692.00000000	0.15339282	0.02477261	-0.64476917
6583692.00000000	0.10691821	0.02545490	-0.65555127
6580692.00000000	0.05935498	0.02586588	-0.66345062
6577692.00000000	0.01201041	0.02618872	-0.66826056
6574692.00000000	-0.03503876	0.02632242	-0.67008566
6571692.00000000	-0.08219376	0.02636313	-0.66896445
6568692.00000000	-0.13015265	0.02629861	-0.66459143
6565692.00000000	-0.17808401	0.02610434	-0.65698151
6562692.00000000	-0.22496228	0.02575101	-0.64618646
6559692.00000000	-0.27221936	0.02489908	-0.63150699
6556692.00000000	-0.31837592	0.02407471	-0.61335773
6553692.00000000	-0.36330261	0.02286966	-0.59135822
6550692.00000000	-0.40574194	0.02141339	-0.56631979
6547692.00000000	-0.44621561	0.01968158	-0.53760477
6544692.00000000	-0.48415033	0.01774344	-0.50576364
6541692.00000000	-0.51952139	0.01564545	-0.47050330
6538692.00000000	-0.55143942	0.01356113	-0.43277109
6535692.00000000	-0.57954980	0.01157745	-0.39348434
6532692.00000000	-0.60434103	0.00976672	-0.35201428
6529692.00000000	-0.62583621	0.00814297	-0.30866971
6526692.00000000	-0.64384760	0.00668225	-0.26415665
6523692.00000000	-0.65819049	0.00552084	-0.21965369
6520692.00000000	-0.66922723	0.00455667	-0.17462143
6517692.00000000	-0.67731879	0.00371906	-0.12851068
6514692.00000000	-0.68223517	0.00311908	-0.08176520
6511692.00000000	-0.68396417	0.00260269	-0.03531647
6508692.00000000	-0.68257422	0.00218146	0.01110098
6505692.00000000	-0.67794638	0.00170175	0.05861209
6502692.00000000	-0.66980673	0.00118906	0.10659714
6499692.00000000	-0.65828510	0.00054669	0.15401273
6496692.00000000	-0.64337820	-0.00039499	0.20041446
6493692.00000000	-0.62455292	-0.00155518	0.24722137
6490692.00000000	-0.60173148	-0.00302310	0.29358163
6487692.00000000	-0.57566971	-0.00476947	0.33783313
6484692.00000000	-0.54625839	-0.00669699	0.38016794
6481692.00000000	-0.51365042	-0.00881000	0.42026031
6478692.00000000	-0.47780252	-0.01090125	0.45807111
6475692.00000000	-0.43968283	-0.01302835	0.49250940
6472692.00000000	-0.39977509	-0.01501938	0.52340915
6469692.00000000	-0.35837598	-0.01684692	0.55077402
6466692.00000000	-0.31486105	-0.01845981	0.57495990
6463692.00000000	-0.26992337	-0.01974982	0.59572406
6460692.00000000	-0.22469403	-0.02082693	0.61285214
6457692.00000000	-0.17924536	-0.02171301	0.62643256
6454692.00000000	-0.13312875	-0.02237411	0.63685428
6451692.00000000	-0.08600320	-0.02289548	0.64442178
6448692.00000000	-0.03940359	-0.02334967	0.64880734
6445692.00000000	0.00712570	-0.02365475	0.65015863
6442692.00000000	0.05453238	-0.02386377	0.64846759
6439692.00000000	0.10275244	-0.02407242	0.64374850
6436692.00000000	0.15070715	-0.02420743	0.63566064
6433692.00000000	0.19731500	-0.02422723	0.62458585
6430692.00000000	0.24375305	-0.02407645	0.60986905
6427692.00000000	0.29011511	-0.02373434	0.59148984
6424692.00000000	0.33517953	-0.02328824	0.56946091
6421692.00000000	0.37802591	-0.02260083	0.54417462
6418692.00000000	0.41887259	-0.02186588	0.51554153
6415692.00000000	0.45777731	-0.02085498	0.48339154
6412692.00000000	0.49400208	-0.01967899	0.44827933
6409692.00000000	0.52648746	-0.01829681	0.41121646
6406692.00000000	0.55556287	-0.01684082	0.37228223
6403692.00000000	0.58108368	-0.01514157	0.33172656
6400692.00000000	0.60350961	-0.01347098	0.28904227
6397692.00000000	0.62225565	-0.01177783	0.24550327
6394692.00000000	0.63730402	-0.01012885	0.20204364
6391692.00000000	0.64910440	-0.00850659	0.15798932
6388692.00000000	0.65779599	-0.00686557	0.11204861
6385692.00000000	0.66314581	-0.00531680	0.06623749
6382692.00000000	0.66521667	-0.00384305	0.02046375
6379692.00000000	0.66406064	-0.00240747	-0.02489883
6376692.00000000	0.65957425	-0.00094980	-0.07141000
6373692.00000000	0.65155984	0.00059384	-0.11849829
6370692.00000000	0.64005307	0.00220514	-0.16467264
6367692.00000000	0.62498163	0.00389804	-0.21025891
6364692.00000000	0.60601733	0.00569446	-0.25596353
6361692.00000000	0.58287372	0.00754996	-0.30142215
6358692.00000000	0.55667123	0.00934937	-0.34443756
6355692.00000000	0.52739679	0.01116824	-0.38522540
6352692.00000000	0.49457138	0.01299661	-0.42455280
6349692.00000000	0.45839301	0.01466000	-0.46167328
6346692.00000000	0.42042868	0.01632175	-0.49530936
6343692.00000000	0.38073276	0.01774933	-0.52574725
6340692.00000000	0.33908914	0.01907925	-0.55310208
6337692.00000000	0.29545300	0.02030225	-0.57744995
6334692.00000000	0.25042432	0.02117191	-0.59862817
6331692.00000000	0.20571216	0.02199258	-0.61582462
6328692.00000000	0.16066449	0.02256842	-0.62994415
6325692.00000000	0.11428589	0.02305341	-0.64118637
6322692.00000000	0.06686252	0.02332162	-0.64940237
6319692.00000000	0.01982053	0.02358246	-0.65460803
6316692.00000000	-0.02635455	0.02373535	-0.65661340
6313692.00000000	-0.07373834	0.02381177	-0.65565540
6310692.00000000	-0.12178015	0.02383041	-0.65142606
6307692.00000000	-0.16939630	0.02371133	-0.64403577
6304692.00000000	-0.21563141	0.02350812	-0.63334003
6301692.00000000	-0.26170996	0.02311102	-0.61917310
6298692.00000000	-0.30843607	0.02247714	-0.60082599
6295692.00000000	-0.35320441	0.02151187	-0.57902750
6292692.00000000	-0.39526718	0.02031500	-0.55433960
6289692.00000000	-0.43546188	0.01882269	-0.52627106
6286692.00000000	-0.47398456	0.01703485	-0.49448233
6283692.00000000	-0.50948453	0.01494226	-0.45996323
6280692.00000000	-0.53755045	0.01268417	-0.42109995
6277692.00000000	-0.56949405	0.01047061	-0.38564236
6274692.00000000	-0.59495639	0.00807663	-0.34507727
6271692.00000000	-0.61693973	0.00568323	-0.30297900
6268692.00000000	-0.63538437	0.00324966	-0.25989838
6265692.00000000	-0.65008490	0.00110172	-0.21704428
6262692.00000000	-0.66177411	-0.00100577	-0.17258792
6259692.00000000	-0.67023914	-0.00292468	-0.12735721
6256692.00000000	-0.67535947	-0.00469592	-0.08238074
6253692.00000000	-0.67727820	-0.00623215	-0.03778046
6250692.00000000	-0.67609262	-0.00764108	0.00752032
6247692.00000000	-0.67157855	-0.00895053	0.05339267
6244692.00000000	-0.66361920	-0.01020761	0.09967047
6241692.00000000	-0.65234286	-0.01126260	0.14499521
6238692.00000000	-0.63748437	-0.01209088	0.19034549
6235692.00000000	-0.61870477	-0.01286719	0.23579449
6232692.00000000	-0.59621994	-0.01371576	0.28029263
6229692.00000000	-0.57034235	-0.01427267	0.32299411
6226692.00000000	-0.54141162	-0.01472250	0.36379611
6223692.00000000	-0.50857141	-0.01525674	0.40334293
6220692.00000000	-0.47258694	-0.01574609	0.44062622
6217692.00000000	-0.43416849	-0.01637253	0.47497552
6214692.00000000	-0.39461584	-0.01711465	0.50550629
6211692.00000000	-0.35291980	-0.01781842	0.53294937
6208692.00000000	-0.30928140	-0.01864380	0.55750906
6205692.00000000	-0.26453250	-0.01942136	0.57868503
6202692.00000000	-0.21954645	-0.02024344	0.59631595
6199692.00000000	-0.17422336	-0.02094247	0.61074792
6196692.00000000	-0.12687411	-0.02164413	0.62241672
6193692.00000000	-0.07930347	-0.02226804	0.63101874
6190692.00000000	-0.03233322	-0.02301620	0.63640259
6187692.00000000	0.01432916	-0.02359381	0.63878003
6184692.00000000	0.06182532	-0.02430194	0.63819611
6181692.00000000	0.11049640	-0.02501227	0.63442654
6178692.00000000	0.15891989	-0.02559827	0.62739764
6175692.00000000	0.20637497	-0.02600977	0.61701801
6172692.00000000	0.25412317	-0.02615945	0.60309280
6169692.00000000	0.30192517	-0.02606174	0.58517719
6166692.00000000	0.34797946	-0.02567703	0.56373752
6163692.00000000	0.39165030	-0.02477435	0.53916064
6160692.00000000	0.43369357	-0.02333090	0.51092236
6157692.00000000	0.47406268	-0.02134717	0.47872226
6154692.00000000	0.51134872	-0.01894180	0.44355081
6151692.00000000	0.54451062	-0.01632547	0.40663834
6148692.00000000	0.57420792	-0.01350601	0.36753360
6145692.00000000	0.60071872	-0.01064264	0.32607806
6142692.00000000	0.62357578	-0.00776147	0.28295959
6139692.00000000	0.64253525	-0.00502011	0.23942831
6136692.00000000	0.65791525	-0.00248569	0.19533926
6133692.00000000	0.67015573	0.00001132	0.14989392
6130692.00000000	0.67922983	0.00228940	0.10342386
6127692.00000000	0.68484424	0.00428995	0.05770291
6124692.00000000	0.68732654	0.00612692	0.01226120
6121692.00000000	0.68670483	0.00783713	-0.03433478
6118692.00000000	0.68278397	0.00943414	-0.08161444
6115692.00000000	0.67547235	0.01092630	-0.12854712
6112692.00000000	0.66485580	0.01234814	-0.17462796
6109692.00000000	0.65055325	0.01377008	-0.22065988
6106692.00000000	0.63228851	0.01506662	-0.26704056
6103692.00000000	0.61014960	0.01642706	-0.31244504
6100692.00000000	0.58453036	0.01761090	-0.35596072
6097692.00000000	0.55567975	0.01875903	-0.39729581
6094692.00000000	0.52272177	0.01983029	-0.43725870
6091692.00000000	0.48608926	0.02078088	-0.47512613
6088692.00000000	0.44788196	0.02148538	-0.50867694
6085692.00000000	0.40774863	0.02207016	-0.53888831
6082692.00000000	0.36509744	0.02243097	-0.56592819
6079692.00000000	0.31985522	0.02269641	-0.59012860
6076692.00000000	0.27425665	0.02275964	-0.61031607
6073692.00000000	0.22966809	0.02259137	-0.62647424
6070692.00000000	0.18322058	0.02227182	-0.63994864
6067692.00000000	0.13599850	0.02188898	-0.65026837
6064692.00000000	0.08878220	0.02147220	-0.65752734
6061692.00000000	0.04195102	0.02110989	-0.66172812
6058692.00000000	-0.00543533	0.02062894	-0.66302734
6055692.00000000	-0.05424469	0.02044931	-0.66126416
6052692.00000000	-0.10348334	0.02008289	-0.65621539
6049692.00000000	-0.15139346	0.01967444	-0.64813184
6046692.00000000	-0.19908728	0.01929733	-0.63673849
6043692.00000000	-0.24704749	0.01888269	-0.62159375
6040692.00000000	-0.29400833	0.01828140	-0.60274042
6037692.00000000	-0.33942542	0.01743674	-0.58062347
6034692.00000000	-0.38324078	0.01631140	-0.55508533
6031692.00000000	-0.42571811	0.01488516	-0.52567001
6028692.00000000	-0.46629428	0.01296637	-0.49266946
6025692.00000000	-0.50370038	0.01065073	-0.45706268
6022692.00000000	-0.53720850	0.00807285	-0.41992905
6019692.00000000	-0.56769000	0.00517496	-0.38043365
6016692.00000000	-0.59506091	0.00215308	-0.33875327
6013692.00000000	-0.61885535	-0.00096552	-0.29563968
6010692.00000000	-0.63871982	-0.00407349	-0.25230872
6007692.00000000	-0.65515045	-0.00714563	-0.20828149
6004692.00000000	-0.66860147	-0.01014984	-0.16283188
6001692.00000000	-0.67862180	-0.01301279	-0.11718317
5998692.00000000	-0.68540274	-0.01565479	-0.07171500
5995692.00000000	-0.68903134	-0.01810782	-0.02666888
5992692.00000000	-0.68961450	-0.02048566	0.01975131
5989692.00000000	-0.68687375	-0.02272101	0.06656375
5986692.00000000	-0.68090912	-0.02492731	0.11305029
5983692.00000000	-0.67163550	-0.02702203	0.15827539
5980692.00000000	-0.65864093	-0.02909766	0.20406717
5977692.00000000	-0.64148663	-0.03111646	0.25021664
5974692.00000000	-0.62084000	-0.03286926	0.29469501
5971692.00000000	-0.59659006	-0.03431552	0.33727554
5968692.00000000	-0.56860040	-0.03556674	0.37829584
5965692.00000000	-0.53674835	-0.03654178	0.41756564
5962692.00000000	-0.50137872	-0.03732269	0.45447635
5959692.00000000	-0.46395105	-0.03771310	0.48781110
5956692.00000000	-0.42364825	-0.03775693	0.51825870
5953692.00000000	-0.38082138	-0.03729788	0.54581543
5950692.00000000	-0.33584247	-0.03638541	0.57010321
5947692.00000000	-0.29024161	-0.03516724	0.59052856
5944692.00000000	-0.24435974	-0.03394440	0.60743597
5941692.00000000	-0.19694708	-0.03246106	0.62130292
5938692.00000000	-0.14850793	-0.03077188	0.63219958
5935692.00000000	-0.10045840	-0.02915598	0.63976492
5932692.00000000	-0.05134738	-0.02734918	0.64449942
5929692.00000000	-0.00164163	-0.02550922	0.64596542
5926692.00000000	0.04805453	-0.02355023	0.64448874
5923692.00000000	0.09767557	-0.02137097	0.63972821
5920692.00000000	0.14651089	-0.01914429	0.63196051
5917692.00000000	0.19545969	-0.01677551	0.62082178
5914692.00000000	0.24499490	-0.01404959	0.60586670
5911692.00000000	0.29361072	-0.01113113	0.58731238
5908692.00000000	0.34032562	-0.00796408	0.56545282
5905692.00000000	0.38522025	-0.00457584	0.54041501
5902692.00000000	0.42889551	-0.00091504	0.51130148
5899692.00000000	0.47030029	0.00302188	0.47880966
5896692.00000000	0.50804562	0.00701566	0.44396701
5893692.00000000	0.54211984	0.01095178	0.40709708
5890692.00000000	0.57290414	0.01483481	0.36790836
5887692.00000000	0.60070203	0.01875208	0.32603586
5884692.00000000	0.62437262	0.02252310	0.28322339
5881692.00000000	0.64385452	0.02601270	0.24037610
5878692.00000000	0.65991055	0.02925702	0.19632016
5875692.00000000	0.67267554	0.03244260	0.15105997
5872692.00000000	0.68179666	0.03545279	0.10603278
5869692.00000000	0.68764978	0.03828870	0.06102490
5866692.00000000	0.69034265	0.04092651	0.01579138
5863692.00000000	0.68985880	0.04352255	-0.03038440
5860692.00000000	0.68595981	0.04595624	-0.07719852
5857692.00000000	0.67874475	0.04811899	-0.12303055
5854692.00000000	0.66821033	0.05009708	-0.16849481
5851692.00000000	0.65370886	0.05176831	-0.21439789
5848692.00000000	0.63537939	0.05306760	-0.25977628
5845692.00000000	0.61332159	0.05378387	-0.30379001
5842692.00000000	0.58780923	0.05387125	-0.34581628
5839692.00000000	0.55812268	0.05333847	-0.38679883
5836692.00000000	0.52437546	0.05187579	-0.42628049
5833692.00000000	0.48779724	0.04963367	-0.46248248
5830692.00000000	0.44941095	0.04678561	-0.49494916
5827692.00000000	0.40840521	0.04340024	-0.52457391
5824692.00000000	0.36513513	0.03970712	-0.55111740
5821692.00000000	0.32079065	0.03575113	-0.57423938
5818692.00000000	0.27549203	0.03178955	-0.59387549
5815692.00000000	0.22936514	0.02777158	-0.61039880
5812692.00000000	0.18143649	0.02368646	-0.62419150
5809692.00000000	0.13342471	0.01978558	-0.63454642
5806692.00000000	0.08554059	0.01609109	-0.64196039
5803692.00000000	0.03782474	0.01241031	-0.64637158
5800692.00000000	-0.01070352	0.00888641	-0.64784619
5797692.00000000	-0.06017068	0.00540439	-0.64648453
5794692.00000000	-0.10908911	0.00209155	-0.64187802
5791692.00000000	-0.15736948	-0.00115491	-0.63429416
5788692.00000000	-0.20604529	-0.00440207	-0.62323709
5785692.00000000	-0.25482660	-0.00758322	-0.60847040
5782692.00000000	-0.30222961	-0.01072250	-0.59036240
5779692.00000000	-0.34754416	-0.01365421	-0.56911130
5776692.00000000	-0.39143893	-0.01637491	-0.54417279
5773692.00000000	-0.43390881	-0.01913562	-0.51550919
5770692.00000000	-0.47386243	-0.02169788	-0.48345245
5767692.00000000	-0.50986246	-0.02394073	-0.44944516
5764692.00000000	-0.54308252	-0.02604477	-0.41246741
5761692.00000000	-0.57310913	-0.02797580	-0.37283350
5758692.00000000	-0.59971082	-0.02962741	-0.33103598
5755692.00000000	-0.62222495	-0.03107394	-0.28852972
5752692.00000000	-0.64089255	-0.03238004	-0.24547574
5749692.00000000	-0.65634894	-0.03347632	-0.20117242
5746692.00000000	-0.66856400	-0.03452878	-0.15567041
5743692.00000000	-0.67733423	-0.03545306	-0.11062466
5740692.00000000	-0.68301648	-0.03629608	-0.06537469
5737692.00000000	-0.68562976	-0.03705258	-0.01951895
5734692.00000000	-0.68517722	-0.03774185	0.02757025
5731692.00000000	-0.68150107	-0.03844696	0.07442813
5728692.00000000	-0.67475250	-0.03899921	0.12038312
5725692.00000000	-0.66470673	-0.03947177	0.16643240
5722692.00000000	-0.65098306	-0.03986563	0.21301556
5719692.00000000	-0.63364874	-0.04016156	0.25911047
5716692.00000000	-0.61300693	-0.04025726	0.30366721
5713692.00000000	-0.58884503	-0.04009900	0.34686090
5710692.00000000	-0.56082333	-0.03979608	0.38908035
5707692.00000000	-0.52968887	-0.03923892	0.42890326
5704692.00000000	-0.49589432	-0.03854199	0.46564587
5701692.00000000	-0.45983878	-0.03769742	0.49934149
5698692.00000000	-0.42100037	-0.03659927	0.53035593
5695692.00000000	-0.37926123	-0.03528232	0.55845535
5692692.00000000	-0.33636560	-0.03389224	0.58278845
5689692.00000000	-0.29251517	-0.03234113	0.60351599
5686692.00000000	-0.24764542	-0.03056262	0.62075891
5683692.00000000	-0.20123715	-0.02864386	0.63503488
5680692.00000000	-0.15453699	-0.02657980	0.64603867
5677692.00000000	-0.10791943	-0.02442950	0.65378476
5674692.00000000	-0.06084634	-0.02220938	0.65852228
5671692.00000000	-0.01284720	-0.01980688	0.66031012
5668692.00000000	0.03643402	-0.01719501	0.65905453
5665692.00000000	0.08516666	-0.01431128	0.65477454
5662692.00000000	0.13385648	-0.01113867	0.64733191
5659692.00000000	0.18318021	-0.00748282	0.63668515
5656692.00000000	0.23373840	-0.00336380	0.62214340
5653692.00000000	0.28335074	0.00111032	0.60440924
5650692.00000000	0.33162863	0.00586105	0.58326828
5647692.00000000	0.37953253	0.01088089	0.55848975
5644692.00000000	0.42701157	0.01602716	0.52969061
5641692.00000000	0.47167676	0.02109598	0.49821194
5638692.00000000	0.51328879	0.02581506	0.46417245
5635692.00000000	0.55205478	0.03024866	0.42766064
5632692.00000000	0.58804443	0.03427420	0.38813348
5629692.00000000	0.62004733	0.03778085	0.34714505
5626692.00000000	0.64737006	0.04066660	0.30578091
5623692.00000000	0.67073120	0.04299625	0.26348337
5620692.00000000	0.69058664	0.04496042	0.21952249
5617692.00000000	0.70656851	0.04656485	0.17507846
5614692.00000000	0.71852377	0.04787988	0.13108688
5611692.00000000	0.72685715	0.04892575	0.08757117
5608692.00000000	0.73166190	0.04981772	0.04325159
5605692.00000000	0.73290384	0.05062839	-0.00141016
5602692.00000000	0.73041959	0.05131699	-0.04534552
5599692.00000000	0.72430551	0.05190262	-0.08868155
5596692.00000000	0.71416705	0.05238416	-0.13216962
5593692.00000000	0.69963870	0.05278262	-0.17603296
5590692.00000000	0.68083856	0.05299240	-0.21878470
5587692.00000000	0.65791818	0.05314514	-0.26022675
5584692.00000000	0.63118115	0.05320044	-0.29965161
5581692.00000000	0.59960904	0.05300354	-0.33844229
5578692.00000000	0.56454156	0.05252515	-0.37466278
5575692.00000000	0.52680307	0.05186169	-0.40786224
5572692.00000000	0.48685495	0.05075073	-0.43783853
5569692.00000000	0.44398868	0.04930649	-0.46495224
5566692.00000000	0.39950012	0.04732867	-0.48837903
5563692.00000000	0.35480133	0.04496954	-0.50764536
5560692.00000000	0.30999695	0.04228537	-0.52279828
5557692.00000000	0.26417557	0.03914716	-0.53432062
5554692.00000000	0.21706638	0.03581512	-0.54196411
5551692.00000000	0.17020157	0.03231506	-0.54568872
5548692.00000000	0.12429077	0.02853473	-0.54574969
5545692.00000000	0.07803897	0.02469882	-0.54208932
5542692.00000000	0.03113196	0.02097043	-0.53506900
5539692.00000000	-0.01538824	0.01724783	-0.52481723
5536692.00000000	-0.06056442	0.01365228	-0.51214258
5533692.00000000	-0.10597052	0.01025873	-0.49667264
5530692.00000000	-0.15165387	0.00686206	-0.47875592
5527692.00000000	-0.19640695	0.00355194	-0.45904620
5524692.00000000	-0.23920291	0.00047141	-0.43814764
5521692.00000000	-0.28002518	-0.00282040	-0.41638821
5518692.00000000	-0.31996872	-0.00629053	-0.39276630
5515692.00000000	-0.35856497	-0.00998898	-0.36740915
5512692.00000000	-0.39362219	-0.01386115	-0.34132361
5509692.00000000	-0.42577396	-0.01786603	-0.31414337
5506692.00000000	-0.45576215	-0.02205884	-0.28498245
5503692.00000000	-0.48289859	-0.02629453	-0.25418314
5500692.00000000	-0.50598483	-0.03018069	-0.22304135
5497692.00000000	-0.52495630	-0.03366989	-0.19220239
5494692.00000000	-0.54022754	-0.03663199	-0.16121793
5491692.00000000	-0.55180432	-0.03907169	-0.13007974
5488692.00000000	-0.55896964	-0.04086951	-0.10070544
5485692.00000000	-0.56186789	-0.04214694	-0.07398715
5482692.00000000	-0.56081619	-0.04299942	-0.04915463
5479692.00000000	-0.55560666	-0.04355957	-0.02613641
5476692.00000000	-0.54636441	-0.04393231	-0.00526666
5473692.00000000	-0.53376657	-0.04429327	0.01303992
5470692.00000000	-0.51793066	-0.04467676	0.02974454
5467692.00000000	-0.49881787	-0.04510428	0.04533475
5464692.00000000	-0.47673483	-0.04547775	0.05981677
5461692.00000000	-0.45277060	-0.04563281	0.07301321
5458692.00000000	-0.42744580	-0.04558469	0.08473807
5455692.00000000	-0.39999762	-0.04519238	0.09605771
5452692.00000000	-0.37013971	-0.04454855	0.10701709
5449692.00000000	-0.33936334	-0.04362311	0.11661850
5446692.00000000	-0.30819421	-0.04224582	0.12410693
5443692.00000000	-0.27585480	-0.04039032	0.12967789
5440692.00000000	-0.24160864	-0.03820377	0.13377072
5437692.00000000	-0.20711520	-0.03571506	0.13561011
5434692.00000000	-0.17306177	-0.03305835	0.13528714
5431692.00000000	-0.14001245	-0.03031094	0.13314404
5428692.00000000	-0.10691797	-0.02737708	0.12935449
5425692.00000000	-0.07533417	-0.02448398	0.12444931
5422692.00000000	-0.04646982	-0.02178644	0.11891052
5419692.00000000	-0.02025955	-0.01928143	0.11311166
5416692.00000000	0.00409360	-0.01686661	0.10700641
5413692.00000000	0.02626404	-0.01471085	0.10094046
5410692.00000000	0.04572394	-0.01280356	0.09518503
5407692.00000000	0.06301044	-0.01114145	0.08984979
5404692.00000000	0.07886548	-0.00960764	0.08478705
5401692.00000000	0.09357010	-0.00823907	0.08001935
5398692.00000000	0.10691751	-0.00681921	0.07574649
5395692.00000000	0.11896680	-0.00539304	0.07190378
5392692.00000000	0.13000272	-0.00374713	0.06842078
5389692.00000000	0.13995316	-0.00183429	0.06516675
5386692.00000000	0.14832156	0.00035251	0.06206268
5383692.00000000	0.15451721	0.00273410	0.05928201
5380692.00000000	0.15836737	0.00520465	0.05660666
5377692.00000000	0.15972113	0.00764420	0.05393906
5374692.00000000	0.15831693	0.00983853	0.05126758
5371692.00000000	0.15448727	0.01148615	0.04868784
5368692.00000000	0.14877142	0.01258005	0.04618069
5365692.00000000	0.14133994	0.01313672	0.04364703
5362692.00000000	0.13271219	0.01313397	0.04113690
5359692.00000000	0.12358908	0.01272192	0.03873883
5356692.00000000	0.11455679	0.01204913	0.03642993
5353692.00000000	0.10568707	0.01114703	0.03424326
5350692.00000000	0.09698633	0.01016498	0.03215375
5347692.00000000	0.08900153	0.00914908	0.03018982
5344692.00000000	0.08174887	0.00818826	0.02843948
5341692.00000000	0.07510056	0.00733612	0.02679941
5338692.00000000	0.06893530	0.00648987	0.02524051
5335692.00000000	0.06330243	0.00575839	0.02376483
5332692.00000000	0.05832809	0.00510516	0.02244891
5329692.00000000	0.05390363	0.00451764	0.02125171
5326692.00000000	0.04977460	0.00399930	0.02011420
5323692.00000000	0.04601581	0.00355804	0.01903638
5320692.00000000	0.04265219	0.00316245	0.01801471
5317692.00000000	0.03962814	0.00283725	0.01710605
5314692.00000000	0.03686984	0.00251004	0.01626566
5311692.00000000	0.03427930	0.00226566	0.01545221
5308692.00000000	0.03194360	0.00201257	0.01467471
5305692.00000000	0.02984644	0.00181174	0.01398883
5302692.00000000	0.02794250	0.00165256	0.01333337
5299692.00000000	0.02612134	0.00144833	0.01270642
5296692.00000000	0.02449298	0.00130023	0.01209579
5293692.00000000	0.02300778	0.00117786	0.01152914
5290692.00000000	0.02165198	0.00104666	0.01100549
