8062992.00000000	0.00982562	0.00033160	0.02057101
8055992.00000000	0.01038412	0.00029636	0.02330130
8048992.00000000	0.01135718	0.00032321	0.02665250
8041992.00000000	0.01246225	0.00031955	0.03054980
8034992.00000000	0.01379333	0.00029593	0.03539136
8027992.00000000	0.01528696	0.00020587	0.04120490
8020992.00000000	0.01697055	0.00014954	0.04844656
8013992.00000000	0.01878299	-0.00002020	0.05743170
8006992.00000000	0.02104999	-0.00026727	0.06864078
7999992.00000000	0.02358496	-0.00062094	0.08271649
7992992.00000000	0.02648816	-0.00118979	0.09961694
7985992.00000000	0.02999112	-0.00183362	0.11956067
7978992.00000000	0.03400879	-0.00244495	0.13953555
7971992.00000000	0.03886356	-0.00258649	0.15548584
7964992.00000000	0.04480698	-0.00203128	0.16121851
7957992.00000000	0.05299658	-0.00081836	0.15354843
7950992.00000000	0.06316907	0.00066562	0.13373560
7943992.00000000	0.07569266	0.00176065	0.10418011
7936992.00000000	0.09075989	0.00228659	0.06533539
7929992.00000000	0.10810590	0.00195447	0.01595538
7922992.00000000	0.12713409	0.00069717	-0.04594897
7915992.00000000	0.14512332	-0.00101849	-0.11685147
7908992.00000000	0.15791574	-0.00166968	-0.19345117
7901992.00000000	0.16060718	-0.00033810	-0.26768170
7894992.00000000	0.15169037	0.00213394	-0.33834109
7887992.00000000	0.13311877	0.00398697	-0.40282343
7880992.00000000	0.10648471	0.00441245	-0.46127567
7873992.00000000	0.07135397	0.00377768	-0.50952319
7866992.00000000	0.02441544	0.00297934	-0.54353290
7859992.00000000	-0.03696317	0.00253488	-0.55972961
7852992.00000000	-0.10936978	0.00222647	-0.55545764
7845992.00000000	-0.18885202	0.00218689	-0.52951105
7838992.00000000	-0.26623279	0.00231091	-0.48304874
7831992.00000000	-0.33976456	0.00277856	-0.41675958
7824992.00000000	-0.40580801	0.00368008	-0.33665057
7817992.00000000	-0.46563968	0.00466977	-0.24464505
7810992.00000000	-0.51493549	0.00550040	-0.14718512
7803992.00000000	-0.55028928	0.00568295	-0.04545639
7796992.00000000	-0.56739304	0.00485095	0.05810141
7789992.00000000	-0.56404553	0.00339304	0.16301117
7782992.00000000	-0.53921677	0.00142026	0.26810712
7775992.00000000	-0.49364648	-0.00112418	0.36920944
7768992.00000000	-0.42852478	-0.00341797	0.46384674
7761992.00000000	-0.34977258	-0.00493729	0.54340796
7754992.00000000	-0.25836533	-0.00572101	0.60708176
7747992.00000000	-0.16229208	-0.00553629	0.65086292
7740992.00000000	-0.06132492	-0.00479373	0.67740286
7733992.00000000	0.04128259	-0.00390298	0.68741507
7726992.00000000	0.14635614	-0.00308841	0.68132709
7719992.00000000	0.25145026	-0.00203506	0.65842072
7712992.00000000	0.35360913	-0.00116010	0.61709598
7705992.00000000	0.45013385	-0.00009564	0.55566904
7698992.00000000	0.53295682	0.00097873	0.47728333
7691992.00000000	0.60110330	0.00179214	0.38188974
7684992.00000000	0.64916931	0.00273712	0.27878659
7677992.00000000	0.67930603	0.00320102	0.16835815
7670992.00000000	0.69124066	0.00306934	0.05890826
7663992.00000000	0.68649847	0.00303400	-0.05380353
7656992.00000000	0.66405484	0.00234784	-0.16503757
7649992.00000000	0.62184482	0.00062769	-0.27511722
7642992.00000000	0.55936081	-0.00151364	-0.37863199
7635992.00000000	0.47927475	-0.00403473	-0.46943591
7628992.00000000	0.38322787	-0.00643719	-0.54524115
7621992.00000000	0.28002710	-0.00763229	-0.60109985
7614992.00000000	0.16979138	-0.00791644	-0.63934949
7607992.00000000	0.05954117	-0.00753622	-0.65957690
7600992.00000000	-0.05435126	-0.00674988	-0.66347552
7593992.00000000	-0.16574188	-0.00575458	-0.65076038
7586992.00000000	-0.27766367	-0.00387616	-0.61945996
7579992.00000000	-0.38263535	-0.00147000	-0.56905142
7572992.00000000	-0.47701205	0.00151285	-0.49922342
7565992.00000000	-0.55573059	0.00476462	-0.41233380
7558992.00000000	-0.61438281	0.00714963	-0.31455917
7551992.00000000	-0.65437634	0.00857001	-0.20733887
7544992.00000000	-0.67536917	0.00939600	-0.09826984
7537992.00000000	-0.67902606	0.01020715	0.01458524
7530992.00000000	-0.66519846	0.01075909	0.12553506
7523992.00000000	-0.63173163	0.01096368	0.23891180
7516992.00000000	-0.57893613	0.01110669	0.34564557
7509992.00000000	-0.50524377	0.01001340	0.44474637
7502992.00000000	-0.41613464	0.00854889	0.52712735
7495992.00000000	-0.31565222	0.00689609	0.59062790
7488992.00000000	-0.20822556	0.00522089	0.63449765
7481992.00000000	-0.09969812	0.00434329	0.65914767
7474992.00000000	0.01194440	0.00393567	0.66644882
7467992.00000000	0.12241034	0.00389423	0.65659375
7460992.00000000	0.23416083	0.00390659	0.62786761
7453992.00000000	0.33962277	0.00360776	0.58079147
7446992.00000000	0.43980606	0.00249524	0.51291586
7439992.00000000	0.52504031	0.00097366	0.42957803
7432992.00000000	0.59421722	-0.00112396	0.33219379
7425992.00000000	0.64340582	-0.00321652	0.22768436
7418992.00000000	0.67351422	-0.00503891	0.11993643
7411992.00000000	0.68586203	-0.00641083	0.00966547
7404992.00000000	0.68055151	-0.00770346	-0.10076620
7397992.00000000	0.65598398	-0.00898431	-0.21307382
7390992.00000000	0.61102707	-0.00964008	-0.32093024
7383992.00000000	0.54333640	-0.00944055	-0.42342252
7376992.00000000	0.45787488	-0.00822116	-0.51113980
7369992.00000000	0.35704816	-0.00631686	-0.58259824
7362992.00000000	0.25017310	-0.00431339	-0.63291409
7355992.00000000	0.13954855	-0.00266635	-0.66410434
7348992.00000000	0.02820285	-0.00173355	-0.67691644
7341992.00000000	-0.08346384	-0.00151822	-0.67218835
7334992.00000000	-0.19426489	-0.00169974	-0.64913428
7327992.00000000	-0.30046774	-0.00164529	-0.60713748
7320992.00000000	-0.40292383	-0.00146371	-0.54409171
7313992.00000000	-0.49173743	-0.00095407	-0.46524814
7306992.00000000	-0.56809430	-0.00031073	-0.37062180
7299992.00000000	-0.62506259	0.00064618	-0.26934247
7292992.00000000	-0.66423868	0.00161768	-0.16169958
7285992.00000000	-0.68497147	0.00239737	-0.05303622
7278992.00000000	-0.68842004	0.00330145	0.05662930
7271992.00000000	-0.67428015	0.00430252	0.16679230
7264992.00000000	-0.64067813	0.00585031	0.27534592
7257992.00000000	-0.58562109	0.00790829	0.37982037
7250992.00000000	-0.51158902	0.00979398	0.47245334
7243992.00000000	-0.42002350	0.01117432	0.55129538
7236992.00000000	-0.31988708	0.01153516	0.61029089
7229992.00000000	-0.21265280	0.01116467	0.65076047
7222992.00000000	-0.10512051	0.01120294	0.67277606
7215992.00000000	0.00641623	0.01126120	0.67790192
7208992.00000000	0.11587543	0.01155710	0.66602628
7201992.00000000	0.22761789	0.01097458	0.63499774
7194992.00000000	0.33501392	0.00970609	0.58376868
7187992.00000000	0.43356006	0.00720895	0.51344104
7180992.00000000	0.52049030	0.00368832	0.42529868
7173992.00000000	0.58886316	-0.00062381	0.32759848
7166992.00000000	0.63938202	-0.00457870	0.22146216
7159992.00000000	0.67014310	-0.00785208	0.11496536
7152992.00000000	0.68360568	-0.01069733	0.00470020
7145992.00000000	0.67916879	-0.01352933	-0.10350403
7138992.00000000	0.65570889	-0.01644531	-0.21311792
7131992.00000000	0.61202917	-0.01873178	-0.31791901
7124992.00000000	0.54710303	-0.01953613	-0.41584915
7117992.00000000	0.46361594	-0.01851907	-0.50108908
7110992.00000000	0.36636414	-0.01621439	-0.56980219
7103992.00000000	0.26068707	-0.01388504	-0.61970618
7096992.00000000	0.15353528	-0.01166397	-0.65047177
7089992.00000000	0.04204886	-0.00972754	-0.66444995
7082992.00000000	-0.06718301	-0.00822659	-0.66135977
7075992.00000000	-0.17929974	-0.00695316	-0.64027521
7068992.00000000	-0.28647171	-0.00588351	-0.60098904
7061992.00000000	-0.38888092	-0.00477988	-0.54155276
7054992.00000000	-0.47955731	-0.00378989	-0.46445959
7047992.00000000	-0.55528293	-0.00284598	-0.37238586
7040992.00000000	-0.61242200	-0.00167606	-0.27088565
7033992.00000000	-0.65011325	-0.00043643	-0.16537756
7026992.00000000	-0.67002133	0.00076059	-0.05708231
7019992.00000000	-0.67257697	0.00219107	0.05084369
7012992.00000000	-0.65688608	0.00422061	0.16208472
7005992.00000000	-0.62221515	0.00665701	0.26925873
6998992.00000000	-0.56598254	0.00935410	0.37308209
6991992.00000000	-0.49153088	0.01196155	0.46441919
6984992.00000000	-0.40015759	0.01368442	0.54160962
6977992.00000000	-0.29834335	0.01499344	0.60023883
6970992.00000000	-0.19070215	0.01601202	0.63998114
6963992.00000000	-0.07890067	0.01668298	0.66206113
6956992.00000000	0.03210825	0.01725134	0.66724380
6949992.00000000	0.14699582	0.01736099	0.65496744
6942992.00000000	0.25794897	0.01659717	0.62464020
6935992.00000000	0.36601727	0.01467297	0.57381387
6928992.00000000	0.46185873	0.01142001	0.50476089
6921992.00000000	0.54407416	0.00747864	0.41713834
6914992.00000000	0.60551889	0.00443100	0.31985605
6907992.00000000	0.64833469	0.00227451	0.21409079
6900992.00000000	0.67235089	0.00043958	0.10694778
6893992.00000000	0.67954755	-0.00091263	-0.00330630
6886992.00000000	0.66917450	-0.00244647	-0.11411511
6879992.00000000	0.64010950	-0.00481876	-0.22303546
6872992.00000000	0.59025226	-0.00754477	-0.32919943
6865992.00000000	0.52125403	-0.01066248	-0.42561948
6858992.00000000	0.43370224	-0.01391974	-0.51030829
6851992.00000000	0.33558313	-0.01649704	-0.57628326
6844992.00000000	0.22872577	-0.01862903	-0.62432999
6837992.00000000	0.11959229	-0.02023550	-0.65341428
6830992.00000000	0.00887350	-0.02135699	-0.66523685
6823992.00000000	-0.10326315	-0.02185712	-0.66025296
6816992.00000000	-0.21729611	-0.02078406	-0.63668073
6809992.00000000	-0.32825641	-0.01812317	-0.59292523
6802992.00000000	-0.42934854	-0.01438287	-0.52994067
6795992.00000000	-0.51767520	-0.00992798	-0.44816837
6788992.00000000	-0.58605988	-0.00566577	-0.35538776
6781992.00000000	-0.63588232	-0.00230991	-0.25281064
6774992.00000000	-0.66607086	0.00035358	-0.14816156
6767992.00000000	-0.67895462	0.00282510	-0.04017993
6760992.00000000	-0.67436572	0.00518060	0.06793869
6753992.00000000	-0.65124051	0.00854083	0.17623410
6746992.00000000	-0.60815109	0.01283466	0.28265277
6739992.00000000	-0.54506693	0.01670947	0.38254443
6732992.00000000	-0.46312225	0.01991290	0.47270993
6725992.00000000	-0.36886542	0.02133575	0.54654465
6718992.00000000	-0.26507056	0.02145020	0.60299658
6711992.00000000	-0.15812161	0.02057578	0.64053259
6704992.00000000	-0.04788553	0.02007690	0.66074225
6697992.00000000	0.06167569	0.01966602	0.66370621
6690992.00000000	0.17306143	0.01937927	0.64888348
6683992.00000000	0.28096161	0.01956201	0.61505002
6676992.00000000	0.38292297	0.01958588	0.56074292
6669992.00000000	0.47322812	0.02022513	0.48749722
6662992.00000000	0.54826562	0.02013531	0.39845920
6655992.00000000	0.60567667	0.01842609	0.29793365
6648992.00000000	0.64359412	0.01566754	0.19319397
6641992.00000000	0.66401666	0.01191260	0.08442001
6634992.00000000	0.66731229	0.00753040	-0.02369229
6627992.00000000	0.65314673	0.00213766	-0.13371613
6620992.00000000	0.62068033	-0.00400168	-0.24120355
6613992.00000000	0.56836270	-0.01049008	-0.34485764
6606992.00000000	0.49718958	-0.01574979	-0.43930878
6599992.00000000	0.41032806	-0.01927203	-0.51985440
6592992.00000000	0.31233847	-0.02117044	-0.58331717
6585992.00000000	0.20871063	-0.02165186	-0.62806470
6578992.00000000	0.10055042	-0.02137845	-0.65573328
6571992.00000000	-0.00755997	-0.02095334	-0.66652158
6564992.00000000	-0.11839880	-0.02059503	-0.66076270
6557992.00000000	-0.22789252	-0.02005585	-0.63758112
6550992.00000000	-0.33610147	-0.01918628	-0.59474164
6543992.00000000	-0.43525400	-0.01756918	-0.53292349
6536992.00000000	-0.52163675	-0.01528888	-0.45328308
6529992.00000000	-0.59004416	-0.01255563	-0.36078458
6522992.00000000	-0.63866354	-0.00962860	-0.26081339
6515992.00000000	-0.66883527	-0.00661850	-0.15579492
6508992.00000000	-0.68158582	-0.00375488	-0.04909616
6501992.00000000	-0.67733563	-0.00056589	0.06127954
6494992.00000000	-0.65504977	0.00364658	0.16988770
6487992.00000000	-0.61223056	0.00896182	0.27836328
6480992.00000000	-0.54979178	0.01452011	0.37920056
6473992.00000000	-0.46817642	0.02007788	0.47015121
6466992.00000000	-0.37381021	0.02404144	0.54461023
6459992.00000000	-0.27023486	0.02692819	0.60115256
6452992.00000000	-0.16289783	0.02877682	0.63902130
6445992.00000000	-0.05276837	0.02997510	0.65935574
6438992.00000000	0.05921121	0.03124466	0.66258392
6431992.00000000	0.17066168	0.03194250	0.64805371
6424992.00000000	0.28198822	0.03141492	0.61356308
6417992.00000000	0.38537256	0.02920612	0.55956195
6410992.00000000	0.47825778	0.02529272	0.48622314
6403992.00000000	0.55427133	0.01999136	0.39824939
6396992.00000000	0.61202820	0.01352997	0.29885605
6389992.00000000	0.64991815	0.00707693	0.19493973
6382992.00000000	0.67021051	0.00074014	0.08734576
6375992.00000000	0.67325912	-0.00579767	-0.02117053
6368992.00000000	0.65899045	-0.01335074	-0.12987296
6361992.00000000	0.62569568	-0.02162845	-0.23812332
6354992.00000000	0.57347824	-0.02925067	-0.34037103
6347992.00000000	0.50166757	-0.03506546	-0.43534369
6340992.00000000	0.41625925	-0.03785733	-0.51477844
6333992.00000000	0.31765015	-0.03744284	-0.57899768
6326992.00000000	0.21525836	-0.03522858	-0.62340845
6319992.00000000	0.10722684	-0.03233823	-0.65101007
6312992.00000000	-0.00151917	-0.02947488	-0.66159497
6305992.00000000	-0.11225757	-0.02698499	-0.65513904
6298992.00000000	-0.22314609	-0.02426892	-0.63039886
6291992.00000000	-0.33010452	-0.02100815	-0.58594101
6284992.00000000	-0.42950391	-0.01723245	-0.52079166
6277992.00000000	-0.51378531	-0.01304324	-0.43880515
6270992.00000000	-0.58105896	-0.00893515	-0.34248239
6263992.00000000	-0.62830789	-0.00510297	-0.23919360
6256992.00000000	-0.65757291	-0.00136014	-0.12916861
6249992.00000000	-0.66870343	0.00178601	-0.02044528
6242992.00000000	-0.66290872	0.00577643	0.09148691
6235992.00000000	-0.63906937	0.01077066	0.20253976
6228992.00000000	-0.59542316	0.01609985	0.31139804
6221992.00000000	-0.53240466	0.02142859	0.41186868
6214992.00000000	-0.45185977	0.02585648	0.49959641
6207992.00000000	-0.35786847	0.02845856	0.57008441
6200992.00000000	-0.25657562	0.03006720	0.62102103
6193992.00000000	-0.14831799	0.03107767	0.65448419
6186992.00000000	-0.04009033	0.03188583	0.67008475
6179992.00000000	0.07273508	0.03283990	0.66891232
6172992.00000000	0.18378152	0.03321063	0.64946292
6165992.00000000	0.29422702	0.03172034	0.61031583
6158992.00000000	0.39700140	0.02790814	0.55164572
6151992.00000000	0.48880630	0.02219342	0.47451984
6144992.00000000	0.56353259	0.01564340	0.38418988
6137992.00000000	0.61898569	0.00955496	0.28560172
6130992.00000000	0.65602618	0.00407507	0.18078311
6123992.00000000	0.67470926	-0.00064771	0.07596222
6116992.00000000	0.67618704	-0.00546707	-0.03284149
6109992.00000000	0.65942639	-0.01072043	-0.14031949
6102992.00000000	0.62196097	-0.01657297	-0.24796393
6095992.00000000	0.56437277	-0.02194171	-0.34837234
6088992.00000000	0.48652151	-0.02614194	-0.44052802
6081992.00000000	0.39457745	-0.02854810	-0.51775317
6074992.00000000	0.29282126	-0.02917374	-0.57846387
6067992.00000000	0.18641272	-0.02867395	-0.62105353
6060992.00000000	0.07957382	-0.02817844	-0.64608734
6053992.00000000	-0.02971494	-0.02826801	-0.65455228
6046992.00000000	-0.13769763	-0.02879526	-0.64589264
6039992.00000000	-0.24512436	-0.02991861	-0.61841245
6032992.00000000	-0.34636475	-0.03140903	-0.57157977
6025992.00000000	-0.44030228	-0.03295276	-0.50447708
6018992.00000000	-0.51998190	-0.03361722	-0.42263962
6011992.00000000	-0.58504953	-0.03261230	-0.32723285
6004992.00000000	-0.63136487	-0.03012546	-0.22609323
5997992.00000000	-0.66029120	-0.02665314	-0.12068182
5990992.00000000	-0.67264990	-0.02255539	-0.01222821
5983992.00000000	-0.66837506	-0.01755109	0.09669492
5976992.00000000	-0.64594855	-0.01058289	0.20768518
5969992.00000000	-0.60452963	-0.00144235	0.31399667
5962992.00000000	-0.54219827	0.00913159	0.41316696
5955992.00000000	-0.46266000	0.01900800	0.49692175
5948992.00000000	-0.36759561	0.02682205	0.56415598
5941992.00000000	-0.26467850	0.03174435	0.61150293
5934992.00000000	-0.15651807	0.03463739	0.64070520
5927992.00000000	-0.04699670	0.03655865	0.65254999
5920992.00000000	0.06471689	0.03828702	0.64728027
5913992.00000000	0.17671619	0.03978351	0.62382135
5906992.00000000	0.28600412	0.04047263	0.58162946
5899992.00000000	0.39027756	0.03963312	0.51991644
5892992.00000000	0.48128244	0.03722696	0.44271729
5885992.00000000	0.55673480	0.03340225	0.35168973
5878992.00000000	0.61171756	0.02913953	0.25443787
5871992.00000000	0.64842502	0.02510196	0.15078464
5864992.00000000	0.66698141	0.02143887	0.04582516
5857992.00000000	0.66845514	0.01757819	-0.06214529
5850992.00000000	0.65206100	0.01297266	-0.16950195
5843992.00000000	0.61671115	0.00712048	-0.27487604
5836992.00000000	0.56113586	0.00022742	-0.37531586
5829992.00000000	0.48779068	-0.00680731	-0.46423944
5822992.00000000	0.39879660	-0.01302246	-0.53893744
5815992.00000000	0.30188321	-0.01784326	-0.59501840
5808992.00000000	0.19684927	-0.02133536	-0.63439172
5801992.00000000	0.09078116	-0.02394940	-0.65655511
5794992.00000000	-0.01911859	-0.02630133	-0.66277975
5787992.00000000	-0.12844174	-0.02844922	-0.65224197
5780992.00000000	-0.23821872	-0.03032501	-0.62334583
5773992.00000000	-0.34435172	-0.03124088	-0.57533441
5766992.00000000	-0.44139636	-0.03083398	-0.50913431
5759992.00000000	-0.52577777	-0.02906198	-0.42664896
5752992.00000000	-0.59198624	-0.02591202	-0.33392181
5745992.00000000	-0.63998972	-0.02202994	-0.23319806
5738992.00000000	-0.66923615	-0.01807376	-0.13064136
5731992.00000000	-0.68193851	-0.01399951	-0.02397446
5724992.00000000	-0.67768799	-0.00984018	0.08154849
5717992.00000000	-0.65487595	-0.00503424	0.18943167
5710992.00000000	-0.61250153	0.00022641	0.29242233
5703992.00000000	-0.54918301	0.00532181	0.38897696
5696992.00000000	-0.46718863	0.00962875	0.47379019
5689992.00000000	-0.37163153	0.01320654	0.54313135
5682992.00000000	-0.26760638	0.01622311	0.59508289
5675992.00000000	-0.16035513	0.01934360	0.62926917
5668992.00000000	-0.04888809	0.02300641	0.64726080
5661992.00000000	0.06219925	0.02687048	0.64866492
5654992.00000000	0.17657004	0.03122192	0.63239682
5647992.00000000	0.28636826	0.03504776	0.59759882
5640992.00000000	0.39174289	0.03738644	0.54198560
5633992.00000000	0.48300449	0.03734763	0.46850137
5626992.00000000	0.55728073	0.03448196	0.38024005
5619992.00000000	0.61266763	0.02968796	0.28167783
5612992.00000000	0.64879529	0.02418506	0.17849069
5605992.00000000	0.66790704	0.01836700	0.07172104
5598992.00000000	0.67011536	0.01275537	-0.03536325
5591992.00000000	0.65494717	0.00662906	-0.14517136
5584992.00000000	0.62146854	0.00019519	-0.25199280
5577992.00000000	0.56826889	-0.00629791	-0.35572232
5570992.00000000	0.49784055	-0.01198303	-0.44862143
5563992.00000000	0.41114508	-0.01645966	-0.52840027
5556992.00000000	0.31469348	-0.01968079	-0.58983252
5549992.00000000	0.21078787	-0.02183240	-0.63345947
5542992.00000000	0.10346997	-0.02367758	-0.65931583
5535992.00000000	-0.00586044	-0.02573013	-0.66840625
5528992.00000000	-0.11778384	-0.02785266	-0.66006769
5521992.00000000	-0.22789005	-0.02966748	-0.63282916
5514992.00000000	-0.33599789	-0.03017923	-0.58414706
5507992.00000000	-0.43204785	-0.02883582	-0.51653256
5500992.00000000	-0.51409174	-0.02585135	-0.43093674
5493992.00000000	-0.57575436	-0.02203421	-0.33611255
5486992.00000000	-0.61929456	-0.01829819	-0.23311758
5479992.00000000	-0.64429361	-0.01446924	-0.12804388
5472992.00000000	-0.65219049	-0.01124997	-0.01990607
5465992.00000000	-0.64206775	-0.00758618	0.08958954
5458992.00000000	-0.61277988	-0.00414490	0.19774387
5451992.00000000	-0.56215417	-0.00020834	0.30444141
5444992.00000000	-0.49386575	0.00371478	0.40061722
5437992.00000000	-0.40725742	0.00652078	0.48705261
5430992.00000000	-0.31195844	0.00896063	0.55504483
5423992.00000000	-0.20740021	0.01058731	0.60647031
5416992.00000000	-0.10193460	0.01200449	0.63882089
5409992.00000000	0.00784061	0.01315714	0.65467706
5402992.00000000	0.11697971	0.01486688	0.65333530
5395992.00000000	0.22615848	0.01634760	0.63418173
5388992.00000000	0.33109412	0.01749298	0.59599844
5381992.00000000	0.42674283	0.01868204	0.53911856
5374992.00000000	0.51065729	0.01909042	0.46375104
5367992.00000000	0.57648856	0.01882907	0.37666562
5360992.00000000	0.62560284	0.01873300	0.27827176
5353992.00000000	0.65623865	0.01727029	0.17692007
5346992.00000000	0.67084573	0.01645026	0.06993387
5339992.00000000	0.66872916	0.01549213	-0.03700510
5332992.00000000	0.64860916	0.01386719	-0.14732666
5325992.00000000	0.60941519	0.01164319	-0.25475031
5318992.00000000	0.55019824	0.00847284	-0.35733331
5311992.00000000	0.47279483	0.00502878	-0.44946136
5304992.00000000	0.38278207	0.00162262	-0.52497205
5297992.00000000	0.28213904	-0.00115521	-0.58337326
5290992.00000000	0.17913898	-0.00371036	-0.62233475
5283992.00000000	0.07071341	-0.00598663	-0.64472714
5276992.00000000	-0.03737256	-0.00824646	-0.65000702
5269992.00000000	-0.14882724	-0.01130121	-0.63796652
5262992.00000000	-0.25702951	-0.01469601	-0.60774280
5255992.00000000	-0.36086105	-0.01776971	-0.55813306
5248992.00000000	-0.45392126	-0.02023233	-0.49054898
5241992.00000000	-0.53175497	-0.02121530	-0.40813043
5234992.00000000	-0.59215939	-0.02128598	-0.31422681
5227992.00000000	-0.63374826	-0.02091528	-0.21419348
5220992.00000000	-0.65831436	-0.01962271	-0.10961627
5213992.00000000	-0.66600101	-0.01851971	-0.00425162
5206992.00000000	-0.65657626	-0.01740503	0.10540674
5199992.00000000	-0.62923935	-0.01560782	0.21234387
5192992.00000000	-0.58142581	-0.01304803	0.31895587
5185992.00000000	-0.51632117	-0.00942285	0.41474741
5178992.00000000	-0.43359680	-0.00544962	0.49933212
5171992.00000000	-0.34040164	-0.00180835	0.56568729
5164992.00000000	-0.23971417	0.00105408	0.61411691
5157992.00000000	-0.13525192	0.00335364	0.64520352
5150992.00000000	-0.02908270	0.00501859	0.66000754
5143992.00000000	0.08124350	0.00689880	0.65863190
5136992.00000000	0.19091104	0.00884970	0.63982031
5129992.00000000	0.29922946	0.01114749	0.60129105
5122992.00000000	0.39827588	0.01286469	0.54399985
5115992.00000000	0.48653061	0.01423749	0.46774271
5108992.00000000	0.55792377	0.01432748	0.37777533
5101992.00000000	0.61192422	0.01412796	0.27665921
5094992.00000000	0.64711111	0.01322177	0.17076178
5087992.00000000	0.66464883	0.01214182	0.06330057
5080992.00000000	0.66519785	0.01038571	-0.04732681
5073992.00000000	0.64785468	0.00787280	-0.15649319
5066992.00000000	0.61043250	0.00455655	-0.26526682
5059992.00000000	0.55387616	0.00091660	-0.36522208
5052992.00000000	0.47790070	-0.00225012	-0.45479178
5045992.00000000	0.38921671	-0.00399664	-0.52649872
5038992.00000000	0.29014276	-0.00457990	-0.58058350
5031992.00000000	0.18681946	-0.00451035	-0.61600406
5024992.00000000	0.07953479	-0.00420245	-0.63463406
5017992.00000000	-0.03041025	-0.00392297	-0.63623526
5010992.00000000	-0.14147626	-0.00349957	-0.62005850
5003992.00000000	-0.25347385	-0.00298654	-0.58407394
4996992.00000000	-0.35824350	-0.00237234	-0.52922433
4989992.00000000	-0.45430130	-0.00168741	-0.45499918
4982992.00000000	-0.53258496	-0.00075247	-0.36849744
4975992.00000000	-0.59355417	0.00045032	-0.27094098
4968992.00000000	-0.63465179	0.00152908	-0.16968207
4961992.00000000	-0.65850580	0.00240790	-0.06463644
4954992.00000000	-0.66531073	0.00291998	0.04179797
4947992.00000000	-0.65466180	0.00298807	0.14878992
4940992.00000000	-0.62471625	0.00266977	0.25511304
4933992.00000000	-0.57529364	0.00205429	0.35433575
4926992.00000000	-0.50544669	0.00083994	0.44537018
4919992.00000000	-0.42157669	-0.00065103	0.52043094
4912992.00000000	-0.32439868	-0.00198627	0.58053323
4905992.00000000	-0.22295422	-0.00283612	0.62260321
4898992.00000000	-0.11552792	-0.00333246	0.64917490
4891992.00000000	-0.00723660	-0.00336749	0.65925681
4884992.00000000	0.10439435	-0.00308780	0.65250735
4877992.00000000	0.21584442	-0.00270053	0.62712546
4870992.00000000	0.32441064	-0.00242487	0.58180661
4863992.00000000	0.42563708	-0.00260733	0.51671530
4856992.00000000	0.51164795	-0.00333691	0.43640009
4849992.00000000	0.58160382	-0.00432953	0.34247064
4842992.00000000	0.63275302	-0.00694708	0.23904245
4835992.00000000	0.66439172	-0.00692499	0.13410007
4828992.00000000	0.67854373	-0.00663092	0.02829175
4821992.00000000	0.67546057	-0.00536823	-0.08084671
4814992.00000000	0.65382184	-0.00394290	-0.18852545
4807992.00000000	0.61151071	-0.00189691	-0.29468286
4800992.00000000	0.54878500	0.00016943	-0.39334384
4793992.00000000	0.46880463	0.00229205	-0.47937390
4786992.00000000	0.37483435	0.00395471	-0.54998178
4779992.00000000	0.27456448	0.00504486	-0.60153326
4772992.00000000	0.16819479	0.00521317	-0.63629593
4765992.00000000	0.06140793	0.00510287	-0.65382004
4758992.00000000	-0.04975958	0.00449039	-0.65466266
4751992.00000000	-0.15929523	0.00404657	-0.63765704
4744992.00000000	-0.26898486	0.00401315	-0.60078888
4737992.00000000	-0.37123184	0.00436008	-0.54475540
4730992.00000000	-0.46327823	0.00448813	-0.47078671
4723992.00000000	-0.54010834	0.00413245	-0.38233267
4716992.00000000	-0.59830548	0.00316122	-0.28558975
4709992.00000000	-0.63898883	0.00162949	-0.18149924
4702992.00000000	-0.66167181	-0.00057635	-0.07631174
4695992.00000000	-0.66753403	-0.00326120	0.03383871
4688992.00000000	-0.65540924	-0.00614365	0.14360931
4681992.00000000	-0.62290302	-0.00915915	0.25457941
4674992.00000000	-0.57004062	-0.01170462	0.35811987
4667992.00000000	-0.49683286	-0.01346454	0.45172061
4660992.00000000	-0.40849524	-0.01406494	0.52889453
4653992.00000000	-0.30923679	-0.01377380	0.58774579
4646992.00000000	-0.20307138	-0.01282318	0.62847858
4639992.00000000	-0.09468863	-0.01174365	0.65115689
4632992.00000000	0.01838040	-0.01001996	0.65688510
4625992.00000000	0.13015448	-0.00815714	0.64484241
4618992.00000000	0.24502014	-0.00604669	0.61271069
4611992.00000000	0.35197549	-0.00403394	0.56139139
4604992.00000000	0.45022150	-0.00227246	0.49050281
4597992.00000000	0.53115628	-0.00103839	0.40612732
4590992.00000000	0.59393582	-0.00002945	0.31131958
4583992.00000000	0.63766837	0.00091727	0.21118924
4576992.00000000	0.66393060	0.00197253	0.10769803
4569992.00000000	0.67375687	0.00321619	0.00035898
4562992.00000000	0.66665549	0.00456451	-0.10651752
4555992.00000000	0.64090991	0.00611307	-0.21471518
4548992.00000000	0.59656244	0.00767044	-0.31662607
4541992.00000000	0.53195364	0.00939771	-0.41195981
4534992.00000000	0.45271490	0.01161868	-0.49194751
4527992.00000000	0.35949945	0.01399255	-0.55747900
4520992.00000000	0.25997211	0.01644757	-0.60482877
4513992.00000000	0.15397198	0.01891437	-0.63603180
4506992.00000000	0.04544482	0.02120847	-0.65086499
4499992.00000000	-0.06550125	0.02337903	-0.64900708
4492992.00000000	-0.17813895	0.02524792	-0.62916483
4485992.00000000	-0.28785776	0.02639264	-0.58972989
4478992.00000000	-0.39208130	0.02593436	-0.52969247
4471992.00000000	-0.48202072	0.02397214	-0.45330261
4464992.00000000	-0.55615677	0.02073114	-0.36251709
4457992.00000000	-0.60994012	0.01702420	-0.26591263
4450992.00000000	-0.64662900	0.01317459	-0.16225372
4443992.00000000	-0.66536972	0.00963919	-0.05791470
4436992.00000000	-0.66727255	0.00585880	0.05095230
4429992.00000000	-0.65076837	0.00175165	0.15981619
4422992.00000000	-0.61461554	-0.00254669	0.26723459
4415992.00000000	-0.55859265	-0.00706790	0.36917719
4408992.00000000	-0.48520657	-0.01178732	0.45946939
4401992.00000000	-0.39670224	-0.01639545	0.53538425
4394992.00000000	-0.30089203	-0.02030243	0.59181647
4387992.00000000	-0.19708060	-0.02342233	0.63162961
4380992.00000000	-0.09220670	-0.02573874	0.65385846
4373992.00000000	0.01828894	-0.02735425	0.66005988
4366992.00000000	0.12859271	-0.02797623	0.64882483
4359992.00000000	0.24015796	-0.02702930	0.61880634
4352992.00000000	0.34676614	-0.02411923	0.56959778
4345992.00000000	0.44396341	-0.01928391	0.50304501
4338992.00000000	0.52763223	-0.01336465	0.42130316
4331992.00000000	0.59298145	-0.00744177	0.33032510
4324992.00000000	0.64090237	-0.00194812	0.23089771
4317992.00000000	0.67035681	0.00255521	0.12969455
4310992.00000000	0.68326920	0.00656012	0.02306216
4303992.00000000	0.67837195	0.01001202	-0.08331259
4296992.00000000	0.65369943	0.01324939	-0.19237512
4289992.00000000	0.60833563	0.01601343	-0.29670020
4282992.00000000	0.54144400	0.01822107	-0.39489401
4275992.00000000	0.45738889	0.01957376	-0.47954608
4268992.00000000	0.36157608	0.02020084	-0.54785046
4261992.00000000	0.25761212	0.02014154	-0.59895081
4254992.00000000	0.15068542	0.01950433	-0.63249649
4247992.00000000	0.03976697	0.01827695	-0.65015115
4240992.00000000	-0.07093887	0.01586746	-0.65078680
4233992.00000000	-0.18478107	0.01192429	-0.63344858
4226992.00000000	-0.29420416	0.00640216	-0.59673804
4219992.00000000	-0.39808511	-0.00050168	-0.53931638
4212992.00000000	-0.48729596	-0.00745325	-0.46578397
4205992.00000000	-0.56081741	-0.01350955	-0.37846362
4198992.00000000	-0.61564975	-0.01814923	-0.28325662
4191992.00000000	-0.65318167	-0.02162717	-0.18277042
4184992.00000000	-0.67438330	-0.02439651	-0.07816913
4177992.00000000	-0.67897412	-0.02643478	0.02763583
4170992.00000000	-0.66564359	-0.02770874	0.13630450
4163992.00000000	-0.63316949	-0.02783664	0.24184955
4156992.00000000	-0.57962088	-0.02686575	0.34429529
4149992.00000000	-0.50836346	-0.02515244	0.43552209
4142992.00000000	-0.42053815	-0.02289111	0.51494952
4135992.00000000	-0.32377051	-0.02042972	0.57735818
4128992.00000000	-0.21959064	-0.01743860	0.62428329
4121992.00000000	-0.11014630	-0.01370630	0.65598312
4114992.00000000	0.00464932	-0.00797653	0.67323483
4107992.00000000	0.12762808	0.00115967	0.67564435
4100992.00000000	0.25750854	0.01410605	0.66177170
4093992.00000000	0.39668738	0.03006415	0.62853683
4086992.00000000	0.53131277	0.04378546	0.57454956
4079992.00000000	0.64995566	0.05094174	0.49730804
4072992.00000000	0.73718164	0.05193210	0.40325262
4065992.00000000	0.79504416	0.04978644	0.29755399
4058992.00000000	0.82731009	0.04579535	0.18566641
4051992.00000000	0.83639166	0.04040689	0.06863803
4044992.00000000	0.81974942	0.03286105	-0.05379196
4037992.00000000	0.77251657	0.02256061	-0.17766550
4030992.00000000	0.69228827	0.01174057	-0.29976770
4023992.00000000	0.59091217	0.00522522	-0.40803625
4016992.00000000	0.47870920	0.00359814	-0.49851608
4009992.00000000	0.36817429	0.00460233	-0.56541501
4002992.00000000	0.25632504	0.00609589	-0.61290518
3995992.00000000	0.14719470	0.00717538	-0.64117181
3988992.00000000	0.03577795	0.00733990	-0.65287183
3981992.00000000	-0.07611404	0.00643695	-0.64724777
3974992.00000000	-0.18849786	0.00428308	-0.62290579
3967992.00000000	-0.29832181	0.00129239	-0.57870651
3960992.00000000	-0.40052448	-0.00167566	-0.51531403
3953992.00000000	-0.49007837	-0.00523657	-0.43547067
3946992.00000000	-0.56249771	-0.00869897	-0.34404929
3939992.00000000	-0.61716895	-0.01207693	-0.24424573
3932992.00000000	-0.65360001	-0.01550046	-0.14148566
3925992.00000000	-0.67393625	-0.01897495	-0.03356683
3918992.00000000	-0.67720062	-0.02268228	0.07463162
3911992.00000000	-0.66184320	-0.02646909	0.18464154
3904992.00000000	-0.62583292	-0.02958774	0.29138785
3897992.00000000	-0.56916928	-0.03244815	0.38954797
3890992.00000000	-0.49366272	-0.03371384	0.47479053
3883992.00000000	-0.40479745	-0.03333508	0.54300635
3876992.00000000	-0.30604059	-0.03199857	0.59396777
3869992.00000000	-0.20405969	-0.03020767	0.62727042
3862992.00000000	-0.09681345	-0.02823053	0.64509967
3855992.00000000	0.01090625	-0.02604691	0.64694376
3848992.00000000	0.12211551	-0.02318600	0.63225998
3841992.00000000	0.23139490	-0.01952789	0.60009567
3834992.00000000	0.33608527	-0.01433109	0.55041501
3827992.00000000	0.43186005	-0.00788531	0.48430322
3820992.00000000	0.51362384	-0.00007715	0.40483301
3813992.00000000	0.57907425	0.00833771	0.31477753
3806992.00000000	0.62661594	0.01627448	0.21838568
3799992.00000000	0.65737143	0.02383365	0.11609421
3792992.00000000	0.67101929	0.03088919	0.01203549
3785992.00000000	0.66697513	0.03765396	-0.09651492
3778992.00000000	0.64367386	0.04309052	-0.20356033
3771992.00000000	0.59866434	0.04635391	-0.30922690
3764992.00000000	0.53294589	0.04702155	-0.40578485
3757992.00000000	0.44920563	0.04516367	-0.48894949
3750992.00000000	0.35308057	0.04215204	-0.55456277
3743992.00000000	0.24997931	0.03851788	-0.60176718
3736992.00000000	0.14114670	0.03433957	-0.63218973
3729992.00000000	0.03036874	0.02971765	-0.64592474
3722992.00000000	-0.08444193	0.02373831	-0.64268027
3715992.00000000	-0.19845581	0.01596112	-0.62081033
3708992.00000000	-0.31036697	0.00634763	-0.57806351
3701992.00000000	-0.41199777	-0.00362289	-0.51543130
3694992.00000000	-0.49977191	-0.01272971	-0.43479907
3687992.00000000	-0.56858878	-0.01990118	-0.34279147
3680992.00000000	-0.61885010	-0.02525571	-0.24307541
3673992.00000000	-0.65142361	-0.02993994	-0.13911160
3666992.00000000	-0.66699771	-0.03468634	-0.03336301
3659992.00000000	-0.66524799	-0.03966623	0.07573569
3652992.00000000	-0.64501025	-0.04453729	0.18322754
3645992.00000000	-0.60433951	-0.04834866	0.28912585
3638992.00000000	-0.54474902	-0.05030759	0.38642114
3631992.00000000	-0.46788712	-0.05050513	0.47298212
3624992.00000000	-0.37941663	-0.04879645	0.54353799
3617992.00000000	-0.28142856	-0.04594461	0.59781290
3610992.00000000	-0.17858054	-0.04200662	0.63506323
3603992.00000000	-0.07152206	-0.03751318	0.65635303
3596992.00000000	0.03874402	-0.03166904	0.66134796
3589992.00000000	0.14948486	-0.02405948	0.64897437
3582992.00000000	0.25993964	-0.01435776	0.61708493
3575992.00000000	0.36219962	-0.00355063	0.56555197
3568992.00000000	0.45384052	0.00706354	0.49442224
3561992.00000000	0.52803558	0.01588757	0.41014603
3554992.00000000	0.58562378	0.02286472	0.31462787
3547992.00000000	0.62558423	0.02801221	0.21354428
3540992.00000000	0.64927481	0.03228174	0.10767938
3533992.00000000	0.65633792	0.03605365	-0.00032956
3526992.00000000	0.64602707	0.03949487	-0.11054037
3519992.00000000	0.61689166	0.04188403	-0.22075363
3512992.00000000	0.56926324	0.04289603	-0.32500790
3505992.00000000	0.50307343	0.04230048	-0.42046564
3498992.00000000	0.42260208	0.04072787	-0.50008710
3491992.00000000	0.32964322	0.03821899	-0.56314233
3484992.00000000	0.23031616	0.03532434	-0.60781577
3477992.00000000	0.12501166	0.03244708	-0.63606989
3470992.00000000	0.01654459	0.02950409	-0.64789944
3463992.00000000	-0.09561859	0.02573981	-0.64285260
3456992.00000000	-0.20829874	0.02082913	-0.61966171
3449992.00000000	-0.31849890	0.01438297	-0.57714474
3442992.00000000	-0.42056726	0.00682938	-0.51570505
3435992.00000000	-0.50747101	-0.00078302	-0.43878152
3428992.00000000	-0.57701108	-0.00773334	-0.34900507
3421992.00000000	-0.62680481	-0.01367151	-0.25274277
3414992.00000000	-0.65957620	-0.01886188	-0.14958655
3407992.00000000	-0.67527966	-0.02359644	-0.04363675
3400992.00000000	-0.67398001	-0.02826270	0.06658182
3393992.00000000	-0.65420212	-0.03265723	0.17721951
3386992.00000000	-0.61435477	-0.03632669	0.28628296
3379992.00000000	-0.55433298	-0.03834045	0.38795242
3372992.00000000	-0.47681137	-0.03845135	0.47614789
3365992.00000000	-0.38534787	-0.03683713	0.54742261
3358992.00000000	-0.28538654	-0.03431186	0.59972308
3351992.00000000	-0.17944507	-0.03130334	0.63457343
3344992.00000000	-0.07061371	-0.02787424	0.65195996
3337992.00000000	0.04271747	-0.02367697	0.65211658
3330992.00000000	0.15649496	-0.01837161	0.63367767
3323992.00000000	0.27078003	-0.01154056	0.59498654
3316992.00000000	0.37749847	-0.00388391	0.53674423
3309992.00000000	0.47244360	0.00436307	0.46111673
3302992.00000000	0.55016809	0.01227615	0.37266257
3295992.00000000	0.60873236	0.01945395	0.27598199
3288992.00000000	0.64891193	0.02586618	0.17364120
3281992.00000000	0.67167407	0.03183813	0.06887076
3274992.00000000	0.67734631	0.03761823	-0.03957336
3267992.00000000	0.66454694	0.04243063	-0.14815030
3260992.00000000	0.63085724	0.04555472	-0.25688065
3253992.00000000	0.57660547	0.04579874	-0.35776291
3246992.00000000	0.50296674	0.04308353	-0.44821124
3239992.00000000	0.41566418	0.03841760	-0.52302322
3232992.00000000	0.31826169	0.03251047	-0.58162180
3225992.00000000	0.21508139	0.02628152	-0.62359030
3218992.00000000	0.10798108	0.02033633	-0.64952573
3211992.00000000	-0.00182980	0.01390826	-0.65978671
3204992.00000000	-0.11319135	0.00682309	-0.65298633
3197992.00000000	-0.22486349	-0.00114398	-0.62751065
3190992.00000000	-0.33051630	-0.00907935	-0.58287711
3183992.00000000	-0.42768100	-0.01630261	-0.51942789
3176992.00000000	-0.50973590	-0.02044504	-0.44107791
3169992.00000000	-0.57557492	-0.02284271	-0.35068024
3162992.00000000	-0.62341711	-0.02396457	-0.25368958
3155992.00000000	-0.65512842	-0.02460556	-0.14987805
3148992.00000000	-0.67021719	-0.02514471	-0.04307761
3141992.00000000	-0.66829608	-0.02575555	0.06776105
3134992.00000000	-0.64739914	-0.02625238	0.18047809
3127992.00000000	-0.60630325	-0.02625800	0.29052951
3120992.00000000	-0.54431290	-0.02554190	0.39400101
3113992.00000000	-0.46569919	-0.02406070	0.48266956
3106992.00000000	-0.37359885	-0.02191379	0.55459760
3099992.00000000	-0.27392380	-0.01913266	0.60755518
3092992.00000000	-0.16892642	-0.01626666	0.64306418
3085992.00000000	-0.06087686	-0.01299048	0.66162158
3078992.00000000	0.05095767	-0.00896783	0.66287381
3071992.00000000	0.16283035	-0.00382477	0.64537051
3064992.00000000	0.27271753	0.00244891	0.60754068
3057992.00000000	0.37563895	0.00948666	0.54984470
3050992.00000000	0.46582159	0.01641550	0.47534912
3043992.00000000	0.54019412	0.02241885	0.38795938
3036992.00000000	0.59612109	0.02722031	0.29255518
3029992.00000000	0.63456192	0.03111368	0.19134821
3022992.00000000	0.65580737	0.03436472	0.08703180
3015992.00000000	0.66001715	0.03719467	-0.02134277
3008992.00000000	0.64532773	0.03913214	-0.13119962
3001992.00000000	0.61016931	0.03984091	-0.23979581
2994992.00000000	0.55365710	0.03910587	-0.34352017
2987992.00000000	0.47853412	0.03678604	-0.43603687
2980992.00000000	0.38863156	0.03321442	-0.51355890
2973992.00000000	0.29041202	0.02897955	-0.57297772
2966992.00000000	0.18580588	0.02443704	-0.61530222
2959992.00000000	0.07840024	0.01970511	-0.64050293
2952992.00000000	-0.03259357	0.01414368	-0.64873138
2945992.00000000	-0.14443964	0.00743478	-0.63839676
2938992.00000000	-0.25541031	-0.00065350	-0.60769748
2931992.00000000	-0.35981610	-0.00965454	-0.55632468
2924992.00000000	-0.45157706	-0.01853082	-0.48696396
2917992.00000000	-0.52826718	-0.02654382	-0.40225696
2910992.00000000	-0.58715640	-0.03284531	-0.30830893
2903992.00000000	-0.62957458	-0.03789246	-0.20740652
2896992.00000000	-0.65565070	-0.04221741	-0.10303101
2889992.00000000	-0.66589410	-0.04641928	0.00583685
2882992.00000000	-0.65893213	-0.05016592	0.11580405
2875992.00000000	-0.63280209	-0.05244424	0.22725409
2868992.00000000	-0.58716083	-0.05156091	0.33346768
2861992.00000000	-0.52205594	-0.04768668	0.43145035
2854992.00000000	-0.44153232	-0.04098444	0.51458105
2847992.00000000	-0.34976483	-0.03275754	0.58027328
2840992.00000000	-0.25028455	-0.02382584	0.62805850
2833992.00000000	-0.14672180	-0.01504944	0.65851984
2826992.00000000	-0.03830682	-0.00611206	0.67250781
2819992.00000000	0.07232434	0.00305978	0.66887027
2812992.00000000	0.18593478	0.01262259	0.64577042
2805992.00000000	0.29674597	0.02150067	0.60221552
2798992.00000000	0.40163492	0.02908923	0.53833383
2791992.00000000	0.49228247	0.03465479	0.45937714
2784992.00000000	0.56674445	0.03808044	0.36824585
2777992.00000000	0.62231223	0.03996548	0.27079333
2770992.00000000	0.65994565	0.04112790	0.16909973
2763992.00000000	0.68077277	0.04191885	0.06318146
2756992.00000000	0.68383859	0.04228833	-0.04476532
2749992.00000000	0.66718039	0.04190643	-0.15524374
2742992.00000000	0.62960748	0.04045285	-0.26176852
2735992.00000000	0.56989316	0.03767010	-0.36332602
2728992.00000000	0.49280878	0.03365036	-0.45196918
2721992.00000000	0.40134882	0.02820129	-0.52616345
2714992.00000000	0.30212006	0.02224673	-0.58296832
2707992.00000000	0.19765158	0.01617914	-0.62298767
2700992.00000000	0.09004959	0.00974561	-0.64667346
2693992.00000000	-0.02050565	0.00269751	-0.65379294
2686992.00000000	-0.13316034	-0.00568210	-0.64280820
2679992.00000000	-0.24441565	-0.01509326	-0.61180002
2672992.00000000	-0.35236655	-0.02475296	-0.55924939
2665992.00000000	-0.44768857	-0.03309448	-0.48933771
2658992.00000000	-0.52953732	-0.03938382	-0.40365131
2651992.00000000	-0.59255396	-0.04343265	-0.30991150
2644992.00000000	-0.63854672	-0.04624597	-0.20926559
2637992.00000000	-0.66711121	-0.04823041	-0.10585501
2630992.00000000	-0.67904321	-0.04965137	0.00138803
2623992.00000000	-0.67281073	-0.04990714	0.11018326
2616992.00000000	-0.64645374	-0.04795279	0.21896860
2609992.00000000	-0.59829062	-0.04310117	0.32360239
2602992.00000000	-0.53094324	-0.03576181	0.41749319
2595992.00000000	-0.44656503	-0.02701102	0.49847424
2588992.00000000	-0.35342230	-0.01823053	0.56135736
2581992.00000000	-0.25142429	-0.00980142	0.60875586
2574992.00000000	-0.14755453	-0.00186029	0.63867532
2567992.00000000	-0.03846854	0.00640286	0.65288602
2560992.00000000	0.07247665	0.01531311	0.64978757
2553992.00000000	0.18498434	0.02473547	0.62747125
2546992.00000000	0.29556433	0.03360388	0.58496695
2539992.00000000	0.39927780	0.04013318	0.52347104
2532992.00000000	0.49091150	0.04342178	0.44594940
2525992.00000000	0.56583102	0.04369257	0.35724557
2518992.00000000	0.62318002	0.04198282	0.25981802
2511992.00000000	0.66225995	0.03963620	0.15824841
2504992.00000000	0.68445306	0.03709018	0.05164780
2497992.00000000	0.68888339	0.03419754	-0.05727457
2490992.00000000	0.67380771	0.03032651	-0.16830447
2483992.00000000	0.63713596	0.02494681	-0.27802646
2476992.00000000	0.57876636	0.01833243	-0.38073471
2469992.00000000	0.50136160	0.01113989	-0.47065564
2462992.00000000	0.41095764	0.00428668	-0.54329608
2455992.00000000	0.31137112	-0.00202127	-0.59835706
2448992.00000000	0.20772281	-0.00775162	-0.63639368
2441992.00000000	0.09781522	-0.01359677	-0.65895782
2434992.00000000	-0.01276068	-0.01972723	-0.66485666
2427992.00000000	-0.12802267	-0.02658698	-0.65327805
2420992.00000000	-0.24094327	-0.03325665	-0.62245331
2413992.00000000	-0.34880548	-0.03904501	-0.57176218
2406992.00000000	-0.44480106	-0.04290878	-0.50332178
2399992.00000000	-0.52532486	-0.04478928	-0.41992392
2392992.00000000	-0.58815302	-0.04520648	-0.32611160
2385992.00000000	-0.63312839	-0.04506802	-0.22628790
2378992.00000000	-0.66189456	-0.04477646	-0.12092358
2371992.00000000	-0.67401627	-0.04420068	-0.01217130
2364992.00000000	-0.66854910	-0.04270123	0.10046140
2357992.00000000	-0.64347888	-0.03933261	0.21314890
2350992.00000000	-0.59807040	-0.03380811	0.32075333
2343992.00000000	-0.53370541	-0.02652139	0.41736005
2336992.00000000	-0.45259872	-0.01797910	0.49962201
2329992.00000000	-0.36144705	-0.00947571	0.56329489
2322992.00000000	-0.26174469	-0.00100943	0.61057767
2315992.00000000	-0.15764444	0.00762872	0.64096497
2308992.00000000	-0.04974689	0.01705112	0.65476358
2301992.00000000	0.06174878	0.02753348	0.65088647
2294992.00000000	0.17376395	0.03796423	0.62748950
2287992.00000000	0.28406699	0.04674789	0.58370575
2280992.00000000	0.38563284	0.05208023	0.52149255
2273992.00000000	0.47506696	0.05360312	0.44320386
2266992.00000000	0.54702353	0.05259320	0.35510916
2259992.00000000	0.60186676	0.05041132	0.25941681
2252992.00000000	0.63962561	0.04805527	0.15904666
2245992.00000000	0.66116348	0.04584561	0.05470847
2238992.00000000	0.66579227	0.04330185	-0.05231793
2231992.00000000	0.65160660	0.04024429	-0.16123666
2224992.00000000	0.61667282	0.03649097	-0.26827087
2217992.00000000	0.56160715	0.03201328	-0.36770966
2210992.00000000	0.48821182	0.02664539	-0.45580539
2203992.00000000	0.40210446	0.02034015	-0.52768900
2196992.00000000	0.30565930	0.01358347	-0.58327771
2189992.00000000	0.20489587	0.00670706	-0.62109940
2182992.00000000	0.09921432	-0.00059232	-0.64299887
2175992.00000000	-0.01022495	-0.00883334	-0.64826306
2168992.00000000	-0.12219824	-0.01792245	-0.63576205
2161992.00000000	-0.23453766	-0.02727835	-0.60377051
2154992.00000000	-0.34236685	-0.03565646	-0.55201041
2147992.00000000	-0.44046301	-0.04217685	-0.48211490
2140992.00000000	-0.52223016	-0.04652429	-0.39919012
2133992.00000000	-0.58668237	-0.04903278	-0.30540836
2126992.00000000	-0.63203366	-0.05043988	-0.20711127
2119992.00000000	-0.66076593	-0.05171902	-0.10289377
2112992.00000000	-0.67235699	-0.05246170	0.00375119
2105992.00000000	-0.66601529	-0.05217670	0.11366272
2098992.00000000	-0.63974649	-0.04977631	0.22331958
2091992.00000000	-0.59262024	-0.04435852	0.32810956
2084992.00000000	-0.52585962	-0.03636621	0.42246228
2077992.00000000	-0.44347214	-0.02699878	0.50139252
2070992.00000000	-0.34862457	-0.01702142	0.56380557
2063992.00000000	-0.24882037	-0.00765817	0.60760135
2056992.00000000	-0.14222299	0.00158243	0.63550894
2049992.00000000	-0.03397775	0.01109036	0.64640048
2042992.00000000	0.07952133	0.02168326	0.63945065
2035992.00000000	0.19207928	0.03212921	0.61324643
2028992.00000000	0.30199631	0.04120734	0.56653799
2021992.00000000	0.40235492	0.04725854	0.50160132
2014992.00000000	0.48839987	0.05014279	0.42222595
2007992.00000000	0.55733212	0.05048215	0.33236804
2000992.00000000	0.60795428	0.04972836	0.23682938
1993992.00000000	0.64198175	0.04850757	0.13566684
1986992.00000000	0.65865427	0.04701331	0.03147546
1979992.00000000	0.65725342	0.04446823	-0.07744791
1972992.00000000	0.63587921	0.03956296	-0.18616794
1965992.00000000	0.59261386	0.03223026	-0.29421686
1958992.00000000	0.52994623	0.02278140	-0.39271677
1951992.00000000	0.45051648	0.01235544	-0.47877136
1944992.00000000	0.35973523	0.00252368	-0.54851022
1937992.00000000	0.26157608	-0.00634018	-0.60119904
1930992.00000000	0.15812781	-0.01468558	-0.63749597
1923992.00000000	0.05190909	-0.02306015	-0.65741589
1916992.00000000	-0.05945624	-0.03161823	-0.66012872
1909992.00000000	-0.17053793	-0.03906790	-0.64344482
1902992.00000000	-0.28111682	-0.04410205	-0.60513702
1895992.00000000	-0.38258716	-0.04530460	-0.54677725
1888992.00000000	-0.47265488	-0.04328018	-0.47022534
1881992.00000000	-0.54592404	-0.03926019	-0.38206885
1874992.00000000	-0.60251050	-0.03451828	-0.28589935
1867992.00000000	-0.64288867	-0.02992245	-0.18417862
1860992.00000000	-0.66698199	-0.02532977	-0.07910037
1853992.00000000	-0.67408109	-0.02039056	0.03110062
1846992.00000000	-0.66178384	-0.01490961	0.14091452
1839992.00000000	-0.62751859	-0.00917834	0.25165396
1832992.00000000	-0.57134760	-0.00447968	0.35523431
1825992.00000000	-0.49524042	-0.00048981	0.44802866
1818992.00000000	-0.40560507	0.00229245	0.52416602
1811992.00000000	-0.30547144	0.00470773	0.58391718
1804992.00000000	-0.20053702	0.00708191	0.62615317
1797992.00000000	-0.09135562	0.01105759	0.65239297
1790992.00000000	0.02073581	0.01456027	0.66242917
1783992.00000000	0.13494431	0.01886349	0.65492184
1776992.00000000	0.24830832	0.02532443	0.62757965
1769992.00000000	0.35272357	0.03146225	0.58042987
1762992.00000000	0.44733911	0.03752707	0.51262039
1755992.00000000	0.52464883	0.04207663	0.43052963
1748992.00000000	0.58548642	0.04481711	0.33633411
1741992.00000000	0.62886078	0.04619531	0.23642651
1734992.00000000	0.65654315	0.04683542	0.13080423
1727992.00000000	0.66811182	0.04674121	0.02192700
1720992.00000000	0.66245224	0.04518170	-0.09069601
1713992.00000000	0.63775809	0.04086978	-0.20282098
1706992.00000000	0.59309045	0.03343539	-0.31049796
1699992.00000000	0.52837210	0.02329248	-0.40934949
1692992.00000000	0.44914929	0.01230515	-0.49109900
1685992.00000000	0.35678860	0.00143741	-0.55653793
1678992.00000000	0.25830325	-0.00807272	-0.60368582
1671992.00000000	0.15266803	-0.01696121	-0.63529587
1664992.00000000	0.04330945	-0.02552191	-0.65089481
1657992.00000000	-0.07058701	-0.03434406	-0.64910809
1650992.00000000	-0.18506387	-0.04241144	-0.62786902
1643992.00000000	-0.29707224	-0.04860226	-0.58564197
1636992.00000000	-0.39976816	-0.05184174	-0.52360590
1629992.00000000	-0.48780652	-0.05223499	-0.44573431
1622992.00000000	-0.55960690	-0.05064975	-0.35532758
1615992.00000000	-0.61283691	-0.04826355	-0.25917853
1608992.00000000	-0.65001361	-0.04529428	-0.15598846
1601992.00000000	-0.67029919	-0.04200339	-0.05123056
1594992.00000000	-0.67375867	-0.03740466	0.05937793
1587992.00000000	-0.65855844	-0.03075082	0.16978345
1580992.00000000	-0.62278119	-0.02161136	0.27927472
1573992.00000000	-0.56689816	-0.01074774	0.38010037
1566992.00000000	-0.49358163	0.00015533	0.46717404
1559992.00000000	-0.40617572	0.00978955	0.53866086
1552992.00000000	-0.31050226	0.01750717	0.59282928
1545992.00000000	-0.20735474	0.02395874	0.63170132
1538992.00000000	-0.10104477	0.02985062	0.65467090
1531992.00000000	0.01093198	0.03636118	0.66170755
1524992.00000000	0.12273376	0.04258469	0.65088504
1517992.00000000	0.23802347	0.04812073	0.61967963
1510992.00000000	0.34680154	0.05261407	0.56962143
1503992.00000000	0.44687787	0.05489258	0.50119797
1496992.00000000	0.53221423	0.05483914	0.41865573
1489992.00000000	0.59985062	0.05297568	0.32638425
1482992.00000000	0.64953748	0.04976486	0.22789297
1475992.00000000	0.68233905	0.04602332	0.12452029
1468992.00000000	0.69851221	0.04112305	0.01598471
1461992.00000000	0.69619043	0.03426990	-0.09426184
1454992.00000000	0.67226385	0.02463937	-0.20813623
1447992.00000000	0.62671222	0.01333432	-0.31447705
1440992.00000000	0.55876236	0.00154333	-0.41313916
1433992.00000000	0.47500345	-0.00885349	-0.49565955
1426992.00000000	0.37919119	-0.01760202	-0.56139221
1419992.00000000	0.27616122	-0.02490756	-0.60954825
1412992.00000000	0.17214783	-0.03125827	-0.63999664
1405992.00000000	0.05979605	-0.03774597	-0.65598471
1398992.00000000	-0.05535382	-0.04438986	-0.65434763
1391992.00000000	-0.17395782	-0.05020532	-0.63277634
1384992.00000000	-0.28777896	-0.05355652	-0.59081882
1377992.00000000	-0.39571783	-0.05362085	-0.52779300
1370992.00000000	-0.48556409	-0.04993808	-0.45160895
1363992.00000000	-0.56108502	-0.04442197	-0.36081650
1356992.00000000	-0.61779602	-0.03839478	-0.26298557
1349992.00000000	-0.65751801	-0.03204739	-0.15944812
1342992.00000000	-0.68012711	-0.02521140	-0.05239893
1335992.00000000	-0.68506235	-0.01811203	0.05941943
1328992.00000000	-0.66970291	-0.00979846	0.17380023
1321992.00000000	-0.63266779	-0.00158295	0.28389163
1314992.00000000	-0.57309244	0.00547781	0.38794083
1307992.00000000	-0.49674805	0.01056491	0.47648798
1300992.00000000	-0.40518243	0.01388144	0.55052847
1293992.00000000	-0.30623712	0.01596173	0.60640680
1286992.00000000	-0.20006769	0.01800372	0.64664438
1279992.00000000	-0.08994629	0.02042044	0.67065271
1272992.00000000	0.02558740	0.02327493	0.67775378
1265992.00000000	0.14507898	0.02605096	0.66587433
1258992.00000000	0.26269702	0.02809723	0.63377499
1251992.00000000	0.37535937	0.02844177	0.58061118
1244992.00000000	0.47280151	0.02709863	0.51128073
1237992.00000000	0.55468051	0.02423862	0.42674417
1230992.00000000	0.61617264	0.02025330	0.33465756
1223992.00000000	0.66012341	0.01666574	0.23547009
1216992.00000000	0.68670123	0.01294470	0.13217877
1209992.00000000	0.69601041	0.00912000	0.02291602
1202992.00000000	0.68586322	0.00615375	-0.08814117
1195992.00000000	0.65435226	0.00323297	-0.20077420
1188992.00000000	0.60212814	0.00084158	-0.30811417
1181992.00000000	0.53207251	-0.00120389	-0.40462292
1174992.00000000	0.44687808	-0.00377567	-0.48751166
1167992.00000000	0.35345300	-0.00689578	-0.55229501
1160992.00000000	0.25008612	-0.01083826	-0.60176398
1153992.00000000	0.14294464	-0.01497107	-0.63451376
1146992.00000000	0.02859558	-0.01965347	-0.65209888
1139992.00000000	-0.08912082	-0.02371625	-0.65300192
1132992.00000000	-0.20906491	-0.02687665	-0.63558011
1125992.00000000	-0.32356885	-0.02808563	-0.59881622
1118992.00000000	-0.42716803	-0.02598676	-0.54212689
1111992.00000000	-0.51511581	-0.02242395	-0.46740070
1104992.00000000	-0.58377301	-0.01827371	-0.38032321
1097992.00000000	-0.63464447	-0.01367517	-0.28357315
1090992.00000000	-0.66742670	-0.00964215	-0.18210910
1083992.00000000	-0.68303735	-0.00560342	-0.07282800
1076992.00000000	-0.67904306	-0.00186243	0.04023218
1069992.00000000	-0.65307175	-0.00097208	0.15947946
1062992.00000000	-0.60677170	-0.00104077	0.27452170
1055992.00000000	-0.54116006	-0.00162762	0.38311340
1048992.00000000	-0.45947943	-0.00144952	0.47846759
1041992.00000000	-0.36685522	0.00059518	0.55538361
1034992.00000000	-0.26698398	0.00430603	0.61341638
1027992.00000000	-0.16382669	0.00865958	0.65355051
1020992.00000000	-0.05358597	0.01373672	0.67854724
1013992.00000000	0.05827902	0.01929825	0.68682608
1006992.00000000	0.17499774	0.02544888	0.67701169
999992.00000000	0.28710135	0.03109894	0.64713254
992992.00000000	0.39279797	0.03497690	0.59583932
985992.00000000	0.48412628	0.03598871	0.52661267
978992.00000000	0.55989993	0.03466599	0.44153125
971992.00000000	0.61735632	0.03115024	0.34756165
964992.00000000	0.65844327	0.02692007	0.24653033
957992.00000000	0.68330365	0.02195578	0.13935645
950992.00000000	0.69080719	0.01695355	0.02705411
943992.00000000	0.67843695	0.01067831	-0.09093860
936992.00000000	0.64552405	0.00369101	-0.20562625
929992.00000000	0.59044849	-0.00311301	-0.31905649
922992.00000000	0.51963373	-0.00888889	-0.41765649
915992.00000000	0.43236292	-0.01399792	-0.50352335
908992.00000000	0.33981360	-0.01805655	-0.56850342
901992.00000000	0.23440512	-0.02155780	-0.61987671
894992.00000000	0.12756107	-0.02462741	-0.65311264
887992.00000000	0.01525092	-0.02665216	-0.67056509
880992.00000000	-0.10199677	-0.02749387	-0.67033374
873992.00000000	-0.21881717	-0.02659824	-0.65018997
866992.00000000	-0.33181555	-0.02364612	-0.60803833
859992.00000000	-0.43275378	-0.01818741	-0.54613791
852992.00000000	-0.51903772	-0.01171860	-0.46583621
845992.00000000	-0.58644870	-0.00598849	-0.37419589
838992.00000000	-0.63751642	-0.00081830	-0.27252521
831992.00000000	-0.67122705	0.00294955	-0.16557394
824992.00000000	-0.68799863	0.00503503	-0.05288196
817992.00000000	-0.68618616	0.00642722	0.06466995
810992.00000000	-0.66417551	0.00703152	0.18269629
803992.00000000	-0.62112155	0.00593439	0.29754453
796992.00000000	-0.56025766	0.00565060	0.39952338
789992.00000000	-0.48220755	0.00666101	0.48819876
782992.00000000	-0.39429318	0.00836252	0.55755185
775992.00000000	-0.29671393	0.01076807	0.61075626
768992.00000000	-0.19306943	0.01280341	0.64776523
761992.00000000	-0.08401816	0.01556448	0.66874460
754992.00000000	0.03142459	0.01767224	0.67327649
747992.00000000	0.15055292	0.01944928	0.65928992
740992.00000000	0.27030157	0.01918387	0.62465997
733992.00000000	0.38079770	0.01763889	0.57120874
726992.00000000	0.47958255	0.01429272	0.49912909
719992.00000000	0.55863678	0.00837469	0.41525247
712992.00000000	0.62077667	0.00424673	0.32042203
705992.00000000	0.66431808	-0.00293262	0.21985635
698992.00000000	0.69135733	-0.00766785	0.11348273
691992.00000000	0.70036069	-0.01222302	0.00266043
684992.00000000	0.68819049	-0.01599164	-0.11607166
677992.00000000	0.65236453	-0.02069620	-0.23344885
670992.00000000	0.59456345	-0.02173004	-0.34231284
663992.00000000	0.51702026	-0.02163867	-0.44046002
656992.00000000	0.42726556	-0.02108432	-0.52062643
649992.00000000	0.32629041	-0.02116284	-0.58486917
642992.00000000	0.22141422	-0.02105450	-0.63046393
635992.00000000	0.10904947	-0.02181345	-0.66023947
628992.00000000	-0.00600409	-0.02310403	-0.67249188
621992.00000000	-0.12616971	-0.02453302	-0.66609851
614992.00000000	-0.24444937	-0.02462482	-0.63960873
607992.00000000	-0.35454727	-0.02243863	-0.59414990
600992.00000000	-0.45776382	-0.01780383	-0.52682233
593992.00000000	-0.53997293	-0.01111011	-0.44748871
586992.00000000	-0.60892386	-0.00274619	-0.34987070
579992.00000000	-0.65598779	0.00525201	-0.25007666
572992.00000000	-0.68585254	0.01245422	-0.14480661
565992.00000000	-0.69762241	0.02035733	-0.03641089
558992.00000000	-0.68972455	0.02871841	0.07835333
551992.00000000	-0.65990732	0.03634720	0.19359140
544992.00000000	-0.60856708	0.04224722	0.30526202
537992.00000000	-0.54074899	0.04546368	0.40437881
530992.00000000	-0.45953854	0.04613986	0.48911920
523992.00000000	-0.36905179	0.04521024	0.55680444
516992.00000000	-0.27219376	0.04358630	0.60734225
509992.00000000	-0.16847693	0.04180942	0.64227835
502992.00000000	-0.06119009	0.03987607	0.66062421
495992.00000000	0.05142688	0.03676581	0.66165253
488992.00000000	0.16443576	0.03178119	0.64403870
481992.00000000	0.27683563	0.02403958	0.60636505
474992.00000000	0.38041376	0.01413290	0.55074329
467992.00000000	0.47223816	0.00318481	0.47964795
460992.00000000	0.54756863	-0.00663339	0.39864322
453992.00000000	0.60676837	-0.01477890	0.30981165
446992.00000000	0.64940903	-0.02122186	0.21619693
439992.00000000	0.67540530	-0.02715482	0.11915811
432992.00000000	0.68369861	-0.03278427	0.01680673
425992.00000000	0.67206128	-0.03824603	-0.08505508
418992.00000000	0.63844519	-0.04256668	-0.18706006
411992.00000000	0.58461444	-0.04427188	-0.28188010
404992.00000000	0.51211765	-0.04346909	-0.36656183
397992.00000000	0.42592957	-0.04025714	-0.43532529
390992.00000000	0.32743149	-0.03532523	-0.48681598
383992.00000000	0.22273868	-0.03035452	-0.51728241
376992.00000000	0.11215649	-0.02537012	-0.52874731
369992.00000000	-0.00449728	-0.02015076	-0.52313889
362992.00000000	-0.12422174	-0.00797241	-0.50234296
355992.00000000	-0.23355972	-0.00273566	-0.47077762
348992.00000000	-0.32966968	0.00191986	-0.43063193
341992.00000000	-0.41251874	0.00622058	-0.37880188
334992.00000000	-0.47363486	0.00972449	-0.31875293
327992.00000000	-0.51304266	0.01204834	-0.25273593
320992.00000000	-0.52774976	0.01314471	-0.18937350
313992.00000000	-0.51915137	0.01367493	-0.13215915
306992.00000000	-0.48992084	0.01403876	-0.08189780
299992.00000000	-0.44578360	0.01450403	-0.03745377
292992.00000000	-0.39085999	0.01497195	0.00395529
285992.00000000	-0.32553445	0.01006488	0.06365720
278992.00000000	-0.25398672	0.00524246	0.09104904
271992.00000000	-0.17914716	-0.00134924	0.10786401
264992.00000000	-0.10349472	-0.00807120	0.11500870
257992.00000000	-0.03583960	-0.01283728	0.11441119
250992.00000000	0.02094742	-0.01502350	0.10942480
243992.00000000	0.06507156	-0.01461328	0.10265878
236992.00000000	0.09908463	-0.01262967	0.09574805
229992.00000000	0.12449371	-0.00961356	0.08900024
222992.00000000	0.13961520	-0.00621710	0.08225516
215992.00000000	0.14283752	-0.00308731	0.07465048
208992.00000000	0.13468616	-0.00105304	0.06645679
201992.00000000	0.11916351	-0.00018735	0.05779129
194992.00000000	0.10145584	-0.00002692	0.04987415
187992.00000000	0.08441025	-0.00011905	0.04266534
180992.00000000	0.07005399	-0.00023254	0.03670471
173992.00000000	0.05823209	-0.00033951	0.03167575
166992.00000000	0.04877548	-0.00034631	0.02756573
159992.00000000	0.04127026	-0.00032605	0.02407690
152992.00000000	0.03512152	-0.00031616	0.02111887
145992.00000000	0.03022699	-0.00029901	0.01865979
138992.00000000	0.02613391	-0.00025052	0.01657098
131992.00000000	0.02274677	-0.00015662	0.01484833
124992.00000000	0.01990121	-0.00011530	0.01329193
