8053655.00000000	0.00904391	0.00032199	0.02025357
8048655.00000000	0.00927808	0.00037360	0.02224005
8043655.00000000	0.00981046	0.00036993	0.02437433
8038655.00000000	0.01041055	0.00038324	0.02677402
8033655.00000000	0.01110040	0.00037048	0.02947565
8028655.00000000	0.01185721	0.00037811	0.03262228
8023655.00000000	0.01267822	0.00035434	0.03624533
8018655.00000000	0.01353384	0.00034229	0.04033313
8013655.00000000	0.01454752	0.00034085	0.04529886
8008655.00000000	0.01560831	0.00026706	0.05077112
8003655.00000000	0.01680652	0.00020218	0.05736285
7998655.00000000	0.01811450	0.00006067	0.06503070
7993655.00000000	0.01947183	-0.00011996	0.07382391
7988655.00000000	0.02101913	-0.00037393	0.08459888
7983655.00000000	0.02266797	-0.00070889	0.09643039
7978655.00000000	0.02448471	-0.00111597	0.10994568
7973655.00000000	0.02660242	-0.00155847	0.12478391
7968655.00000000	0.02901920	-0.00195621	0.13917383
7963655.00000000	0.03198190	-0.00219193	0.15175482
7958655.00000000	0.03546671	-0.00220117	0.16023950
7953655.00000000	0.03983038	-0.00195435	0.16279807
7948655.00000000	0.04500037	-0.00137326	0.15855692
7943655.00000000	0.05188190	-0.00059821	0.14786703
7938655.00000000	0.06029071	0.00014407	0.13152780
7933655.00000000	0.07021191	0.00073209	0.11039600
7928655.00000000	0.08134760	0.00098593	0.08516013
7923655.00000000	0.09450385	0.00083063	0.05349475
7918655.00000000	0.10854773	0.00010312	0.01722662
7913655.00000000	0.12340024	-0.00104947	-0.02469931
7908655.00000000	0.13904422	-0.00261157	-0.07373608
7903655.00000000	0.15284369	-0.00390735	-0.12494388
7898655.00000000	0.16383408	-0.00454221	-0.17941003
7893655.00000000	0.16983865	-0.00410620	-0.23298978
7888655.00000000	0.16989966	-0.00268683	-0.28468100
7883655.00000000	0.16405283	-0.00092892	-0.33512729
7878655.00000000	0.15348087	0.00045251	-0.38162283
7873655.00000000	0.13832510	0.00114902	-0.42622549
7868655.00000000	0.11931580	0.00121060	-0.46665851
7863655.00000000	0.09550775	0.00103189	-0.50184454
7858655.00000000	0.06490961	0.00070456	-0.53085681
7853655.00000000	0.02801984	0.00050162	-0.55088016
7848655.00000000	-0.01710880	0.00070859	-0.56179758
7843655.00000000	-0.06886050	0.00094403	-0.56248563
7838655.00000000	-0.12478485	0.00149850	-0.55235123
7833655.00000000	-0.18176508	0.00215063	-0.53142374
7828655.00000000	-0.23928494	0.00300833	-0.49923453
7823655.00000000	-0.29338806	0.00394666	-0.45820670
7818655.00000000	-0.34574780	0.00502963	-0.40757571
7813655.00000000	-0.39465045	0.00626541	-0.35034457
7808655.00000000	-0.44095126	0.00749896	-0.28662653
7803655.00000000	-0.48206149	0.00856281	-0.21984875
7798655.00000000	-0.51753604	0.00932794	-0.14975909
7793655.00000000	-0.54535223	0.00976065	-0.07766263
7788655.00000000	-0.56384579	0.00970148	-0.00499789
7783655.00000000	-0.57256683	0.00934760	0.07004904
7778655.00000000	-0.57059091	0.00860944	0.14488327
7773655.00000000	-0.55761014	0.00749051	0.22080197
7768655.00000000	-0.53337778	0.00592557	0.29664728
7763655.00000000	-0.49954727	0.00419418	0.36859671
7758655.00000000	-0.45499734	0.00217850	0.43851685
7753655.00000000	-0.40355466	0.00050244	0.50041678
7748655.00000000	-0.34437927	-0.00079538	0.55513989
7743655.00000000	-0.28070837	-0.00170660	0.60001999
7738655.00000000	-0.21399399	-0.00218668	0.63531534
7733655.00000000	-0.14395450	-0.00240320	0.66171423
7728655.00000000	-0.07146100	-0.00240152	0.67963077
7723655.00000000	0.00103192	-0.00243231	0.68903598
7718655.00000000	0.07680072	-0.00253082	0.69047595
7713655.00000000	0.15209695	-0.00251456	0.68354831
7708655.00000000	0.22736368	-0.00243948	0.66783334
7703655.00000000	0.30292719	-0.00239520	0.64221390
7698655.00000000	0.37423660	-0.00235953	0.60746448
7693655.00000000	0.44428879	-0.00229681	0.56073886
7688655.00000000	0.50599445	-0.00214966	0.50582480
7683655.00000000	0.55962170	-0.00197748	0.44307870
7678655.00000000	0.60570428	-0.00193201	0.37115906
7673655.00000000	0.63959299	-0.00173328	0.29936063
7668655.00000000	0.66553683	-0.00168707	0.22118646
7663655.00000000	0.68164001	-0.00180588	0.14464090
7658655.00000000	0.68937326	-0.00196783	0.06784824
7653655.00000000	0.68872488	-0.00239307	-0.01319672
7648655.00000000	0.67931204	-0.00277481	-0.09213956
7643655.00000000	0.65983487	-0.00343781	-0.17402377
7638655.00000000	0.63006622	-0.00477731	-0.25365604
7633655.00000000	0.59064667	-0.00641721	-0.32875748
7628655.00000000	0.53988361	-0.00812787	-0.40105215
7623655.00000000	0.48206668	-0.00969971	-0.46436105
7618655.00000000	0.41591229	-0.01101135	-0.52066492
7613655.00000000	0.34379990	-0.01167487	-0.56794556
7608655.00000000	0.27025009	-0.01195508	-0.60471591
7603655.00000000	0.19196133	-0.01158719	-0.63323560
7598655.00000000	0.11337769	-0.01103995	-0.65258026
7593655.00000000	0.03486871	-0.01001532	-0.66341226
7588655.00000000	-0.04774744	-0.00897549	-0.66583826
7583655.00000000	-0.12512454	-0.00762860	-0.66002621
7578655.00000000	-0.20624557	-0.00579837	-0.64490561
7573655.00000000	-0.28424002	-0.00367197	-0.62039212
7568655.00000000	-0.35897443	-0.00090958	-0.58589273
7563655.00000000	-0.42994397	0.00232468	-0.54073920
7558655.00000000	-0.49065509	0.00558960	-0.48895563
7553655.00000000	-0.54576825	0.00880881	-0.42677292
7548655.00000000	-0.59113791	0.01138239	-0.35857217
7543655.00000000	-0.62602475	0.01328513	-0.28754062
7538655.00000000	-0.65279742	0.01455670	-0.21057837
7533655.00000000	-0.66959421	0.01529004	-0.13546216
7528655.00000000	-0.67830835	0.01628918	-0.05770947
7523655.00000000	-0.67876404	0.01720761	0.01926727
7518655.00000000	-0.67266324	0.01981207	0.08422195
7513655.00000000	-0.65619617	0.02020511	0.16670337
7508655.00000000	-0.62970044	0.02024658	0.24683295
7503655.00000000	-0.59278348	0.01973444	0.32432352
7498655.00000000	-0.54525430	0.01861148	0.39790741
7493655.00000000	-0.48938248	0.01636847	0.46352032
7488655.00000000	-0.42421790	0.01397534	0.52229071
7483655.00000000	-0.35513513	0.01151669	0.56989258
7478655.00000000	-0.28285550	0.00941980	0.60748941
7473655.00000000	-0.20824741	0.00730035	0.63557495
7468655.00000000	-0.13334482	0.00573703	0.65463974
7463655.00000000	-0.05351431	0.00452994	0.66585312
7458655.00000000	0.02592111	0.00329782	0.66801566
7453655.00000000	0.10567691	0.00228906	0.66115546
7448655.00000000	0.18715833	0.00091946	0.64435645
7443655.00000000	0.26603131	-0.00052856	0.61782870
7438655.00000000	0.34504315	-0.00247534	0.57961047
7433655.00000000	0.41602817	-0.00458688	0.53321753
7428655.00000000	0.48260611	-0.00670932	0.47628464
7423655.00000000	0.53975400	-0.00868292	0.41305670
7418655.00000000	0.58692365	-0.01046796	0.34514069
7413655.00000000	0.62569247	-0.01221735	0.27140936
7408655.00000000	0.65462497	-0.01356216	0.19507831
7403655.00000000	0.67378497	-0.01440802	0.11927368
7398655.00000000	0.68454889	-0.01540823	0.03952008
7393655.00000000	0.68604211	-0.01661334	-0.03979489
7388655.00000000	0.67803027	-0.01767084	-0.12013699
7383655.00000000	0.65921130	-0.01805762	-0.20191464
7378655.00000000	0.62986298	-0.01808649	-0.28082849
7373655.00000000	0.58843420	-0.01741342	-0.35847314
7368655.00000000	0.53742691	-0.01631396	-0.42903235
7363655.00000000	0.47739844	-0.01426563	-0.49260519
7358655.00000000	0.40834497	-0.01162744	-0.54885077
7353655.00000000	0.33922418	-0.00918530	-0.59213434
7348655.00000000	0.26301535	-0.00679999	-0.62799274
7343655.00000000	0.18651776	-0.00501782	-0.65355441
7338655.00000000	0.11065030	-0.00326770	-0.66986322
7333655.00000000	0.02998450	-0.00183432	-0.67797791
7328655.00000000	-0.04691422	-0.00054535	-0.67699411
7323655.00000000	-0.12684094	0.00067923	-0.66654486
7318655.00000000	-0.20662180	0.00200989	-0.64601709
7313655.00000000	-0.28344122	0.00355576	-0.61551505
7308655.00000000	-0.35956760	0.00507889	-0.57362668
7303655.00000000	-0.42804181	0.00670380	-0.52411072
7298655.00000000	-0.49183981	0.00837012	-0.46528937
7293655.00000000	-0.54767444	0.00971896	-0.39997400
7288655.00000000	-0.59363553	0.01056131	-0.33124976
7283655.00000000	-0.63138330	0.01178531	-0.25746362
7278655.00000000	-0.65903445	0.01276199	-0.18355490
7273655.00000000	-0.67849179	0.01336627	-0.10667947
7268655.00000000	-0.68922055	0.01345749	-0.02776221
7263655.00000000	-0.69093738	0.01402484	0.05162592
7258655.00000000	-0.68329175	0.01495239	0.13068954
7253655.00000000	-0.66498969	0.01589099	0.21178671
7248655.00000000	-0.63693307	0.01638568	0.28824350
7243655.00000000	-0.59628577	0.01679202	0.36495850
7238655.00000000	-0.54659262	0.01678055	0.43404575
7233655.00000000	-0.48778568	0.01634354	0.49647574
7228655.00000000	-0.42219403	0.01522720	0.55012424
7223655.00000000	-0.35267236	0.01355817	0.59375769
7218655.00000000	-0.27751541	0.01204083	0.62881067
7213655.00000000	-0.20275159	0.01063931	0.65358124
7208655.00000000	-0.12518768	0.00946912	0.67018222
7203655.00000000	-0.04552548	0.00816895	0.67809698
7198655.00000000	0.03266824	0.00695786	0.67711508
7193655.00000000	0.11395074	0.00494879	0.66684549
7188655.00000000	0.19403928	0.00282111	0.64674878
7183655.00000000	0.27536035	0.00026489	0.61511496
7178655.00000000	0.35167062	-0.00280527	0.57370053
7173655.00000000	0.42367163	-0.00625177	0.52219263
7168655.00000000	0.48841107	-0.01004114	0.46271539
7163655.00000000	0.54433020	-0.01332367	0.39729028
7158655.00000000	0.59088956	-0.01637833	0.32728531
7153655.00000000	0.62839841	-0.01862634	0.25317615
7148655.00000000	0.65534534	-0.02072940	0.18004523
7143655.00000000	0.67426434	-0.02253470	0.10248254
7138655.00000000	0.68380981	-0.02438007	0.02521835
7133655.00000000	0.68432645	-0.02584183	-0.05313812
7128655.00000000	0.67491309	-0.02725406	-0.13321915
7123655.00000000	0.65540485	-0.02838159	-0.21066321
7118655.00000000	0.62476614	-0.02840030	-0.28732080
7113655.00000000	0.58278955	-0.02730075	-0.36102005
7108655.00000000	0.53141092	-0.02508823	-0.42830359
7103655.00000000	0.46938239	-0.02204736	-0.49044244
7098655.00000000	0.40422479	-0.01880154	-0.54119778
7093655.00000000	0.33167770	-0.01517477	-0.58451761
7088655.00000000	0.25773810	-0.01199283	-0.61778384
7083655.00000000	0.18298190	-0.00914005	-0.64178696
7078655.00000000	0.10491632	-0.00656610	-0.65770276
7073655.00000000	0.02728317	-0.00428409	-0.66478302
7068655.00000000	-0.05020355	-0.00217587	-0.66367487
7063655.00000000	-0.13107581	0.00019321	-0.65327017
7058655.00000000	-0.20953827	0.00249103	-0.63348792
7053655.00000000	-0.28801550	0.00469836	-0.60289819
7048655.00000000	-0.36209909	0.00675467	-0.56256342
7043655.00000000	-0.43033920	0.00812723	-0.51328497
7038655.00000000	-0.49278262	0.00936929	-0.45459552
7033655.00000000	-0.54544794	0.01067584	-0.39076828
7028655.00000000	-0.58985663	0.01139359	-0.32078842
7023655.00000000	-0.62473502	0.01188791	-0.24730664
7018655.00000000	-0.64953830	0.01233087	-0.17436206
7013655.00000000	-0.66667831	0.01307947	-0.09567688
7008655.00000000	-0.67437186	0.01395786	-0.01979248
7003655.00000000	-0.67325290	0.01465408	0.05915283
6998655.00000000	-0.66248911	0.01553906	0.13905630
6993655.00000000	-0.64169086	0.01660767	0.21717883
6988655.00000000	-0.60948145	0.01796506	0.29567258
6983655.00000000	-0.56805206	0.01828201	0.36786130
6978655.00000000	-0.51630765	0.01822870	0.43544247
6973655.00000000	-0.45587216	0.01754675	0.49599820
6968655.00000000	-0.39009961	0.01693793	0.54681561
6963655.00000000	-0.31797220	0.01610846	0.58945898
6958655.00000000	-0.24378329	0.01540604	0.62228107
6953655.00000000	-0.16718930	0.01456775	0.64636594
6948655.00000000	-0.08784488	0.01368750	0.66206888
6943655.00000000	-0.00736679	0.01304285	0.66917978
6938655.00000000	0.07295145	0.01179050	0.66736572
6933655.00000000	0.15612076	0.00980466	0.65581400
6928655.00000000	0.23547598	0.00718729	0.63472009
6923655.00000000	0.31497122	0.00392441	0.60234039
6918655.00000000	0.38934723	0.00018649	0.55965863
6913655.00000000	0.45706158	-0.00356558	0.50745129
6908655.00000000	0.51679419	-0.00714136	0.44665442
6903655.00000000	0.56616849	-0.00993817	0.38095624
6898655.00000000	0.60712753	-0.01217123	0.30907703
6893655.00000000	0.63787637	-0.01330771	0.23605017
6888655.00000000	0.66022327	-0.01424875	0.16009521
6883655.00000000	0.67390585	-0.01502554	0.08221429
6878655.00000000	0.67879846	-0.01638147	0.00456863
6873655.00000000	0.67455847	-0.01761789	-0.07567209
6868655.00000000	0.66025668	-0.01796777	-0.15592365
6863655.00000000	0.63565295	-0.01907947	-0.23445773
6858655.00000000	0.59962170	-0.02030051	-0.31206848
6853655.00000000	0.55425497	-0.02121542	-0.38357620
6848655.00000000	0.49716751	-0.02170285	-0.45184729
6843655.00000000	0.43619629	-0.02201617	-0.50844376
6838655.00000000	0.36705206	-0.02200610	-0.55844266
6833655.00000000	0.29530737	-0.02203784	-0.59810217
6828655.00000000	0.22143127	-0.02185168	-0.62826077
6823655.00000000	0.14343338	-0.02152396	-0.65043387
6818655.00000000	0.06426675	-0.02093326	-0.66381638
6813655.00000000	-0.01616693	-0.02006247	-0.66849390
6808655.00000000	-0.09879733	-0.01856345	-0.66382281
6803655.00000000	-0.17988126	-0.01600415	-0.64948685
6798655.00000000	-0.26109796	-0.01256677	-0.62459253
6793655.00000000	-0.33870456	-0.00876254	-0.58931757
6788655.00000000	-0.41137122	-0.00389954	-0.54377640
6783655.00000000	-0.47722137	0.00091470	-0.48879239
6778655.00000000	-0.53386151	0.00524432	-0.42705795
6773655.00000000	-0.58084097	0.00905533	-0.36003186
6768655.00000000	-0.61872684	0.01188730	-0.28837689
6763655.00000000	-0.64611386	0.01439066	-0.21696158
6758655.00000000	-0.66591714	0.01610687	-0.13980078
6753655.00000000	-0.67627228	0.01807391	-0.06482828
6748655.00000000	-0.67799124	0.02034091	0.01288419
6743655.00000000	-0.67026941	0.02313425	0.09214014
6738655.00000000	-0.65269553	0.02576566	0.16986429
6733655.00000000	-0.62390164	0.02850711	0.24889200
6728655.00000000	-0.58488889	0.03059293	0.32423193
6723655.00000000	-0.53497018	0.03206952	0.39657581
6718655.00000000	-0.47636670	0.03242368	0.46177728
6713655.00000000	-0.41250351	0.03115939	0.51773413
6708655.00000000	-0.34313708	0.02910345	0.56500351
6703655.00000000	-0.27140894	0.02667740	0.60275140
6698655.00000000	-0.19781323	0.02436560	0.63144595
6693655.00000000	-0.12114688	0.02221582	0.65193591
6688655.00000000	-0.04288458	0.02039938	0.66387143
6683655.00000000	0.03522723	0.01849268	0.66706573
6678655.00000000	0.11555170	0.01663702	0.66090738
6673655.00000000	0.19243930	0.01498260	0.64540070
6668655.00000000	0.27101627	0.01333487	0.61871359
6663655.00000000	0.34443607	0.01191519	0.58189932
6658655.00000000	0.41328848	0.01065625	0.53502875
6653655.00000000	0.47552060	0.00932382	0.47919812
6648655.00000000	0.52795181	0.00816345	0.41871365
6643655.00000000	0.57374161	0.00608347	0.35035025
6638655.00000000	0.60971985	0.00360181	0.27937842
6633655.00000000	0.63686047	0.00053320	0.20567435
6628655.00000000	0.65563147	-0.00249081	0.12969626
6623655.00000000	0.66575983	-0.00573990	0.05405505
6618655.00000000	0.66746896	-0.00966748	-0.02473511
6613655.00000000	0.66006842	-0.01380389	-0.10295816
6608655.00000000	0.64262570	-0.01849951	-0.18292130
6603655.00000000	0.61514297	-0.02265714	-0.26010770
6598655.00000000	0.57675064	-0.02664160	-0.33567014
6593655.00000000	0.52890634	-0.02894284	-0.40542960
6588655.00000000	0.47388226	-0.03035406	-0.46723395
6583655.00000000	0.41096417	-0.03051144	-0.52220435
6578655.00000000	0.34221072	-0.02983600	-0.56878790
6573655.00000000	0.27123569	-0.02848254	-0.60572125
6568655.00000000	0.19644104	-0.02686136	-0.63446625
6563655.00000000	0.12045145	-0.02532324	-0.65477832
6558655.00000000	0.04343094	-0.02368820	-0.66657645
6553655.00000000	-0.03590625	-0.02180807	-0.67021613
6548655.00000000	-0.11531665	-0.01941260	-0.66513321
6543655.00000000	-0.19529294	-0.01670016	-0.65048846
6538655.00000000	-0.27615820	-0.01364584	-0.62492471
6533655.00000000	-0.35125555	-0.01040555	-0.59005310
6528655.00000000	-0.42320657	-0.00672510	-0.54437494
6523655.00000000	-0.48650439	-0.00334634	-0.49070450
6518655.00000000	-0.54164227	0.00015799	-0.42950241
6513655.00000000	-0.58813739	0.00327072	-0.36141586
6508655.00000000	-0.62325159	0.00580038	-0.29285724
6503655.00000000	-0.65086362	0.00797980	-0.21782773
6498655.00000000	-0.66880920	0.01046945	-0.14378644
6493655.00000000	-0.67855658	0.01307104	-0.06738364
6488655.00000000	-0.67958929	0.01580533	0.01240289
6483655.00000000	-0.67108939	0.01899515	0.09159174
6478655.00000000	-0.65222446	0.02200076	0.17174377
6473655.00000000	-0.62251465	0.02562091	0.25095978
6468655.00000000	-0.58247849	0.02849384	0.32648575
6463655.00000000	-0.53139340	0.03089621	0.39879245
6458655.00000000	-0.47359454	0.03277295	0.46231393
6453655.00000000	-0.40862640	0.03375638	0.51839880
6448655.00000000	-0.33874927	0.03379813	0.56547348
6443655.00000000	-0.26669043	0.03358786	0.60298532
6438655.00000000	-0.19090851	0.03320761	0.63208838
6433655.00000000	-0.11326648	0.03277237	0.65235754
6428655.00000000	-0.03553778	0.03200577	0.66378323
6423655.00000000	0.04739099	0.03106226	0.66653830
6418655.00000000	0.12570773	0.02958032	0.66007254
6413655.00000000	0.20721225	0.02729041	0.64318170
6408655.00000000	0.28690591	0.02442459	0.61550681
6403655.00000000	0.36353345	0.02077829	0.57658029
6398655.00000000	0.43397559	0.01593051	0.52751215
6393655.00000000	0.49466690	0.01042343	0.47155103
6388655.00000000	0.54763022	0.00476926	0.40766125
6383655.00000000	0.59052826	-0.00066342	0.33938828
6378655.00000000	0.62383759	-0.00626544	0.26845407
6373655.00000000	0.64884833	-0.01095590	0.19304279
6368655.00000000	0.66459332	-0.01598148	0.11855719
6363655.00000000	0.67220093	-0.02134921	0.04096826
6358655.00000000	0.67075146	-0.02651657	-0.03976529
6353655.00000000	0.65977994	-0.03231952	-0.11873071
6348655.00000000	0.63876215	-0.03839957	-0.19779416
6343655.00000000	0.60737811	-0.04369501	-0.27524362
6338655.00000000	0.56700397	-0.04767557	-0.34749768
6333655.00000000	0.51620776	-0.04941452	-0.41650784
6328655.00000000	0.45922418	-0.04948132	-0.47670856
6323655.00000000	0.39382816	-0.04770529	-0.53066879
6318655.00000000	0.32613007	-0.04519073	-0.57390250
6313655.00000000	0.25421213	-0.04172784	-0.60871970
6308655.00000000	0.17918597	-0.03821381	-0.63511050
6303655.00000000	0.10436932	-0.03476251	-0.65249756
6298655.00000000	0.02512720	-0.03159906	-0.66187564
6293655.00000000	-0.05495102	-0.02822208	-0.66229367
6288655.00000000	-0.13461353	-0.02462085	-0.65348929
6283655.00000000	-0.21570813	-0.02049673	-0.63432813
6278655.00000000	-0.29371695	-0.01621530	-0.60468878
6273655.00000000	-0.37009375	-0.01115253	-0.56314917
6268655.00000000	-0.43680200	-0.00670541	-0.51417648
6263655.00000000	-0.49791321	-0.00224857	-0.45521262
6258655.00000000	-0.54997983	0.00183795	-0.38967041
6253655.00000000	-0.59163168	0.00551340	-0.32075470
6248655.00000000	-0.62428699	0.00880530	-0.24854272
6243655.00000000	-0.64878595	0.01193738	-0.17195242
6238655.00000000	-0.66414835	0.01503741	-0.09600363
6233655.00000000	-0.67134622	0.01876257	-0.01707620
6228655.00000000	-0.66987592	0.02216113	0.06141553
6223655.00000000	-0.65930658	0.02593262	0.14015985
6218655.00000000	-0.63849716	0.02993979	0.22037970
6213655.00000000	-0.60799509	0.03350424	0.29687921
6208655.00000000	-0.56632739	0.03699686	0.37128296
6203655.00000000	-0.51553162	0.03885095	0.43882361
6198655.00000000	-0.45719089	0.03991010	0.49822314
6193655.00000000	-0.39016006	0.03985605	0.55061987
6188655.00000000	-0.32246140	0.03958209	0.59112701
6183655.00000000	-0.24738766	0.03867554	0.62473547
6178655.00000000	-0.17231830	0.03770053	0.64868027
6173655.00000000	-0.09621753	0.03682391	0.66406360
6168655.00000000	-0.01507446	0.03608163	0.67130713
6163655.00000000	0.06376297	0.03466882	0.66949887
6158655.00000000	0.14586273	0.03230460	0.65814752
6153655.00000000	0.22735538	0.02873392	0.63640430
6148655.00000000	0.30516486	0.02379333	0.60483182
6143655.00000000	0.38057037	0.01789844	0.56246283
6138655.00000000	0.44837177	0.01148334	0.51164929
6133655.00000000	0.50863367	0.00517136	0.45310217
6128655.00000000	0.56007486	-0.00080249	0.38809494
6123655.00000000	0.60104224	-0.00574792	0.32063104
6118655.00000000	0.63376395	-0.01031998	0.24823618
6113655.00000000	0.65695648	-0.01420837	0.17491086
6108655.00000000	0.67159122	-0.01819003	0.09942297
6103655.00000000	0.67729147	-0.02226178	0.02163437
6098655.00000000	0.67345120	-0.02684317	-0.05657834
6093655.00000000	0.65935071	-0.03128482	-0.13492770
6088655.00000000	0.63396887	-0.03565738	-0.21373779
6083655.00000000	0.59856091	-0.03908054	-0.28808362
6078655.00000000	0.55159665	-0.04127228	-0.36072797
6073655.00000000	0.49681812	-0.04223599	-0.42618527
6068655.00000000	0.43399136	-0.04173724	-0.48554840
6063655.00000000	0.36644730	-0.04051392	-0.53615381
6058655.00000000	0.29644528	-0.03864264	-0.57732397
6053655.00000000	0.22226169	-0.03654562	-0.61069995
6048655.00000000	0.14836246	-0.03469962	-0.63466818
6043655.00000000	0.07205157	-0.03307684	-0.65066226
6038655.00000000	-0.00563782	-0.03146719	-0.65810120
6033655.00000000	-0.08321375	-0.03001196	-0.65644403
6028655.00000000	-0.16202914	-0.02852551	-0.64501791
6023655.00000000	-0.23815283	-0.02734341	-0.62354446
6018655.00000000	-0.31348505	-0.02631558	-0.59093973
6013655.00000000	-0.38374304	-0.02541022	-0.54884488
6008655.00000000	-0.44882217	-0.02418066	-0.49753564
6003655.00000000	-0.50670438	-0.02239603	-0.43894095
5998655.00000000	-0.55622610	-0.01990250	-0.37484979
5993655.00000000	-0.59695517	-0.01694955	-0.30664145
5988655.00000000	-0.62967932	-0.01363449	-0.23366672
5983655.00000000	-0.65301767	-0.01016187	-0.16078101
5978655.00000000	-0.66866943	-0.00622028	-0.08389127
5973655.00000000	-0.67591772	-0.00175211	-0.00555225
5968655.00000000	-0.67435025	0.00338120	0.07322495
5963655.00000000	-0.66314429	0.00949710	0.15409534
5958655.00000000	-0.64205508	0.01635037	0.23218839
5953655.00000000	-0.60988068	0.02371365	0.30876227
5948655.00000000	-0.56655923	0.03049759	0.38110748
5943655.00000000	-0.51312317	0.03609137	0.44645776
5938655.00000000	-0.44557547	0.03992551	0.50797482
5933655.00000000	-0.37967960	0.04262595	0.55276981
5928655.00000000	-0.30657043	0.04418146	0.59004388
5923655.00000000	-0.23139832	0.04464026	0.61776077
5918655.00000000	-0.15584021	0.04467694	0.63643719
5913655.00000000	-0.07562622	0.04460034	0.64720190
5908655.00000000	0.00387891	0.04445102	0.64880905
5903655.00000000	0.08513644	0.04394254	0.64124341
5898655.00000000	0.16764481	0.04299973	0.62369406
5893655.00000000	0.24750391	0.04130234	0.59687964
5888655.00000000	0.32628900	0.03845367	0.55958917
5883655.00000000	0.39960046	0.03475946	0.51356171
5878655.00000000	0.46549786	0.03050522	0.45994714
5873655.00000000	0.52356659	0.02562097	0.39899500
5868655.00000000	0.57131415	0.02104083	0.33410852
5863655.00000000	0.61004010	0.01656598	0.26467319
5858655.00000000	0.63959259	0.01233945	0.19191183
5853655.00000000	0.65941159	0.00851221	0.11990509
5848655.00000000	0.67144385	0.00440317	0.04251300
5843655.00000000	0.67433170	0.00022836	-0.03355759
5838655.00000000	0.66827820	-0.00441290	-0.10991068
5833655.00000000	0.65200162	-0.00962378	-0.18823135
5828655.00000000	0.62605853	-0.01493491	-0.26280557
5823655.00000000	0.58884253	-0.02047180	-0.33660010
5818655.00000000	0.54281079	-0.02536450	-0.40367511
5813655.00000000	0.48827444	-0.02923242	-0.46448944
5808655.00000000	0.42637762	-0.03227951	-0.51792990
5803655.00000000	0.36019943	-0.03425055	-0.56229840
5798655.00000000	0.28843018	-0.03550034	-0.59916422
5793655.00000000	0.21542395	-0.03601785	-0.62699493
5788655.00000000	0.14013287	-0.03615915	-0.64677682
5783655.00000000	0.06203494	-0.03610495	-0.65869348
5778655.00000000	-0.01597449	-0.03621951	-0.66208383
5773655.00000000	-0.09682202	-0.03593521	-0.65649725
5768655.00000000	-0.17754059	-0.03524377	-0.64142963
5763655.00000000	-0.25648117	-0.03377789	-0.61655487
5758655.00000000	-0.33346701	-0.03152151	-0.58166171
5753655.00000000	-0.40506360	-0.02838205	-0.53789902
5748655.00000000	-0.47110217	-0.02475323	-0.48518176
5743655.00000000	-0.52915939	-0.02043686	-0.42534708
5738655.00000000	-0.57675079	-0.01601486	-0.36181168
5733655.00000000	-0.61641791	-0.01129590	-0.29257138
5728655.00000000	-0.64646786	-0.00677924	-0.22171826
5723655.00000000	-0.66789621	-0.00258081	-0.14922571
5718655.00000000	-0.68105759	0.00160992	-0.07351291
5713655.00000000	-0.68548416	0.00577710	0.00206345
5708655.00000000	-0.68069864	0.01046167	0.07965536
5703655.00000000	-0.66612631	0.01528281	0.15596921
5698655.00000000	-0.64100690	0.02010892	0.23128540
5693655.00000000	-0.60412030	0.02451147	0.30562750
5688655.00000000	-0.55628552	0.02815573	0.37581741
5683655.00000000	-0.50013660	0.03131342	0.43860944
5678655.00000000	-0.43844635	0.03295505	0.49265997
5673655.00000000	-0.36899985	0.03401105	0.54055859
5668655.00000000	-0.29661682	0.03467780	0.57945105
5663655.00000000	-0.22245782	0.03553183	0.60947034
5658655.00000000	-0.14495526	0.03656747	0.63178506
5653655.00000000	-0.06622537	0.03788898	0.64564828
5648655.00000000	0.01364038	0.03925873	0.65112009
5643655.00000000	0.09670013	0.04051053	0.64766925
5638655.00000000	0.17815656	0.04153867	0.63443002
5633655.00000000	0.25933667	0.04141098	0.61085086
5628655.00000000	0.33706433	0.04011505	0.57679922
5623655.00000000	0.40833734	0.03750183	0.53325742
5618655.00000000	0.47372583	0.03339459	0.47971234
5613655.00000000	0.52851141	0.02855460	0.42048520
5608655.00000000	0.57544604	0.02294940	0.35367520
5603655.00000000	0.61233105	0.01734299	0.28389728
5598655.00000000	0.63963913	0.01194012	0.21337164
5593655.00000000	0.65974954	0.00612241	0.13717520
5588655.00000000	0.67092145	0.00062753	0.06221695
5583655.00000000	0.67368161	-0.00519327	-0.01538501
5578655.00000000	0.66719360	-0.01139166	-0.09548859
5573655.00000000	0.65082794	-0.01777994	-0.17493338
5568655.00000000	0.62376254	-0.02416440	-0.25443420
5563655.00000000	0.58662189	-0.03017569	-0.33003873
5558655.00000000	0.54068811	-0.03486249	-0.39939035
5553655.00000000	0.48534579	-0.03846933	-0.46334637
5548655.00000000	0.42378876	-0.04081024	-0.51838071
5543655.00000000	0.35587695	-0.04203125	-0.56525403
5538655.00000000	0.28449106	-0.04271759	-0.60281909
5533655.00000000	0.21141177	-0.04298877	-0.63104129
5528655.00000000	0.13294336	-0.04328018	-0.65175284
5523655.00000000	0.05564352	-0.04353638	-0.66323172
5518655.00000000	-0.02339545	-0.04362106	-0.66601648
5513655.00000000	-0.10684540	-0.04332248	-0.65919534
5508655.00000000	-0.18540143	-0.04214670	-0.64304333
5503655.00000000	-0.26647614	-0.03965665	-0.61508490
5498655.00000000	-0.34182080	-0.03587415	-0.57723669
5493655.00000000	-0.41135785	-0.03104547	-0.52945657
5488655.00000000	-0.47363470	-0.02539337	-0.47274310
5483655.00000000	-0.52529892	-0.01977640	-0.41115063
5478655.00000000	-0.56905536	-0.01430643	-0.34310052
5473655.00000000	-0.60292847	-0.00929871	-0.27254211
5468655.00000000	-0.62793350	-0.00469998	-0.20010724
5463655.00000000	-0.64475531	-0.00000323	-0.12383133
5458655.00000000	-0.65252280	0.00447766	-0.04783618
5453655.00000000	-0.65116208	0.00922409	0.03117239
5448655.00000000	-0.63981085	0.01421902	0.11029825
5443655.00000000	-0.61773117	0.01915396	0.18966776
5438655.00000000	-0.58484134	0.02377432	0.26756674
5433655.00000000	-0.54199008	0.02755789	0.34133774
5428655.00000000	-0.49062939	0.03024005	0.40921021
5423655.00000000	-0.43081708	0.03201080	0.47128775
5418655.00000000	-0.36686435	0.03297839	0.52386926
5413655.00000000	-0.29694019	0.03325574	0.56889883
5408655.00000000	-0.22560092	0.03305951	0.60413361
5403655.00000000	-0.15142236	0.03288693	0.63095694
5398655.00000000	-0.07475351	0.03273224	0.64951758
5393655.00000000	0.00147391	0.03257062	0.65940210
5388655.00000000	0.08148441	0.03196201	0.66089383
5383655.00000000	0.16017892	0.03147168	0.65279526
5378655.00000000	0.23789215	0.03011713	0.63498102
5373655.00000000	0.31468213	0.02843646	0.60629413
5368655.00000000	0.38443686	0.02645706	0.56876987
5363655.00000000	0.44935703	0.02415933	0.52142291
5358655.00000000	0.50705994	0.02146396	0.46581189
5353655.00000000	0.55599271	0.01865845	0.40368799
5348655.00000000	0.59634906	0.01588968	0.33621158
5343655.00000000	0.62694318	0.01331650	0.26738321
5338655.00000000	0.64975162	0.01046811	0.19497824
5333655.00000000	0.66462643	0.00765683	0.11908847
5328655.00000000	0.67085336	0.00466553	0.04368552
5323655.00000000	0.66825784	0.00125412	-0.03651331
5318655.00000000	0.65603244	-0.00251056	-0.11553265
5313655.00000000	0.63344821	-0.00684418	-0.19521606
5308655.00000000	0.59972678	-0.01103592	-0.27380191
5303655.00000000	0.55739746	-0.01467773	-0.34577325
5298655.00000000	0.50431061	-0.01802130	-0.41461505
5293655.00000000	0.44557416	-0.02134525	-0.47377640
5288655.00000000	0.38078094	-0.02316663	-0.52500568
5283655.00000000	0.31071695	-0.02517181	-0.56798492
5278655.00000000	0.23995938	-0.02623376	-0.60090073
5273655.00000000	0.16301953	-0.02774927	-0.62660574
5268655.00000000	0.08680954	-0.02887622	-0.64299341
5263655.00000000	0.01065787	-0.03006894	-0.65099911
5258655.00000000	-0.07059320	-0.03103912	-0.65033273
5253655.00000000	-0.15061871	-0.03222607	-0.64031519
5248655.00000000	-0.23053888	-0.03227203	-0.62018747
5243655.00000000	-0.30915430	-0.03265848	-0.58952197
5238655.00000000	-0.38065018	-0.03156772	-0.55047525
5233655.00000000	-0.44800436	-0.02961520	-0.50086041
5228655.00000000	-0.50536664	-0.02660962	-0.44523215
5223655.00000000	-0.55445636	-0.02377078	-0.38319049
5218655.00000000	-0.59541919	-0.02014749	-0.31459485
5213655.00000000	-0.62621060	-0.01696320	-0.24523230
5208655.00000000	-0.64902893	-0.01380478	-0.17180295
5203655.00000000	-0.66326639	-0.00996967	-0.09750116
5198655.00000000	-0.66919342	-0.00636661	-0.02135165
5193655.00000000	-0.66597955	-0.00276617	0.05995456
5188655.00000000	-0.65343362	0.00100201	0.13749255
5183655.00000000	-0.63060260	0.00583881	0.21637161
5178655.00000000	-0.59720837	0.01020941	0.29350427
5173655.00000000	-0.55432642	0.01459750	0.36568909
5168655.00000000	-0.50143607	0.01849823	0.43326288
5163655.00000000	-0.44346603	0.02148041	0.49060925
5158655.00000000	-0.37802591	0.02383408	0.54116693
5153655.00000000	-0.30915247	0.02523450	0.58204700
5148655.00000000	-0.23828427	0.02609991	0.61395605
5143655.00000000	-0.16260291	0.02659735	0.63845639
5138655.00000000	-0.08712189	0.02702399	0.65409445
5133655.00000000	-0.00806070	0.02717401	0.66182132
5128655.00000000	0.07196832	0.02733698	0.66049426
5123655.00000000	0.15117383	0.02690219	0.64994852
5118655.00000000	0.23167087	0.02644653	0.62889783
5113655.00000000	0.30885327	0.02498248	0.59742551
5108655.00000000	0.38148145	0.02321429	0.55569830
5103655.00000000	0.44850827	0.02043060	0.50392468
5098655.00000000	0.50504605	0.01749039	0.44671799
5093655.00000000	0.55440314	0.01454840	0.38169943
5088655.00000000	0.59376978	0.01128873	0.31396506
5083655.00000000	0.62500555	0.00836972	0.24230151
5078655.00000000	0.64833762	0.00542184	0.16584970
5073655.00000000	0.66245850	0.00221347	0.09037384
5068655.00000000	0.66825763	-0.00165778	0.01110297
5063655.00000000	0.66473178	-0.00580551	-0.06730832
5058655.00000000	0.65149146	-0.01081586	-0.14544785
5053655.00000000	0.62746786	-0.01591110	-0.22419595
5048655.00000000	0.59320990	-0.02064731	-0.29890506
5043655.00000000	0.54835767	-0.02486517	-0.36976086
5038655.00000000	0.49481842	-0.02786429	-0.43332367
5033655.00000000	0.43347415	-0.02963297	-0.48932520
5028655.00000000	0.36636591	-0.03032660	-0.53645627
5023655.00000000	0.29855008	-0.03035013	-0.57286292
5018655.00000000	0.22514227	-0.03008908	-0.60198865
5013655.00000000	0.14890012	-0.02957602	-0.62260925
5008655.00000000	0.07244193	-0.02908102	-0.63437421
5003655.00000000	-0.00822876	-0.02845630	-0.63756445
4998655.00000000	-0.08863632	-0.02745059	-0.63150931
4993655.00000000	-0.17116864	-0.02591440	-0.61535403
4988655.00000000	-0.25268689	-0.02357700	-0.58847424
4983655.00000000	-0.32922464	-0.02067474	-0.55223694
4978655.00000000	-0.40259470	-0.01701483	-0.50521533
4973655.00000000	-0.46668451	-0.01302542	-0.45121515
4968655.00000000	-0.52256000	-0.00885889	-0.39029605
4963655.00000000	-0.56922266	-0.00451761	-0.32444223
4958655.00000000	-0.60570596	-0.00018304	-0.25670209
4953655.00000000	-0.63491943	0.00394196	-0.18242548
4948655.00000000	-0.65456702	0.00742166	-0.10857538
4943655.00000000	-0.66551550	0.01067822	-0.03456177
4938655.00000000	-0.66803952	0.01446350	0.04287070
4933655.00000000	-0.66128519	0.01788797	0.11929443
4928655.00000000	-0.64424112	0.02079846	0.19671713
4923655.00000000	-0.61641843	0.02348822	0.27262244
4918655.00000000	-0.57837634	0.02536215	0.34411105
4913655.00000000	-0.52925589	0.02639377	0.41224011
4908655.00000000	-0.47251437	0.02648431	0.47215167
4903655.00000000	-0.40877533	0.02644153	0.52460721
4898655.00000000	-0.33828485	0.02628879	0.56961157
4893655.00000000	-0.26751147	0.02560788	0.60421011
4888655.00000000	-0.19286713	0.02480548	0.63125613
4883655.00000000	-0.11807678	0.02397791	0.64966818
4878655.00000000	-0.04049301	0.02312692	0.66031268
4873655.00000000	0.03994614	0.02205368	0.66228058
4868655.00000000	0.11932132	0.02059317	0.65497562
4863655.00000000	0.19932913	0.01874194	0.63782407
4858655.00000000	0.27872089	0.01600439	0.61006281
4853655.00000000	0.35394360	0.01264166	0.57231033
4848655.00000000	0.42327740	0.00857962	0.52500320
4843655.00000000	0.48394174	0.00423438	0.47077783
4838655.00000000	0.53770651	-0.00031711	0.40844556
4833655.00000000	0.58308813	-0.00515729	0.33959653
4828655.00000000	0.61769952	-0.00889661	0.26982227
4823655.00000000	0.64408612	-0.01258133	0.19603864
4818655.00000000	0.66168820	-0.01540857	0.12229144
4813655.00000000	0.67124783	-0.01798196	0.04539951
4808655.00000000	0.67197617	-0.02048761	-0.03250858
4803655.00000000	0.66310706	-0.02307812	-0.11084225
4798655.00000000	0.64357584	-0.02549036	-0.19093396
4793655.00000000	0.61429941	-0.02770291	-0.26636865
4788655.00000000	0.57368008	-0.02941635	-0.34068658
4783655.00000000	0.52416089	-0.03046451	-0.40849823
4778655.00000000	0.46666638	-0.03089218	-0.46928473
4773655.00000000	0.40224820	-0.03067325	-0.52243347
4768655.00000000	0.33608939	-0.03005035	-0.56506009
4763655.00000000	0.26494525	-0.02929608	-0.60014603
4758655.00000000	0.19077084	-0.02858441	-0.62683914
4753655.00000000	0.11634177	-0.02793292	-0.64466309
4748655.00000000	0.03732208	-0.02723758	-0.65459082
4743655.00000000	-0.04079794	-0.02627527	-0.65549466
4738655.00000000	-0.12047675	-0.02460117	-0.64706302
4733655.00000000	-0.20119736	-0.02190060	-0.62824832
4728655.00000000	-0.27761771	-0.01849103	-0.59995407
4723655.00000000	-0.35227829	-0.01417596	-0.56094946
4718655.00000000	-0.42088608	-0.00950226	-0.51279187
4713655.00000000	-0.48174603	-0.00491058	-0.45723563
4708655.00000000	-0.53523819	-0.00047220	-0.39426221
4703655.00000000	-0.57864679	0.00322733	-0.32803085
4698655.00000000	-0.61446628	0.00649445	-0.25563382
4693655.00000000	-0.64054053	0.00913092	-0.18266736
4688655.00000000	-0.65792413	0.01136447	-0.10876370
4683655.00000000	-0.66730975	0.01354214	-0.02964880
4678655.00000000	-0.66745575	0.01568018	0.04870255
4673655.00000000	-0.65762537	0.01784360	0.13025546
4668655.00000000	-0.63712683	0.01999084	0.21042706
4663655.00000000	-0.60608810	0.02187396	0.28733252
4658655.00000000	-0.56341891	0.02350253	0.36201801
4653655.00000000	-0.51229800	0.02462219	0.42839642
4648655.00000000	-0.45252975	0.02532959	0.48773767
4643655.00000000	-0.38596820	0.02567188	0.53867218
4638655.00000000	-0.31704639	0.02565775	0.57911356
4633655.00000000	-0.24196286	0.02551321	0.61197827
4628655.00000000	-0.16662106	0.02533432	0.63523270
4623655.00000000	-0.08829733	0.02507220	0.65038626
4618655.00000000	-0.00574463	0.02476047	0.65678329
4613655.00000000	0.07458990	0.02421356	0.65368317
4608655.00000000	0.15734067	0.02305600	0.64073199
4603655.00000000	0.23856558	0.02110770	0.61757739
4598655.00000000	0.31686679	0.01816241	0.58420819
4593655.00000000	0.39174478	0.01427454	0.54000809
4588655.00000000	0.45692538	0.00993411	0.48917529
4583655.00000000	0.51558334	0.00523633	0.42974054
4578655.00000000	0.56389297	0.00084573	0.36611200
4573655.00000000	0.60293713	-0.00312070	0.29888391
4568655.00000000	0.63383640	-0.00668567	0.22717404
4563655.00000000	0.65571179	-0.00986557	0.15498413
4558655.00000000	0.66961139	-0.01288528	0.07981570
4553655.00000000	0.67509491	-0.01592471	0.00276315
4548655.00000000	0.67158231	-0.01893997	-0.07424231
4543655.00000000	0.65819278	-0.02191980	-0.15294296
4538655.00000000	0.63441055	-0.02459418	-0.23041815
4533655.00000000	0.59994977	-0.02668011	-0.30540063
4528655.00000000	0.55675421	-0.02790738	-0.37365146
4523655.00000000	0.50527557	-0.02800845	-0.43565771
4518655.00000000	0.44495236	-0.02706525	-0.49183163
4513655.00000000	0.37993576	-0.02530325	-0.53891666
4508655.00000000	0.31096216	-0.02300916	-0.57752280
4503655.00000000	0.23811902	-0.02045636	-0.60825534
4498655.00000000	0.16427042	-0.01772803	-0.63060339
4493655.00000000	0.08653497	-0.01478687	-0.64525107
4488655.00000000	0.00732623	-0.01172360	-0.65140750
4483655.00000000	-0.07239124	-0.00827094	-0.64882104
4478655.00000000	-0.15541269	-0.00411862	-0.63629395
4473655.00000000	-0.23537405	0.00016867	-0.61379779
4468655.00000000	-0.31421451	0.00460272	-0.58034030
4463655.00000000	-0.38769647	0.00887558	-0.53696729
4458655.00000000	-0.45385565	0.01278400	-0.48498077
4453655.00000000	-0.51181210	0.01602682	-0.42563467
4448655.00000000	-0.55931873	0.01850198	-0.36288174
4443655.00000000	-0.59904358	0.02047791	-0.29438654
4438655.00000000	-0.62986105	0.02222443	-0.22284378
4433655.00000000	-0.65174561	0.02371478	-0.15022379
4428655.00000000	-0.66553723	0.02519983	-0.07331448
4423655.00000000	-0.67015082	0.02649515	0.00423148
4418655.00000000	-0.66522870	0.02767422	0.08344534
4413655.00000000	-0.64991974	0.02852301	0.16379745
4408655.00000000	-0.62454572	0.02877536	0.24120920
4403655.00000000	-0.58814230	0.02809302	0.31758340
4398655.00000000	-0.54253244	0.02645279	0.38838248
4393655.00000000	-0.48859445	0.02366809	0.45256534
4388655.00000000	-0.42728650	0.02033203	0.50916980
4383655.00000000	-0.36295059	0.01691205	0.55541592
4378655.00000000	-0.29268625	0.01308426	0.59423273
4373655.00000000	-0.21896460	0.00969037	0.62440771
4368655.00000000	-0.14625473	0.00655630	0.64519662
4363655.00000000	-0.06687247	0.00340344	0.65863687
4358655.00000000	0.00895273	0.00091815	0.66304202
4353655.00000000	0.08891373	-0.00182257	0.65872052
4348655.00000000	0.16936963	-0.00426718	0.64451431
4343655.00000000	0.24667953	-0.00631509	0.62096021
4338655.00000000	0.32421341	-0.00810373	0.58609076
4333655.00000000	0.39463782	-0.00877643	0.54310461
4328655.00000000	0.45824890	-0.00886136	0.49243765
4323655.00000000	0.51615854	-0.00888364	0.43324170
4318655.00000000	0.56305386	-0.00851956	0.37167917
4313655.00000000	0.60290479	-0.00822357	0.30406451
4308655.00000000	0.63386121	-0.00809186	0.23421637
4303655.00000000	0.65619962	-0.00815204	0.16345068
4298655.00000000	0.67105447	-0.00861533	0.08789606
4293655.00000000	0.67705917	-0.00940915	0.01222858
4288655.00000000	0.67392929	-0.01063806	-0.06540933
4283655.00000000	0.66028036	-0.01214893	-0.14500671
4278655.00000000	0.63610831	-0.01386273	-0.22223282
4273655.00000000	0.60109891	-0.01556882	-0.29709058
4268655.00000000	0.55609238	-0.01713708	-0.36730984
4263655.00000000	0.50120007	-0.01799585	-0.43245627
4258655.00000000	0.43912820	-0.01826501	-0.48955603
4253655.00000000	0.37297675	-0.01800504	-0.53731555
4248655.00000000	0.30169351	-0.01751556	-0.57757584
4243655.00000000	0.22824783	-0.01688025	-0.60885645
4238655.00000000	0.15259985	-0.01635696	-0.63208395
4233655.00000000	0.07415683	-0.01618805	-0.64709454
4228655.00000000	-0.00447049	-0.01613446	-0.65342004
4223655.00000000	-0.08538120	-0.01630832	-0.65078082
4218655.00000000	-0.16666492	-0.01649512	-0.63828522
4213655.00000000	-0.24664853	-0.01661359	-0.61531174
4208655.00000000	-0.32400290	-0.01651501	-0.58175110
4203655.00000000	-0.39808188	-0.01609741	-0.53686090
4198655.00000000	-0.46198178	-0.01515701	-0.48522220
4193655.00000000	-0.51576642	-0.01385876	-0.42919037
4188655.00000000	-0.56260071	-0.01217426	-0.36653107
4183655.00000000	-0.60147409	-0.01022043	-0.29855466
4178655.00000000	-0.63115652	-0.00822839	-0.22924072
4173655.00000000	-0.65298483	-0.00602689	-0.15636856
4168655.00000000	-0.66660403	-0.00354892	-0.08141354
4163655.00000000	-0.67160159	-0.00072256	-0.00648248
4158655.00000000	-0.66735806	0.00277515	0.07235995
4153655.00000000	-0.65330469	0.00666858	0.14989291
4148655.00000000	-0.62860059	0.01083823	0.22684335
4143655.00000000	-0.59279236	0.01483777	0.30196478
4138655.00000000	-0.54799011	0.01802026	0.37099579
4133655.00000000	-0.49225534	0.02029410	0.43661060
4128655.00000000	-0.43206384	0.02140741	0.49211163
4123655.00000000	-0.36454825	0.02166168	0.54116064
4118655.00000000	-0.29428375	0.02135349	0.58107455
4113655.00000000	-0.22181567	0.02094897	0.61243573
4108655.00000000	-0.14521469	0.02085968	0.63649146
4103655.00000000	-0.06744733	0.01998471	0.65222916
4098655.00000000	0.01195383	0.01913000	0.65960327
4093655.00000000	0.09401926	0.01821924	0.65771106
4088655.00000000	0.17453406	0.01705356	0.64586298
4083655.00000000	0.25499554	0.01570261	0.62295737
4078655.00000000	0.33138065	0.01394495	0.58943777
4073655.00000000	0.40159476	0.01185272	0.54609232
4068655.00000000	0.46630872	0.00947528	0.49177267
4063655.00000000	0.51928000	0.00716257	0.43325204
4058655.00000000	0.56500616	0.00487054	0.36737262
4053655.00000000	0.60309097	0.00275946	0.29456250
4048655.00000000	0.62961121	0.00102530	0.22517050
4043655.00000000	0.64980695	-0.00068332	0.14828073
4038655.00000000	0.66108527	-0.00227200	0.07171890
4033655.00000000	0.66379391	-0.00391693	-0.00804291
4028655.00000000	0.65697482	-0.00557501	-0.08979630
4023655.00000000	0.64044736	-0.00718393	-0.17018958
4018655.00000000	0.61339890	-0.00872256	-0.24992957
4013655.00000000	0.57620264	-0.01008630	-0.32554681
4008655.00000000	0.52976688	-0.01106796	-0.39497049
4003655.00000000	0.47424124	-0.01159613	-0.45770020
3998655.00000000	0.41375809	-0.01177841	-0.51001810
3993655.00000000	0.34516800	-0.01156815	-0.55536911
3988655.00000000	0.27526309	-0.01140204	-0.59005695
3983655.00000000	0.20340274	-0.01110574	-0.61595715
3978655.00000000	0.12642523	-0.01087924	-0.63399698
3973655.00000000	0.04872012	-0.01069800	-0.64322476
3968655.00000000	-0.03230121	-0.01034674	-0.64334171
3963655.00000000	-0.11403024	-0.00970322	-0.63369858
3958655.00000000	-0.19512637	-0.00850287	-0.61412457
3953655.00000000	-0.27579669	-0.00669196	-0.58365421
3948655.00000000	-0.35106125	-0.00435910	-0.54413400
3943655.00000000	-0.42097275	-0.00170215	-0.49537790
3938655.00000000	-0.48315225	0.00108600	-0.43936719
3933655.00000000	-0.53633188	0.00354279	-0.37785483
3928655.00000000	-0.58179153	0.00566238	-0.31038666
3923655.00000000	-0.61757120	0.00741779	-0.24088144
3918655.00000000	-0.64525613	0.00888208	-0.16827048
3913655.00000000	-0.66494702	0.01021539	-0.09208694
3908655.00000000	-0.67563525	0.01152371	-0.01576410
3903655.00000000	-0.67732767	0.01261505	0.06213269
3898655.00000000	-0.66921255	0.01355377	0.14030667
3893655.00000000	-0.65031027	0.01408267	0.21810083
3888655.00000000	-0.61988751	0.01419128	0.29436655
3883655.00000000	-0.57964810	0.01377390	0.36409940
3878655.00000000	-0.52909229	0.01302817	0.42882779
3873655.00000000	-0.47124527	0.01206088	0.48497015
3868655.00000000	-0.40813141	0.01090118	0.53239740
3863655.00000000	-0.33937131	0.00980502	0.57189059
3858655.00000000	-0.26985541	0.00905344	0.60189325
3853655.00000000	-0.19587900	0.00804822	0.62476443
3848655.00000000	-0.12036154	0.00695581	0.63970081
3843655.00000000	-0.04231735	0.00572256	0.64660602
3838655.00000000	0.03618558	0.00428253	0.64517450
3833655.00000000	0.11662741	0.00248264	0.63482608
3828655.00000000	0.19585919	0.00048172	0.61539142
3823655.00000000	0.27287570	-0.00071109	0.58686618
3818655.00000000	0.34583249	-0.00157013	0.54985977
3813655.00000000	0.41448920	-0.00194232	0.50388815
3808655.00000000	0.47540656	-0.00185339	0.45167050
3803655.00000000	0.52872507	-0.00138092	0.39312552
3798655.00000000	0.57403314	-0.00063409	0.32907040
3793655.00000000	0.60989905	0.00029770	0.26262170
3788655.00000000	0.63824637	0.00130820	0.19132761
3783655.00000000	0.65775204	0.00224792	0.11860199
3778655.00000000	0.66875818	0.00295303	0.04313724
3773655.00000000	0.67060092	0.00326144	-0.03510126
3768655.00000000	0.66263022	0.00330496	-0.11293134
3763655.00000000	0.64316904	0.00287186	-0.19376938
3758655.00000000	0.61349942	0.00201248	-0.26966003
3753655.00000000	0.57175833	0.00080194	-0.34401984
3748655.00000000	0.50696991	-0.00068079	-0.42652219
3743655.00000000	0.46265814	-0.00150494	-0.47007953
3738655.00000000	0.39676111	-0.00221210	-0.52173398
3733655.00000000	0.31577481	-0.00262961	-0.56970398
3728655.00000000	0.25409012	-0.00264679	-0.59748474
3723655.00000000	0.17305627	-0.00268082	-0.62425827
3718655.00000000	0.09924136	-0.00301569	-0.64008362
3713655.00000000	0.01755972	-0.00358969	-0.64872720
3708655.00000000	-0.06386481	-0.00446777	-0.64808713
3703655.00000000	-0.14586621	-0.00553793	-0.63773053
3698655.00000000	-0.23108496	-0.00661362	-0.61558621
3693655.00000000	-0.30746802	-0.00736020	-0.58449219
3688655.00000000	-0.38128610	-0.00774649	-0.54217154
3683655.00000000	-0.44935318	-0.00750653	-0.48939548
3678655.00000000	-0.50617471	-0.00692438	-0.43187729
3673655.00000000	-0.55563596	-0.00602014	-0.36670206
3668655.00000000	-0.59524982	-0.00525400	-0.29857010
3663655.00000000	-0.62622122	-0.00445667	-0.22731000
3658655.00000000	-0.64901627	-0.00389905	-0.15271271
3653655.00000000	-0.66292776	-0.00357343	-0.07766516
3648655.00000000	-0.66822470	-0.00348260	-0.00021942
3643655.00000000	-0.66413098	-0.00351871	0.07813818
3638655.00000000	-0.65028210	-0.00355261	0.15606332
3633655.00000000	-0.62522913	-0.00374167	0.23540884
3628655.00000000	-0.59161978	-0.00394653	0.30784341
3623655.00000000	-0.54777655	-0.00433459	0.37769717
3618655.00000000	-0.49529343	-0.00497858	0.44183948
3613655.00000000	-0.43679919	-0.00563135	0.49772693
3608655.00000000	-0.37223193	-0.00603931	0.54618277
3603655.00000000	-0.30279495	-0.00590860	0.58648816
3598655.00000000	-0.23253006	-0.00594080	0.61742810
3593655.00000000	-0.15815005	-0.00563461	0.64112164
3588655.00000000	-0.08281720	-0.00495880	0.65647021
3583655.00000000	-0.00408945	-0.00395334	0.66382104
3578655.00000000	0.07505130	-0.00260962	0.66228180
3573655.00000000	0.15534015	-0.00120111	0.65098145
3568655.00000000	0.23471237	0.00046689	0.62925891
3563655.00000000	0.30957288	0.00203311	0.59758295
3558655.00000000	0.38045447	0.00327216	0.55511429
3553655.00000000	0.44380582	0.00390686	0.50423993
3548655.00000000	0.49882953	0.00401782	0.44645288
3543655.00000000	0.54704434	0.00375836	0.38059448
3538655.00000000	0.58565158	0.00345590	0.31135352
3533655.00000000	0.61494357	0.00280490	0.24106497
3528655.00000000	0.63689963	0.00200186	0.16582489
3523655.00000000	0.65166000	0.00087039	0.07584879
3518655.00000000	0.65492484	-0.00020477	-0.00177664
3513655.00000000	0.64991107	-0.00126727	-0.07465613
3508655.00000000	0.63586450	-0.00230695	-0.15170914
3503655.00000000	0.61175574	-0.00324725	-0.22963559
3498655.00000000	0.57793048	-0.00494394	-0.30443839
3493655.00000000	0.53421155	-0.00557938	-0.37535001
3488655.00000000	0.48279587	-0.00577048	-0.43858835
3483655.00000000	0.42407776	-0.00545401	-0.49408563
3478655.00000000	0.35971381	-0.00493921	-0.54125113
3473655.00000000	0.29179724	-0.00417328	-0.57934348
3468655.00000000	0.21924158	-0.00332968	-0.60961124
3463655.00000000	0.14500330	-0.00241879	-0.63145663
3458655.00000000	0.06860513	-0.00139008	-0.64499112
3453655.00000000	-0.01139978	-0.00037762	-0.65037613
3448655.00000000	-0.09175208	0.00076706	-0.64663040
3443655.00000000	-0.17497748	0.00201831	-0.63293747
3438655.00000000	-0.25468198	0.00311258	-0.60984836
3433655.00000000	-0.33144284	0.00405948	-0.57690268
3428655.00000000	-0.40573904	0.00494891	-0.53275247
3423655.00000000	-0.46862497	0.00590573	-0.48295105
3418655.00000000	-0.52502856	0.00687234	-0.42439053
3413655.00000000	-0.57248993	0.00772552	-0.35966116
3408655.00000000	-0.60920477	0.00848993	-0.29335233
3403655.00000000	-0.63841196	0.00919989	-0.22156406
3398655.00000000	-0.65876541	0.00983435	-0.14837695
3393655.00000000	-0.67107120	0.01038333	-0.07174493
3388655.00000000	-0.67450964	0.01087552	0.00750281
3383655.00000000	-0.66856342	0.01132440	0.08749194
3378655.00000000	-0.65235446	0.01145801	0.16891403
3373655.00000000	-0.62577942	0.01136295	0.24806680
3368655.00000000	-0.58865625	0.01074130	0.32429300
3363655.00000000	-0.54084515	0.01001746	0.39623874
3358655.00000000	-0.48688605	0.00915878	0.45782016
3353655.00000000	-0.42498538	0.00799554	0.51238531
3348655.00000000	-0.35669772	0.00651651	0.55865323
3343655.00000000	-0.28752902	0.00543277	0.59442700
3338655.00000000	-0.21305988	0.00429007	0.62269083
3333655.00000000	-0.13536768	0.00306570	0.64247781
3328655.00000000	-0.05769647	0.00212952	0.65307172
3323655.00000000	0.02508371	0.00066595	0.65488275
3318655.00000000	0.10733276	-0.00022192	0.64688416
3313655.00000000	0.19046130	-0.00102213	0.62859109
3308655.00000000	0.27062009	-0.00169995	0.60029858
3303655.00000000	0.34838992	-0.00248941	0.56121933
3298655.00000000	0.41999701	-0.00313339	0.51310986
3293655.00000000	0.48287775	-0.00357153	0.45806430
3288655.00000000	0.53755685	-0.00369766	0.39622461
3283655.00000000	0.58329077	-0.00353726	0.32900732
3278655.00000000	0.61852606	-0.00319324	0.26079996
3273655.00000000	0.64583051	-0.00263803	0.18864227
3268655.00000000	0.66458423	-0.00195364	0.11441345
3263655.00000000	0.67477051	-0.00138397	0.03799936
3258655.00000000	0.67574469	-0.00105118	-0.04000974
3253655.00000000	0.66650128	-0.00103064	-0.11995529
3248655.00000000	0.64676959	-0.00156195	-0.19755203
3243655.00000000	0.61644849	-0.00254431	-0.27299472
3238655.00000000	0.57517917	-0.00405008	-0.34564072
3233655.00000000	0.52468674	-0.00564630	-0.41226364
3228655.00000000	0.46687531	-0.00719125	-0.47140961
3223655.00000000	0.40242755	-0.00837833	-0.52330237
3218655.00000000	0.33484131	-0.00944464	-0.56599683
3213655.00000000	0.26316605	-0.01048505	-0.60107077
3208655.00000000	0.18877563	-0.01127203	-0.62828461
3203655.00000000	0.11152231	-0.01190433	-0.64762497
3198655.00000000	0.03434183	-0.01272006	-0.65850806
3193655.00000000	-0.04596115	-0.01343015	-0.66085803
3188655.00000000	-0.12682373	-0.01396301	-0.65395425
3183655.00000000	-0.20787286	-0.01407718	-0.63682285
3178655.00000000	-0.28486932	-0.01344293	-0.61028293
3173655.00000000	-0.36010364	-0.01180145	-0.57277670
3168655.00000000	-0.42599634	-0.00950732	-0.52818665
3163655.00000000	-0.48574884	-0.00656894	-0.47527390
3158655.00000000	-0.53776224	-0.00339136	-0.41562698
3153655.00000000	-0.58675284	-0.00000504	-0.34136160
3148655.00000000	-0.61626700	0.00273798	-0.28258282
3143655.00000000	-0.64327109	0.00585635	-0.21058371
3138655.00000000	-0.66222876	0.00890756	-0.13579758
3133655.00000000	-0.67281702	0.01199426	-0.05800555
3128655.00000000	-0.67439575	0.01493719	0.02169287
3123655.00000000	-0.66601050	0.01763434	0.10491763
3118655.00000000	-0.64742841	0.01974634	0.18612085
3113655.00000000	-0.61823007	0.02109247	0.26615366
3108655.00000000	-0.57764093	0.02146765	0.34469904
3103655.00000000	-0.52906708	0.02133615	0.41483261
3098655.00000000	-0.47244189	0.02015353	0.47786923
3093655.00000000	-0.40817279	0.01861066	0.53359534
3088655.00000000	-0.34215811	0.01702463	0.57829395
3083655.00000000	-0.27051331	0.01590564	0.61578546
3078655.00000000	-0.19580542	0.01559409	0.64518121
3073655.00000000	-0.11784253	0.01617450	0.66673428
3068655.00000000	-0.03550818	0.01787573	0.68088040
3063655.00000000	0.05080945	0.02096088	0.68682211
3058655.00000000	0.14229935	0.02589368	0.68415237
3053655.00000000	0.23850366	0.03216489	0.67220349
3048655.00000000	0.33766660	0.03893732	0.65038513
3043655.00000000	0.43949179	0.04375638	0.61699707
3038655.00000000	0.53122430	0.04538638	0.57462256
3033655.00000000	0.61330740	0.04351398	0.52127005
3028655.00000000	0.68054269	0.03960300	0.45935043
3023655.00000000	0.73315311	0.03495911	0.39085785
3018655.00000000	0.77522916	0.02956897	0.31144305
3013655.00000000	0.80002701	0.02458658	0.24092926
3008655.00000000	0.81628110	0.01795978	0.15887473
3003655.00000000	0.81968500	0.00964355	0.07441125
2998655.00000000	0.80854202	-0.00079807	-0.01287701
2993655.00000000	0.77971002	-0.01314185	-0.10416437
2988655.00000000	0.73457504	-0.02433151	-0.19198331
2983655.00000000	0.67359113	-0.03288098	-0.27795126
2978655.00000000	0.60222867	-0.03710211	-0.35784851
2973655.00000000	0.52856631	-0.03760745	-0.42667560
2968655.00000000	0.45238565	-0.03589670	-0.48673340
2963655.00000000	0.37576080	-0.03328381	-0.53711359
2958655.00000000	0.29942773	-0.03037320	-0.57790936
2953655.00000000	0.22207166	-0.02727838	-0.61031946
2948655.00000000	0.14494922	-0.02478531	-0.63383307
2943655.00000000	0.06537097	-0.02260727	-0.64927423
2938655.00000000	-0.01521439	-0.02075986	-0.65577017
2933655.00000000	-0.09589822	-0.01924268	-0.65278867
2928655.00000000	-0.17756998	-0.01776810	-0.63929486
2923655.00000000	-0.25571149	-0.01676971	-0.61573627
2918655.00000000	-0.33140231	-0.01595282	-0.58126532
2913655.00000000	-0.40180612	-0.01526959	-0.53659985
2908655.00000000	-0.46208789	-0.01479120	-0.48606717
2903655.00000000	-0.51612256	-0.01405121	-0.42786188
2898655.00000000	-0.56299173	-0.01320676	-0.36273953
2893655.00000000	-0.60039117	-0.01242355	-0.29522382
2888655.00000000	-0.63046481	-0.01166815	-0.22359558
2883655.00000000	-0.65238501	-0.01098685	-0.14996793
2878655.00000000	-0.66652783	-0.01027109	-0.07332672
2873655.00000000	-0.67208975	-0.00939166	0.00521552
2868655.00000000	-0.66850800	-0.00817068	0.08422760
2863655.00000000	-0.65409991	-0.00647260	0.16792596
2858655.00000000	-0.62527414	-0.00398026	0.25787836
2853655.00000000	-0.59512317	-0.00182761	0.32229532
2848655.00000000	-0.54029559	0.00165701	0.40706070
2843655.00000000	-0.49837906	0.00399164	0.45681152
2838655.00000000	-0.43882532	0.00696378	0.51298813
2833655.00000000	-0.37461066	0.00982898	0.56021906
2828655.00000000	-0.30589792	0.01261304	0.59914883
2823655.00000000	-0.23406281	0.01511386	0.62960294
2818655.00000000	-0.15994037	0.01740591	0.65167035
2813655.00000000	-0.08141663	0.01947067	0.66563779
2808655.00000000	-0.00393057	0.02110632	0.67040103
2803655.00000000	0.07738901	0.02223245	0.66558673
2798655.00000000	0.16039517	0.02267270	0.65010495
2793655.00000000	0.23884821	0.02230411	0.62499426
2788655.00000000	0.31757416	0.02105551	0.58836780
2783655.00000000	0.38958743	0.01932895	0.54302960
2778655.00000000	0.45526227	0.01723013	0.48937723
2773655.00000000	0.51294662	0.01500473	0.42923816
2768655.00000000	0.56086670	0.01283347	0.36552151
2763655.00000000	0.60102576	0.01072708	0.29681448
2758655.00000000	0.63221417	0.00870932	0.22607776
2753655.00000000	0.65517694	0.00669928	0.15313025
2748655.00000000	0.66988800	0.00450180	0.07625064
2743655.00000000	0.67526578	0.00215176	0.00032059
2738655.00000000	0.67097659	-0.00060669	-0.07865466
2733655.00000000	0.65573276	-0.00342758	-0.15846069
2728655.00000000	0.63017816	-0.00617017	-0.23428732
2723655.00000000	0.59291306	-0.00889609	-0.30921371
2718655.00000000	0.54573389	-0.01128500	-0.37895355
2713655.00000000	0.49090689	-0.01334552	-0.44117151
2708655.00000000	0.42890906	-0.01507578	-0.49638635
2703655.00000000	0.36260843	-0.01655463	-0.54308847
2698655.00000000	0.29174274	-0.01782104	-0.58205002
2693655.00000000	0.21910748	-0.01904251	-0.61224417
2688655.00000000	0.14281390	-0.02027753	-0.63481403
2683655.00000000	0.06453043	-0.02160699	-0.64874918
2678655.00000000	-0.01522580	-0.02315457	-0.65371130
2673655.00000000	-0.09829468	-0.02456430	-0.64886441
2668655.00000000	-0.17971143	-0.02589828	-0.63373297
2663655.00000000	-0.26067719	-0.02696365	-0.60777377
2658655.00000000	-0.33935364	-0.02749600	-0.57053375
2653655.00000000	-0.41115656	-0.02719406	-0.52442862
2648655.00000000	-0.47520050	-0.02622296	-0.47077396
2643655.00000000	-0.53086487	-0.02466348	-0.41082654
2638655.00000000	-0.57811356	-0.02279559	-0.34542700
2633655.00000000	-0.61655505	-0.02113757	-0.27592590
2628655.00000000	-0.64588519	-0.01946158	-0.20451166
2623655.00000000	-0.66710367	-0.01729962	-0.12912128
2618655.00000000	-0.67914401	-0.01489893	-0.05474719
2613655.00000000	-0.68222922	-0.01187103	0.02210092
2608655.00000000	-0.67516214	-0.00788016	0.10137183
2603655.00000000	-0.65728275	-0.00312860	0.17933679
2598655.00000000	-0.62823233	0.00244058	0.25576154
2593655.00000000	-0.58821802	0.00840454	0.32894370
2588655.00000000	-0.53945786	0.01382388	0.39555685
2583655.00000000	-0.48145490	0.01866980	0.45688120
2578655.00000000	-0.41886554	0.02247745	0.50886038
2573655.00000000	-0.35055466	0.02535397	0.55351834
2568655.00000000	-0.27994672	0.02759418	0.58914676
2563655.00000000	-0.20740005	0.02948508	0.61632593
2558655.00000000	-0.13125253	0.03124301	0.63554099
2553655.00000000	-0.05434225	0.03286353	0.64618475
2548655.00000000	0.02551865	0.03430548	0.64787640
2543655.00000000	0.10868802	0.03531396	0.63923282
2538655.00000000	0.18704099	0.03550073	0.62087460
2533655.00000000	0.26676544	0.03482339	0.59131476
2528655.00000000	0.34190460	0.03308615	0.55194083
2523655.00000000	0.41104077	0.03040976	0.50431039
2518655.00000000	0.47406628	0.02691617	0.44851550
2513655.00000000	0.52843781	0.02305136	0.38759393
2508655.00000000	0.57457623	0.01896484	0.32178040
2503655.00000000	0.61252911	0.01493692	0.25199326
2498655.00000000	0.64164377	0.01111081	0.18051981
2493655.00000000	0.66309021	0.00720551	0.10523575
2488655.00000000	0.67582132	0.00318906	0.02938089
2483655.00000000	0.67964001	-0.00134692	-0.04954431
2478655.00000000	0.67329849	-0.00654926	-0.13064999
2473655.00000000	0.65679007	-0.01209183	-0.20772095
2468655.00000000	0.62847980	-0.01816064	-0.28516476
2463655.00000000	0.58900604	-0.02400748	-0.35799585
2458655.00000000	0.54080048	-0.02917328	-0.42302991
2453655.00000000	0.48371536	-0.03343756	-0.48136044
2448655.00000000	0.42078613	-0.03675473	-0.53124207
2443655.00000000	0.35187286	-0.03914713	-0.57336115
2438655.00000000	0.28046854	-0.04107202	-0.60688559
2433655.00000000	0.20649017	-0.04259155	-0.63233054
2428655.00000000	0.12872266	-0.04424298	-0.65012949
2423655.00000000	0.04949081	-0.04572928	-0.65975623
2418655.00000000	-0.03263315	-0.04714661	-0.66068161
2413655.00000000	-0.11567889	-0.04778033	-0.65232227
2408655.00000000	-0.19843155	-0.04730035	-0.63399319
2403655.00000000	-0.28019208	-0.04557425	-0.60515765
2398655.00000000	-0.35735706	-0.04247021	-0.56639069
2393655.00000000	-0.42736273	-0.03890262	-0.51864407
2388655.00000000	-0.49017984	-0.03467404	-0.46228497
2383655.00000000	-0.54312946	-0.02974106	-0.40020078
2378655.00000000	-0.58593661	-0.02518179	-0.33520627
2373655.00000000	-0.62063849	-0.02060916	-0.26628592
2368655.00000000	-0.64724887	-0.01617584	-0.19399481
2363655.00000000	-0.66588065	-0.01171796	-0.11831064
2358655.00000000	-0.67585242	-0.00700644	-0.04114102
2353655.00000000	-0.67680490	-0.00181689	0.03846240
2348655.00000000	-0.66769247	0.00372873	0.11926486
2343655.00000000	-0.64801816	0.00939124	0.19889905
2338655.00000000	-0.61745255	0.01527155	0.27674557
2333655.00000000	-0.57679224	0.02061429	0.34947568
2328655.00000000	-0.52708908	0.02533035	0.41571652
2323655.00000000	-0.46944177	0.02937241	0.47462503
2318655.00000000	-0.40584314	0.03266718	0.52505145
2313655.00000000	-0.33857730	0.03561530	0.56634830
2308655.00000000	-0.26824155	0.03835184	0.59929172
2303655.00000000	-0.19334415	0.04143082	0.62468719
2298655.00000000	-0.11825974	0.04470520	0.64125934
2293655.00000000	-0.04024753	0.04827029	0.64948038
2288655.00000000	0.04232321	0.05177155	0.64833963
2283655.00000000	0.12267972	0.05443527	0.63762073
2278655.00000000	0.20399698	0.05579422	0.61648746
2273655.00000000	0.28326096	0.05527005	0.58525296
2268655.00000000	0.35735864	0.05277286	0.54501440
2263655.00000000	0.42578983	0.04840952	0.49620923
2258655.00000000	0.48593387	0.04302307	0.44090176
2253655.00000000	0.53776111	0.03719870	0.38003815
2248655.00000000	0.58074841	0.03150027	0.31515826
2243655.00000000	0.61503427	0.02618997	0.24777835
2238655.00000000	0.64216058	0.02091718	0.17516992
2233655.00000000	0.66000369	0.01593951	0.10393988
2228655.00000000	0.67004294	0.01079095	0.02870010
2223655.00000000	0.67088544	0.00536868	-0.04918463
2218655.00000000	0.66191296	-0.00010907	-0.12537637
2213655.00000000	0.64215915	-0.00526239	-0.20297937
2208655.00000000	0.61074356	-0.00981888	-0.28007336
2203655.00000000	0.57130029	-0.01349619	-0.34882019
2198655.00000000	0.52111429	-0.01677158	-0.41478137
2193655.00000000	0.46440909	-0.01941193	-0.47217798
2188655.00000000	0.40163104	-0.02169434	-0.52179898
2183655.00000000	0.33419974	-0.02369653	-0.56324832
2178655.00000000	0.26419559	-0.02557617	-0.59588324
2173655.00000000	0.19039041	-0.02768027	-0.62092075
2168655.00000000	0.11471646	-0.02994159	-0.63756943
2163655.00000000	0.03631461	-0.03247589	-0.64588965
2158655.00000000	-0.04577426	-0.03502649	-0.64511981
2153655.00000000	-0.12565753	-0.03716165	-0.63511008
2148655.00000000	-0.20869446	-0.03863849	-0.61453815
2143655.00000000	-0.28911398	-0.03922559	-0.58369690
2138655.00000000	-0.36382175	-0.03882181	-0.54387112
2133655.00000000	-0.43296030	-0.03757751	-0.49492828
2128655.00000000	-0.49409720	-0.03566275	-0.43837680
2123655.00000000	-0.54507416	-0.03344839	-0.37736633
2118655.00000000	-0.58735611	-0.03121085	-0.31178540
2113655.00000000	-0.62109210	-0.02901523	-0.24229965
2108655.00000000	-0.64642966	-0.02695926	-0.16962943
2103655.00000000	-0.66315182	-0.02482605	-0.09582071
2098655.00000000	-0.67142184	-0.02236325	-0.01924869
2093655.00000000	-0.67036307	-0.01924509	0.06014301
2088655.00000000	-0.65930280	-0.01538242	0.13874417
2083655.00000000	-0.63707428	-0.01047104	0.21793304
2078655.00000000	-0.60434229	-0.00495425	0.29303870
2073655.00000000	-0.56106555	0.00104736	0.36357782
2068655.00000000	-0.50830148	0.00693115	0.42794806
2063655.00000000	-0.44770828	0.01255905	0.48451062
2058655.00000000	-0.38268216	0.01731299	0.53157825
2053655.00000000	-0.31381168	0.02167734	0.56989832
2048655.00000000	-0.23949759	0.02571198	0.60094324
2043655.00000000	-0.16546524	0.02973444	0.62249612
2038655.00000000	-0.08810382	0.03367911	0.63614148
2033655.00000000	-0.00669785	0.03801801	0.64100961
2028655.00000000	0.07457898	0.04195172	0.63631140
2023655.00000000	0.15675891	0.04525421	0.62178558
2018655.00000000	0.23886969	0.04745032	0.59666315
2013655.00000000	0.31554239	0.04805194	0.56220798
2008655.00000000	0.38797577	0.04714496	0.51841101
2003655.00000000	0.45289050	0.04493219	0.46683591
1998655.00000000	0.50883365	0.04182654	0.40967426
1993655.00000000	0.55683737	0.03800693	0.34645541
1988655.00000000	0.59495853	0.03407639	0.28106329
1983655.00000000	0.62532938	0.02988333	0.21083752
1978655.00000000	0.64666107	0.02565027	0.13926633
1973655.00000000	0.65944833	0.02106775	0.06502438
1968655.00000000	0.66288043	0.01566516	-0.01362454
1963655.00000000	0.65603632	0.00956866	-0.09149719
1958655.00000000	0.63791873	0.00277347	-0.17118329
1953655.00000000	0.60777692	-0.00485944	-0.25120819
1948655.00000000	0.56885385	-0.01237253	-0.32398492
1943655.00000000	0.51942432	-0.01960742	-0.39389520
1938655.00000000	0.46340817	-0.02599359	-0.45561615
1933655.00000000	0.40097577	-0.03130692	-0.51004672
1928655.00000000	0.33437219	-0.03583157	-0.55603659
1923655.00000000	0.26545691	-0.03947467	-0.59327988
1918655.00000000	0.19235403	-0.04312131	-0.62299463
1913655.00000000	0.11752121	-0.04651620	-0.64443738
1908655.00000000	0.04053540	-0.04987418	-0.65747986
1903655.00000000	-0.04159436	-0.05270667	-0.66165637
1898655.00000000	-0.12072876	-0.05409799	-0.65585031
1893655.00000000	-0.20185062	-0.05407434	-0.63930084
1888655.00000000	-0.28205777	-0.05160794	-0.61115991
1883655.00000000	-0.35429431	-0.04750278	-0.57417221
1878655.00000000	-0.42344037	-0.04158521	-0.52608987
1873655.00000000	-0.48413776	-0.03496597	-0.47069366
1868655.00000000	-0.53620734	-0.02812503	-0.40973294
1863655.00000000	-0.58019055	-0.02149054	-0.34407513
1858655.00000000	-0.61572925	-0.01525623	-0.27585251
1853655.00000000	-0.64392249	-0.00907886	-0.20327881
1848655.00000000	-0.66363516	-0.00297052	-0.12945459
1843655.00000000	-0.67485361	0.00336313	-0.05255151
1838655.00000000	-0.67643628	0.01007837	0.02686444
1833655.00000000	-0.66755106	0.01662170	0.10578940
1828655.00000000	-0.64664297	0.02296243	0.18729572
1823655.00000000	-0.61456879	0.02810104	0.26540491
1818655.00000000	-0.57176120	0.03169089	0.33951205
1813655.00000000	-0.51904471	0.03376321	0.40829120
1808655.00000000	-0.45886877	0.03444525	0.46948431
1803655.00000000	-0.39417767	0.03440112	0.52148959
1798655.00000000	-0.32554697	0.03393832	0.56498227
1793655.00000000	-0.25180225	0.03335703	0.60116537
1788655.00000000	-0.17714618	0.03268228	0.62855704
1783655.00000000	-0.10062134	0.03230939	0.64811121
1778655.00000000	-0.01931595	0.03188153	0.65993185
1773655.00000000	0.06104132	0.03155417	0.66275778
1768655.00000000	0.14208771	0.03122964	0.65620993
1763655.00000000	0.22347284	0.03087292	0.63893817
1758655.00000000	0.30022418	0.03058591	0.61147427
1753655.00000000	0.37289713	0.03013934	0.57320654
1748655.00000000	0.43874649	0.02944699	0.52533405
1743655.00000000	0.49627060	0.02839426	0.46972424
1738655.00000000	0.54592923	0.02700797	0.40721579
1733655.00000000	0.58648022	0.02544788	0.34093161
1728655.00000000	0.61974097	0.02367538	0.26940048
1723655.00000000	0.64440869	0.02179788	0.19651373
1718655.00000000	0.66109543	0.01959006	0.12141852
1713655.00000000	0.66975278	0.01682001	0.04234955
1708655.00000000	0.66920120	0.01327573	-0.03822849
1703655.00000000	0.65874747	0.00895200	-0.11904401
1698655.00000000	0.63713461	0.00361111	-0.20129712
1693655.00000000	0.60599100	-0.00223032	-0.27757730
1688655.00000000	0.56397327	-0.00848932	-0.35105939
1683655.00000000	0.51308710	-0.01473575	-0.41758167
1678655.00000000	0.45572217	-0.02033368	-0.47513586
1673655.00000000	0.39174908	-0.02544321	-0.52512125
1668655.00000000	0.32438846	-0.02970380	-0.56593271
1663655.00000000	0.25249982	-0.03369296	-0.59910239
1658655.00000000	0.17726721	-0.03738150	-0.62434113
1653655.00000000	0.10033456	-0.04086230	-0.64116858
1648655.00000000	0.01793646	-0.04421164	-0.64984015
1643655.00000000	-0.06319601	-0.04688550	-0.64908432
1638655.00000000	-0.14613705	-0.04863568	-0.63822211
1633655.00000000	-0.22908054	-0.04892783	-0.61654523
1628655.00000000	-0.30611469	-0.04769772	-0.58526227
1623655.00000000	-0.38061407	-0.04477783	-0.54293976
1618655.00000000	-0.44741397	-0.04085748	-0.49217593
1613655.00000000	-0.50426511	-0.03651080	-0.43641882
1608655.00000000	-0.55434406	-0.03193427	-0.37366708
1603655.00000000	-0.59480505	-0.02764523	-0.30846893
1598655.00000000	-0.62842911	-0.02335501	-0.23776532
1593655.00000000	-0.65351538	-0.01913718	-0.16514996
1588655.00000000	-0.67028073	-0.01464734	-0.09053152
1583655.00000000	-0.67849463	-0.00953009	-0.01194940
1578655.00000000	-0.67707590	-0.00369812	0.06629123
1573655.00000000	-0.66516949	0.00304559	0.14731851
1568655.00000000	-0.64226166	0.01035825	0.22694843
1563655.00000000	-0.60980560	0.01744241	0.30062958
1558655.00000000	-0.56603265	0.02429968	0.37202142
1553655.00000000	-0.51371609	0.03017630	0.43596323
1548655.00000000	-0.45531943	0.03468219	0.49131616
1543655.00000000	-0.39055789	0.03806177	0.53930121
1538655.00000000	-0.32272986	0.04049817	0.57856787
1533655.00000000	-0.25095636	0.04243658	0.61032846
1528655.00000000	-0.17694519	0.04394751	0.63428708
1523655.00000000	-0.10021970	0.04524643	0.65027570
1518655.00000000	-0.02031317	0.04626517	0.65804700
1513655.00000000	0.05982138	0.04691272	0.65672830
1508655.00000000	0.14236292	0.04682980	0.64540073
1503655.00000000	0.22471539	0.04601489	0.62353735
1498655.00000000	0.30388748	0.04466779	0.59157254
1493655.00000000	0.37949997	0.04264398	0.54952994
1488655.00000000	0.44721063	0.04018286	0.50028766
1483655.00000000	0.50859003	0.03705682	0.44307770
1478655.00000000	0.56119781	0.03377515	0.38054312
1473655.00000000	0.60469855	0.03042679	0.31437646
1468655.00000000	0.64003754	0.02683978	0.24424982
1463655.00000000	0.66690253	0.02301175	0.17185956
1458655.00000000	0.68579874	0.01847888	0.09566635
1453655.00000000	0.69571188	0.01295831	0.01720187
1448655.00000000	0.69579358	0.00644037	-0.06127963
1443655.00000000	0.68459726	-0.00164462	-0.14401172
1438655.00000000	0.66275812	-0.00993289	-0.22067993
1433655.00000000	0.62859473	-0.01852753	-0.29712576
1428655.00000000	0.58341562	-0.02647821	-0.36862076
1423655.00000000	0.52980225	-0.03327722	-0.43238376
1418655.00000000	0.46718082	-0.03890607	-0.48972855
1413655.00000000	0.40059525	-0.04311157	-0.53745432
1408655.00000000	0.33000729	-0.04663071	-0.57686917
1403655.00000000	0.25503467	-0.04969562	-0.60854404
1398655.00000000	0.17820679	-0.05278595	-0.63185272
1393655.00000000	0.09572250	-0.05561206	-0.64732541
1388655.00000000	0.01399362	-0.05837305	-0.65348120
1383655.00000000	-0.07005096	-0.06046909	-0.65044946
1378655.00000000	-0.15745029	-0.06130801	-0.63663370
1373655.00000000	-0.24069730	-0.06049371	-0.61304291
1368655.00000000	-0.32204922	-0.05739066	-0.57840198
1363655.00000000	-0.39882794	-0.05239078	-0.53349069
1358655.00000000	-0.46536365	-0.04598154	-0.48182230
1353655.00000000	-0.52526862	-0.03876132	-0.42175345
1348655.00000000	-0.57493497	-0.03123767	-0.35733917
1343655.00000000	-0.61605759	-0.02382938	-0.28847708
1338655.00000000	-0.64849738	-0.01654874	-0.21628387
1333655.00000000	-0.67218143	-0.00930902	-0.14204800
1328655.00000000	-0.68760397	-0.00152255	-0.06330640
1323655.00000000	-0.69320877	0.00655209	0.01633759
1318655.00000000	-0.68844043	0.01486551	0.09752954
1313655.00000000	-0.67176169	0.02308713	0.18133536
1308655.00000000	-0.64427353	0.03000394	0.25981726
1303655.00000000	-0.60480273	0.03554971	0.33668387
1298655.00000000	-0.55531006	0.03913934	0.40744009
1293655.00000000	-0.49966171	0.04103906	0.46855225
1288655.00000000	-0.43581604	0.04162146	0.52360272
1283655.00000000	-0.36786685	0.04137308	0.56953601
1278655.00000000	-0.29690851	0.04077127	0.60703128
1273655.00000000	-0.22222345	0.04015375	0.63688641
1268655.00000000	-0.14450983	0.03967996	0.65881155
1263655.00000000	-0.06207745	0.03924384	0.67259384
1258655.00000000	0.02108405	0.03857007	0.67698090
1253655.00000000	0.10665009	0.03742786	0.67147281
1248655.00000000	0.19243707	0.03565442	0.65551395
1243655.00000000	0.27519983	0.03294012	0.62921869
1238655.00000000	0.35505338	0.02922357	0.59223880
1233655.00000000	0.42680768	0.02487003	0.54695447
1228655.00000000	0.49020050	0.02006516	0.49447421
1223655.00000000	0.54569968	0.01522504	0.43483801
1218655.00000000	0.59198834	0.01061966	0.37023630
1213655.00000000	0.62902924	0.00603174	0.30254575
1208655.00000000	0.65748190	0.00158420	0.23245117
1203655.00000000	0.67797342	-0.00286719	0.15865219
1198655.00000000	0.68975934	-0.00733871	0.08271927
1193655.00000000	0.69208524	-0.01187549	0.00460687
1188655.00000000	0.68401505	-0.01637808	-0.07613690
1183655.00000000	0.66525098	-0.01997253	-0.15615308
1178655.00000000	0.63559000	-0.02284833	-0.23446973
1173655.00000000	0.59438239	-0.02502994	-0.31134760
1168655.00000000	0.54541391	-0.02653207	-0.38031067
1163655.00000000	0.48801624	-0.02763852	-0.44312607
1158655.00000000	0.42513358	-0.02869312	-0.49732529
1153655.00000000	0.35762134	-0.02966962	-0.54314072
1148655.00000000	0.28636292	-0.03052066	-0.58078577
1143655.00000000	0.21277896	-0.03138742	-0.61029099
1138655.00000000	0.13380981	-0.03195297	-0.63266528
1133655.00000000	0.05336990	-0.03230466	-0.64681021
1128655.00000000	-0.02878156	-0.03182144	-0.65234082
1123655.00000000	-0.11612445	-0.03032230	-0.64820279
1118655.00000000	-0.19647168	-0.02787875	-0.63447601
1113655.00000000	-0.27606113	-0.02457474	-0.60986676
1108655.00000000	-0.35060760	-0.02070340	-0.57475931
1103655.00000000	-0.41746555	-0.01683881	-0.53058627
1098655.00000000	-0.47796185	-0.01314633	-0.47683688
1093655.00000000	-0.52898083	-0.00988712	-0.41753125
1088655.00000000	-0.57180634	-0.00688852	-0.35309518
1083655.00000000	-0.60681360	-0.00391541	-0.28427231
1078655.00000000	-0.63337286	-0.00110837	-0.21328314
1073655.00000000	-0.65245627	0.00171375	-0.13636972
1068655.00000000	-0.66220648	0.00437729	-0.05973578
1063655.00000000	-0.66276727	0.00674243	0.02130191
1058655.00000000	-0.65295587	0.00889102	0.10537350
1053655.00000000	-0.63320068	0.01050266	0.18723410
1048655.00000000	-0.60258331	0.01214874	0.26919122
1043655.00000000	-0.56127432	0.01392020	0.34836139
1038655.00000000	-0.51322287	0.01596417	0.41787732
1033655.00000000	-0.45625937	0.01835403	0.48190787
1028655.00000000	-0.39482574	0.02073151	0.53602161
1023655.00000000	-0.32674487	0.02313593	0.58312027
1018655.00000000	-0.25602606	0.02575543	0.62113330
1013655.00000000	-0.18331824	0.02844363	0.65090085
1008655.00000000	-0.10594223	0.03120636	0.67328302
1003655.00000000	-0.02782504	0.03383832	0.68728333
998655.00000000	0.05351520	0.03624884	0.69287076
993655.00000000	0.13713809	0.03822488	0.68844507
988655.00000000	0.21644687	0.03932581	0.67391052
983655.00000000	0.29507391	0.03945474	0.64796811
978655.00000000	0.36752341	0.03822354	0.61168420
973655.00000000	0.43345001	0.03583493	0.56595432
968655.00000000	0.49268646	0.03244162	0.51120871
963655.00000000	0.54370410	0.02852545	0.44983636
958655.00000000	0.58590604	0.02435440	0.38424875
953655.00000000	0.62065741	0.02015778	0.31437375
948655.00000000	0.64726181	0.01574994	0.24211276
943655.00000000	0.66671298	0.01089474	0.16351422
938655.00000000	0.67693198	0.00556235	0.08407559
933655.00000000	0.67774069	-0.00029129	0.00348209
928655.00000000	0.66777466	-0.00698898	-0.08398654
923655.00000000	0.64761972	-0.01349194	-0.16631039
918655.00000000	0.61492233	-0.02022678	-0.25134561
913655.00000000	0.57264700	-0.02590039	-0.32949054
908655.00000000	0.52458322	-0.03041132	-0.39711441
903655.00000000	0.46456134	-0.03421954	-0.46270206
898655.00000000	0.40199933	-0.03705380	-0.51618777
893655.00000000	0.33322791	-0.03934616	-0.56250443
888655.00000000	0.26230707	-0.04109900	-0.59954227
883655.00000000	0.18605927	-0.04251401	-0.62934900
878655.00000000	0.10828760	-0.04351218	-0.65037219
873655.00000000	0.02859467	-0.04405487	-0.66296695
868655.00000000	-0.05571368	-0.04377133	-0.66646994
863655.00000000	-0.13876965	-0.04265808	-0.65972827
858655.00000000	-0.22172998	-0.04053497	-0.64205954
853655.00000000	-0.30160934	-0.03731735	-0.61331488
848655.00000000	-0.37413788	-0.03337900	-0.57546115
843655.00000000	-0.44077734	-0.02889569	-0.52773859
838655.00000000	-0.49913104	-0.02416647	-0.47255664
833655.00000000	-0.54929514	-0.01961185	-0.41111972
828655.00000000	-0.59048651	-0.01547845	-0.34606192
823655.00000000	-0.62362045	-0.01164594	-0.27765051
818655.00000000	-0.64984634	-0.00795255	-0.20336349
813655.00000000	-0.66763263	-0.00416150	-0.12608664
808655.00000000	-0.67643936	-0.00028156	-0.04750967
803655.00000000	-0.67589886	0.00404343	0.03661481
798655.00000000	-0.66575363	0.00825275	0.11766623
793655.00000000	-0.64515854	0.01259854	0.20017795
788655.00000000	-0.61432169	0.01717865	0.28045529
783655.00000000	-0.57405847	0.02130603	0.35502539
778655.00000000	-0.52462183	0.02546429	0.42360080
773655.00000000	-0.46931348	0.02921909	0.48237845
768655.00000000	-0.40750592	0.03209390	0.53364975
763655.00000000	-0.34152435	0.03449210	0.57621811
758655.00000000	-0.27237433	0.03631885	0.61050302
753655.00000000	-0.19644040	0.03780237	0.63820969
748655.00000000	-0.11987491	0.03897104	0.65672458
743655.00000000	-0.03890851	0.03965363	0.66716769
738655.00000000	0.04748993	0.03947256	0.66828897
733655.00000000	0.13116113	0.03842126	0.65947214
728655.00000000	0.21725983	0.03599902	0.63944861
723655.00000000	0.30007242	0.03210590	0.60868716
718655.00000000	0.37500049	0.02743292	0.56898181
713655.00000000	0.44530389	0.02204733	0.51884891
708655.00000000	0.50585281	0.01645599	0.46217984
703655.00000000	0.55841949	0.01109705	0.39864075
698655.00000000	0.60133514	0.00579367	0.33171936
693655.00000000	0.63523965	0.00052405	0.26300641
688655.00000000	0.66227997	-0.00399213	0.18799789
683655.00000000	0.68044913	-0.00933334	0.11080948
678655.00000000	0.68920908	-0.01443393	0.03182675
673655.00000000	0.68764346	-0.01962988	-0.05101044
668655.00000000	0.67485403	-0.02399362	-0.13370627
663655.00000000	0.64816953	-0.02774765	-0.22179761
658655.00000000	0.60963669	-0.03118988	-0.30430814
653655.00000000	0.56261765	-0.03420557	-0.37751419
648655.00000000	0.50702051	-0.03682739	-0.44391016
643655.00000000	0.44419516	-0.03883453	-0.50268701
638655.00000000	0.37748807	-0.04056644	-0.55214230
633655.00000000	0.30531458	-0.04186603	-0.59387207
628655.00000000	0.22981055	-0.04319693	-0.62720602
623655.00000000	0.14962766	-0.04462280	-0.65268039
618655.00000000	0.06722260	-0.04589749	-0.66913220
613655.00000000	-0.01809729	-0.04689539	-0.67624283
608655.00000000	-0.10399298	-0.04705075	-0.67340274
603655.00000000	-0.18982022	-0.04586899	-0.65987726
598655.00000000	-0.27457178	-0.04264926	-0.63470340
593655.00000000	-0.35162198	-0.03795374	-0.60021539
588655.00000000	-0.42102936	-0.03096655	-0.55691238
583655.00000000	-0.48248486	-0.02300272	-0.50600668
578655.00000000	-0.53960156	-0.01590024	-0.44404352
573655.00000000	-0.58350851	-0.00817200	-0.38261771
568655.00000000	-0.62241019	-0.00177405	-0.31189526
563655.00000000	-0.65625223	0.00167883	-0.22641278
558655.00000000	-0.67538004	0.00869022	-0.15243237
553655.00000000	-0.68576593	0.01599615	-0.07671664
548655.00000000	-0.68699905	0.02354434	0.00449277
543655.00000000	-0.67768005	0.03084946	0.08702838
538655.00000000	-0.65737424	0.03754410	0.17059018
533655.00000000	-0.62659338	0.04363342	0.25150015
528655.00000000	-0.58675992	0.04859879	0.32723291
523655.00000000	-0.53782022	0.05253360	0.39798712
518655.00000000	-0.48207468	0.05471362	0.46065979
513655.00000000	-0.42199316	0.05665167	0.51373846
508655.00000000	-0.35734818	0.05848297	0.55854065
503655.00000000	-0.29124619	0.06019995	0.59401178
498655.00000000	-0.22084030	0.06140543	0.62241031
493655.00000000	-0.14763620	0.06254977	0.64309241
488655.00000000	-0.07076309	0.06334204	0.65585846
483655.00000000	0.01152579	0.06337027	0.66007224
478655.00000000	0.09250348	0.06209058	0.65491547
473655.00000000	0.17592877	0.05866858	0.63964923
468655.00000000	0.25822678	0.05308044	0.61431937
463655.00000000	0.33533984	0.04559830	0.58025998
458655.00000000	0.40906201	0.03654269	0.53669296
453655.00000000	0.47443723	0.02711304	0.48652670
448655.00000000	0.53163309	0.01799371	0.43066794
443655.00000000	0.58017422	0.00926187	0.37060989
438655.00000000	0.61945071	0.00129349	0.30839291
433655.00000000	0.65186807	-0.00739011	0.23878024
428655.00000000	0.67526257	-0.01327963	0.16634937
423655.00000000	0.68854547	-0.01973636	0.09501794
418655.00000000	0.69168152	-0.02713205	0.02077707
413655.00000000	0.68431793	-0.03396973	-0.05079898
408655.00000000	0.66524451	-0.04040588	-0.12530826
403655.00000000	0.63406296	-0.04531784	-0.19954785
398655.00000000	0.59416107	-0.04836902	-0.26684943
393655.00000000	0.54435620	-0.04999548	-0.33010831
388655.00000000	0.48735211	-0.04962836	-0.38567746
383655.00000000	0.42206046	-0.04839160	-0.43392838
378655.00000000	0.35436276	-0.04606577	-0.47066443
373655.00000000	0.26137012	-0.03794263	-0.51313260
368655.00000000	0.18239548	-0.03016464	-0.52772476
363655.00000000	0.10461935	-0.02311407	-0.53201465
358655.00000000	0.02236777	-0.01645087	-0.52827136
353655.00000000	-0.06003903	-0.01030338	-0.51767545
348655.00000000	-0.14080722	-0.00440341	-0.50138727
343655.00000000	-0.22067892	0.00179794	-0.47951965
338655.00000000	-0.29367990	0.00826114	-0.45277444
333655.00000000	-0.35709341	0.01479434	-0.42133704
328655.00000000	-0.41217520	0.02099857	-0.38421667
323655.00000000	-0.45796762	0.02622601	-0.34110748
318655.00000000	-0.49158231	0.02984128	-0.29544614
313655.00000000	-0.51327930	0.03165250	-0.24901620
308655.00000000	-0.52276862	0.03219449	-0.20289597
303655.00000000	-0.51972018	0.03187280	-0.16108350
298655.00000000	-0.50527219	0.03132077	-0.12328027
293655.00000000	-0.48118338	0.03098862	-0.08808923
288655.00000000	-0.45028635	0.03095816	-0.05570493
283655.00000000	-0.41378427	0.03103955	-0.02455618
278655.00000000	-0.37273349	0.03065207	0.00575903
273655.00000000	-0.32834055	0.02968442	0.03269177
268655.00000000	-0.27954413	0.02735806	0.05744788
263655.00000000	-0.22794327	0.02344125	0.07760956
258655.00000000	-0.17327631	0.01801224	0.09310934
253655.00000000	-0.12035101	0.01203064	0.10319122
248655.00000000	-0.07047052	0.00617130	0.10876520
243655.00000000	-0.02464185	0.00106631	0.11096423
238655.00000000	0.01324777	-0.00245221	0.11065454
233655.00000000	0.04535748	-0.00452820	0.10895654
228655.00000000	0.07271371	-0.00533850	0.10646921
223655.00000000	0.09477847	-0.00520135	0.10373648
218655.00000000	0.11295102	-0.00471506	0.10066620
213655.00000000	0.12593704	-0.00426889	0.09716104
208655.00000000	0.13316788	-0.00409717	0.09306537
203655.00000000	0.13428485	-0.00432495	0.08771420
198655.00000000	0.12972952	-0.00471710	0.08149936
193655.00000000	0.12071713	-0.00508038	0.07459433
188655.00000000	0.10937134	-0.00524149	0.06739810
183655.00000000	0.09727872	-0.00514233	0.06045789
178655.00000000	0.08505295	-0.00486838	0.05391788
173655.00000000	0.07464111	-0.00448550	0.04812720
168655.00000000	0.06519968	-0.00402356	0.04294141
163655.00000000	0.05694003	-0.00348590	0.03824765
158655.00000000	0.05021954	-0.00309546	0.03453632
153655.00000000	0.04427664	-0.00267810	0.03109692
