8062455.00000000	0.00438858	-0.00032172	0.01541626
8059455.00000000	0.00457306	-0.00035129	0.01623053
8056455.00000000	0.00477667	-0.00034079	0.01715686
8053455.00000000	0.00495514	-0.00038879	0.01815164
8050455.00000000	0.00513730	-0.00041418	0.01918680
8047455.00000000	0.00531088	-0.00044608	0.02026996
8044455.00000000	0.00551514	-0.00046469	0.02148932
8041455.00000000	0.00569894	-0.00050400	0.02275714
8038455.00000000	0.00594724	-0.00051471	0.02418097
8035455.00000000	0.00622830	-0.00051617	0.02578873
8032455.00000000	0.00648770	-0.00053122	0.02743985
8029455.00000000	0.00675668	-0.00056039	0.02927441
8026455.00000000	0.00705563	-0.00059302	0.03131509
8023455.00000000	0.00734293	-0.00065527	0.03352472
8020455.00000000	0.00768182	-0.00065558	0.03594437
8017455.00000000	0.00796957	-0.00075711	0.03852859
8014455.00000000	0.00831915	-0.00079462	0.04149161
8011455.00000000	0.00861246	-0.00090555	0.04468307
8008455.00000000	0.00894650	-0.00101306	0.04820993
8005455.00000000	0.00934125	-0.00110809	0.05219125
8002455.00000000	0.00975638	-0.00115320	0.05674133
7999455.00000000	0.01008746	-0.00136261	0.06163345
7996455.00000000	0.01053925	-0.00145755	0.06726740
7993455.00000000	0.01095007	-0.00159424	0.07357932
7990455.00000000	0.01126718	-0.00186002	0.08054337
7987455.00000000	0.01163577	-0.00207458	0.08875375
7984455.00000000	0.01195883	-0.00226251	0.09778033
7981455.00000000	0.01238254	-0.00233328	0.10814569
7978455.00000000	0.01263092	-0.00258142	0.11936038
7975455.00000000	0.01298804	-0.00265775	0.13228250
7972455.00000000	0.01337213	-0.00264218	0.14597955
7969455.00000000	0.01378412	-0.00244818	0.16016205
7966455.00000000	0.01449078	-0.00194223	0.17453650
7963455.00000000	0.01534399	-0.00124335	0.18818314
7960455.00000000	0.01655777	-0.00028000	0.20006821
7957455.00000000	0.01831143	0.00077490	0.20894214
7954455.00000000	0.02064786	0.00170773	0.21411023
7951455.00000000	0.02371741	0.00246564	0.21515128
7948455.00000000	0.02755325	0.00273117	0.21194247
7945455.00000000	0.03210898	0.00244122	0.20507553
7942455.00000000	0.03739227	0.00162515	0.19556909
7939455.00000000	0.04350629	0.00018021	0.18387244
7936455.00000000	0.05025079	-0.00168533	0.17103293
7933455.00000000	0.05758896	-0.00407828	0.15737515
7930455.00000000	0.06565985	-0.00673447	0.14328082
7927455.00000000	0.07458456	-0.00963626	0.12833228
7924455.00000000	0.08460358	-0.01267792	0.11183142
7921455.00000000	0.09558954	-0.01570956	0.09330179
7918455.00000000	0.10765643	-0.01828436	0.07242651
7915455.00000000	0.12046362	-0.02032947	0.04868527
7912455.00000000	0.13476270	-0.02142361	0.02082495
7909455.00000000	0.14961230	-0.02146771	-0.01068494
7906455.00000000	0.16471933	-0.02017737	-0.04528525
7903455.00000000	0.17930472	-0.01765961	-0.08196628
7900455.00000000	0.19266916	-0.01427200	-0.12077005
7897455.00000000	0.20411990	-0.01032870	-0.16155908
7894455.00000000	0.21255188	-0.00636505	-0.20147952
7891455.00000000	0.21788632	-0.00275977	-0.24081750
7888455.00000000	0.21984247	-0.00009125	-0.27831503
7885455.00000000	0.21841745	0.00123843	-0.31587445
7882455.00000000	0.21444720	0.00114005	-0.35039877
7879455.00000000	0.20875137	-0.00022189	-0.38322284
7876455.00000000	0.20167041	-0.00272345	-0.41479645
7873455.00000000	0.19344437	-0.00600507	-0.44612445
7870455.00000000	0.18457947	-0.00956342	-0.47656876
7867455.00000000	0.17525272	-0.01282404	-0.50515164
7864455.00000000	0.16461899	-0.01586996	-0.53305869
7861455.00000000	0.15250409	-0.01796442	-0.55948688
7858455.00000000	0.13811176	-0.01911734	-0.58397778
7855455.00000000	0.12118332	-0.01925958	-0.60519852
7852455.00000000	0.10120206	-0.01832550	-0.62302582
7849455.00000000	0.07693884	-0.01671765	-0.63774640
7846455.00000000	0.04866266	-0.01441565	-0.64867944
7843455.00000000	0.01674463	-0.01165155	-0.65571942
7840455.00000000	-0.01745084	-0.00850165	-0.65862878
7837455.00000000	-0.05536060	-0.00498480	-0.65722916
7834455.00000000	-0.09497162	-0.00143619	-0.65131659
7831455.00000000	-0.13507925	0.00219116	-0.64069699
7828455.00000000	-0.17479584	0.00570334	-0.62566376
7825455.00000000	-0.21404315	0.00928122	-0.60603052
7822455.00000000	-0.25319427	0.01256607	-0.58141653
7819455.00000000	-0.29068188	0.01570071	-0.55249509
7816455.00000000	-0.32662866	0.01824777	-0.51993546
7813455.00000000	-0.36110489	0.02028250	-0.48436023
7810455.00000000	-0.39582098	0.02155698	-0.44473090
7807455.00000000	-0.42967642	0.02213315	-0.40279340
7804455.00000000	-0.46252274	0.02175476	-0.35955933
7801455.00000000	-0.49476300	0.02072205	-0.31468121
7798455.00000000	-0.52575815	0.01899503	-0.26901556
7795455.00000000	-0.55593500	0.01691095	-0.22133932
7792455.00000000	-0.58273822	0.01475113	-0.17496909
7789455.00000000	-0.60680884	0.01279776	-0.12797855
7786455.00000000	-0.62734445	0.01131332	-0.08059726
7783455.00000000	-0.64463602	0.01024249	-0.03103967
7780455.00000000	-0.65742435	0.00975232	0.01820862
7777455.00000000	-0.66556052	0.00982849	0.06754858
7774455.00000000	-0.66916730	0.01051581	0.11820407
7771455.00000000	-0.66796942	0.01145709	0.16985867
7768455.00000000	-0.66162164	0.01284708	0.22233566
7765455.00000000	-0.65031085	0.01444763	0.27347131
7762455.00000000	-0.63402744	0.01600369	0.32463828
7759455.00000000	-0.61227023	0.01766693	0.37592337
7756455.00000000	-0.58535443	0.01905206	0.42597055
7753455.00000000	-0.55447021	0.01994067	0.47287979
7750455.00000000	-0.51995056	0.02028912	0.51661749
7747455.00000000	-0.48100555	0.02002597	0.55816840
7744455.00000000	-0.43867310	0.01916275	0.59641537
7741455.00000000	-0.39444119	0.01785449	0.63005270
7738455.00000000	-0.34910150	0.01621344	0.65913815
7735455.00000000	-0.30174786	0.01442682	0.68448087
7732455.00000000	-0.25196298	0.01247003	0.70637778
7729455.00000000	-0.20304337	0.01063110	0.72379236
7726455.00000000	-0.15334244	0.00894772	0.73769418
7723455.00000000	-0.10409186	0.00721069	0.74807037
7720455.00000000	-0.05245477	0.00557990	0.75559814
7717455.00000000	-0.00129373	0.00388812	0.75962091
7714455.00000000	0.05038983	0.00207361	0.76057355
7711455.00000000	0.10117346	0.00003009	0.75821439
7708455.00000000	0.15392914	-0.00233765	0.75222812
7705455.00000000	0.20750671	-0.00511209	0.74217511
7702455.00000000	0.25998190	-0.00822473	0.72820938
7699455.00000000	0.31136691	-0.01145847	0.70997830
7696455.00000000	0.36188892	-0.01494244	0.68709378
7693455.00000000	0.41270822	-0.01857996	0.65861160
7690455.00000000	0.46008197	-0.02193082	0.62621167
7687455.00000000	0.50490497	-0.02484924	0.58973325
7684455.00000000	0.54615457	-0.02727945	0.54985904
7681455.00000000	0.58521423	-0.02903558	0.50577060
7678455.00000000	0.62080707	-0.03022876	0.45858694
7675455.00000000	0.65112589	-0.03058844	0.41132666
7672455.00000000	0.67788501	-0.03040350	0.36239569
7669455.00000000	0.70099390	-0.03001511	0.31152499
7666455.00000000	0.72044907	-0.02921503	0.25965579
7663455.00000000	0.73562408	-0.02847607	0.20898904
7660455.00000000	0.74721198	-0.02783566	0.15818539
7657455.00000000	0.75567825	-0.02721097	0.10692288
7654455.00000000	0.76067303	-0.02683102	0.05426514
7651455.00000000	0.76228436	-0.02655554	0.00269165
7648455.00000000	0.76044135	-0.02650583	-0.04798343
7645455.00000000	0.75518890	-0.02626324	-0.09979541
7642455.00000000	0.74562811	-0.02606113	-0.15422601
7639455.00000000	0.73221680	-0.02570398	-0.20698947
7636455.00000000	0.71487009	-0.02506949	-0.25853479
7633455.00000000	0.69325327	-0.02418173	-0.30942612
7630455.00000000	0.66565561	-0.02288126	-0.36228476
7627455.00000000	0.63445477	-0.02125797	-0.41174158
7624455.00000000	0.59974850	-0.01937402	-0.45816101
7621455.00000000	0.56174985	-0.01744376	-0.50150293
7618455.00000000	0.51888199	-0.01531479	-0.54338605
7615455.00000000	0.47362778	-0.01309332	-0.58102051
7612455.00000000	0.42731238	-0.01080905	-0.61369922
7609455.00000000	0.37968658	-0.00902170	-0.64212643
7606455.00000000	0.33008676	-0.00716769	-0.66706528
7603455.00000000	0.27781946	-0.00530066	-0.68864786
7600455.00000000	0.22746066	-0.00370566	-0.70526874
7597455.00000000	0.17640048	-0.00267615	-0.71860983
7594455.00000000	0.12518515	-0.00155554	-0.72830118
7591455.00000000	0.07239795	-0.00054889	-0.73498355
7588455.00000000	0.02081949	0.00057413	-0.73810278
7585455.00000000	-0.03051740	0.00167810	-0.73801657
7582455.00000000	-0.08213629	0.00312070	-0.73463907
7579455.00000000	-0.13432074	0.00476517	-0.72773761
7576455.00000000	-0.18701620	0.00675500	-0.71676627
7573455.00000000	-0.23724149	0.00902448	-0.70252643
7570455.00000000	-0.28771173	0.01156955	-0.68395828
7567455.00000000	-0.33828607	0.01439514	-0.66074881
7564455.00000000	-0.38756009	0.01738110	-0.63309213
7561455.00000000	-0.43335590	0.02037784	-0.60232797
7558455.00000000	-0.47687061	0.02337680	-0.56824423
7555455.00000000	-0.51839526	0.02609250	-0.53013379
7552455.00000000	-0.55753986	0.02839740	-0.48837985
7549455.00000000	-0.59234537	0.03053189	-0.44485599
7546455.00000000	-0.62272403	0.03215677	-0.40064127
7543455.00000000	-0.64985773	0.03345251	-0.35384192
7540455.00000000	-0.67337134	0.03456848	-0.30544220
7537455.00000000	-0.69276727	0.03516412	-0.25719995
7534455.00000000	-0.70829242	0.03563232	-0.20866788
7531455.00000000	-0.72019141	0.03607239	-0.16041208
7528455.00000000	-0.72908154	0.03645010	-0.11011935
7525455.00000000	-0.73447058	0.03677570	-0.05992337
7522455.00000000	-0.73658234	0.03729620	-0.00899146
7519455.00000000	-0.73534918	0.03781314	0.04147708
7516455.00000000	-0.73062616	0.03819461	0.09390845
7513455.00000000	-0.72214096	0.03837582	0.14761240
7510455.00000000	-0.70992456	0.03820737	0.20039069
7507455.00000000	-0.69398611	0.03749988	0.25331146
7504455.00000000	-0.67382373	0.03624255	0.30622632
7501455.00000000	-0.64866495	0.03430496	0.36032529
7498455.00000000	-0.61998331	0.03179694	0.41197745
7495455.00000000	-0.58811655	0.02861697	0.46065298
7492455.00000000	-0.55271918	0.02497360	0.50682120
7489455.00000000	-0.51358456	0.02102902	0.55044070
7486455.00000000	-0.47086008	0.01702850	0.59067081
7483455.00000000	-0.42721881	0.01323199	0.62526630
7480455.00000000	-0.38182516	0.00992517	0.65548761
7477455.00000000	-0.33476175	0.00704999	0.68122095
7474455.00000000	-0.28546350	0.00459180	0.70324155
7471455.00000000	-0.23672644	0.00260349	0.72036795
7468455.00000000	-0.18865735	0.00121777	0.73360541
7465455.00000000	-0.13814865	-0.00005478	0.74354987
7462455.00000000	-0.08663925	-0.00118463	0.75001871
7459455.00000000	-0.03582263	-0.00213525	0.75277603
7456455.00000000	0.01409668	-0.00311026	0.75208041
7453455.00000000	0.06607275	-0.00421439	0.74779898
7450455.00000000	0.11906482	-0.00573413	0.73928714
7447455.00000000	0.17205344	-0.00734903	0.72669666
7444455.00000000	0.22393048	-0.00915579	0.71000177
7441455.00000000	0.27580969	-0.01124664	0.68885208
7438455.00000000	0.32927039	-0.01354941	0.66203973
7435455.00000000	0.38029379	-0.01591602	0.63111862
7432455.00000000	0.42911282	-0.01817651	0.59642776
7429455.00000000	0.47460153	-0.02036221	0.55902319
7426455.00000000	0.51892981	-0.02252554	0.51700122
7423455.00000000	0.56016394	-0.02473386	0.47167053
7420455.00000000	0.59669659	-0.02668683	0.42548425
7417455.00000000	0.62876474	-0.02843237	0.37800247
7414455.00000000	0.65693640	-0.02985651	0.32913983
7411455.00000000	0.68173273	-0.03106723	0.27833246
7408455.00000000	0.70159573	-0.03212115	0.22863730
7405455.00000000	0.71775507	-0.03312387	0.17860901
7402455.00000000	0.73009689	-0.03420880	0.12876859
7399455.00000000	0.73935626	-0.03541168	0.07740216
7396455.00000000	0.74492715	-0.03686328	0.02622894
7393455.00000000	0.74690482	-0.03848083	-0.02368121
7390455.00000000	0.74538785	-0.04035461	-0.07477496
7387455.00000000	0.74008920	-0.04237433	-0.12675757
7384455.00000000	0.73045990	-0.04464194	-0.18019495
7381455.00000000	0.71702628	-0.04667966	-0.23153479
7378455.00000000	0.69898447	-0.04860983	-0.28343643
7375455.00000000	0.67630203	-0.05017706	-0.33515228
7372455.00000000	0.64831308	-0.05120135	-0.38693994
7369455.00000000	0.61673737	-0.05161353	-0.43571225
7366455.00000000	0.58174176	-0.05127637	-0.48162912
7363455.00000000	0.54163513	-0.04969739	-0.52673502
7360455.00000000	0.49787054	-0.04711630	-0.56889444
7357455.00000000	0.45225369	-0.04357553	-0.60625977
7354455.00000000	0.40589920	-0.03936874	-0.63846512
7351455.00000000	0.35692407	-0.03464389	-0.66725116
7348455.00000000	0.30657538	-0.02946399	-0.69170374
7345455.00000000	0.25603845	-0.02461136	-0.71185852
7342455.00000000	0.20593192	-0.02010519	-0.72759537
7339455.00000000	0.15552368	-0.01588998	-0.73995663
7336455.00000000	0.10342728	-0.01169330	-0.74907632
7333455.00000000	0.05248471	-0.00763113	-0.75472220
7330455.00000000	0.00168475	-0.00374924	-0.75724384
7327455.00000000	-0.04889825	0.00029355	-0.75644159
7324455.00000000	-0.10108301	0.00483774	-0.75192960
7321455.00000000	-0.15394946	0.00936914	-0.74389883
7318455.00000000	-0.20449570	0.01429315	-0.73203012
7315455.00000000	-0.25465082	0.01945447	-0.71580685
7312455.00000000	-0.30461700	0.02471225	-0.69523138
7309455.00000000	-0.35582346	0.02979453	-0.66845706
7306455.00000000	-0.40326077	0.03440137	-0.63810864
7303455.00000000	-0.44890497	0.03836194	-0.60348096
7300455.00000000	-0.49249194	0.04161609	-0.56457437
7297455.00000000	-0.53386829	0.04392892	-0.52148141
7294455.00000000	-0.57178723	0.04532468	-0.47540137
7291455.00000000	-0.60488235	0.04605508	-0.42859634
7288455.00000000	-0.63472760	0.04618674	-0.37977841
7285455.00000000	-0.66098407	0.04589334	-0.32910904
7282455.00000000	-0.68354233	0.04530054	-0.27699020
7279455.00000000	-0.70152853	0.04460846	-0.22622073
7276455.00000000	-0.71597913	0.04388730	-0.17585056
7273455.00000000	-0.72725198	0.04329156	-0.12415149
7270455.00000000	-0.73505270	0.04280710	-0.07273468
7267455.00000000	-0.73949051	0.04260065	-0.02034781
7264455.00000000	-0.74064008	0.04261572	0.03013763
7261455.00000000	-0.73835712	0.04275400	0.08253601
7258455.00000000	-0.73249637	0.04278418	0.13504306
7255455.00000000	-0.72273544	0.04270190	0.18798453
7252455.00000000	-0.70927325	0.04216638	0.23970840
7249455.00000000	-0.69157983	0.04132303	0.29150217
7246455.00000000	-0.66879855	0.03965277	0.34400900
7243455.00000000	-0.64188483	0.03725092	0.39458945
7240455.00000000	-0.61092230	0.03415143	0.44288083
7237455.00000000	-0.57674524	0.03047736	0.48792331
7234455.00000000	-0.53761368	0.02597556	0.53155478
7231455.00000000	-0.49493649	0.02108795	0.57178122
7228455.00000000	-0.45033536	0.01621704	0.60746582
7225455.00000000	-0.40455890	0.01152908	0.63842542
7222455.00000000	-0.35710117	0.00716025	0.66520413
7219455.00000000	-0.30627197	0.00331570	0.68890225
7216455.00000000	-0.25650360	0.00012180	0.70751462
7213455.00000000	-0.20678455	-0.00263702	0.72218539
7210455.00000000	-0.15696722	-0.00494577	0.73331870
7207455.00000000	-0.10468820	-0.00687616	0.74138483
7204455.00000000	-0.05341943	-0.00872791	0.74590222
7201455.00000000	-0.00286127	-0.01033768	0.74735837
7198455.00000000	0.04824844	-0.01206485	0.74541995
7195455.00000000	0.10064960	-0.01396201	0.74025183
7192455.00000000	0.15377811	-0.01608203	0.73140564
7189455.00000000	0.20487537	-0.01819067	0.71914206
7186455.00000000	0.25582971	-0.02053870	0.70313611
7183455.00000000	0.30780878	-0.02311121	0.68240207
7180455.00000000	0.35937775	-0.02581073	0.65703989
7177455.00000000	0.40868222	-0.02839233	0.62775327
7174455.00000000	0.45456906	-0.03085333	0.59548996
7171455.00000000	0.49994110	-0.03327673	0.55792999
7168455.00000000	0.54213611	-0.03540259	0.51726889
7165455.00000000	0.58059448	-0.03722498	0.47352484
7162455.00000000	0.61397131	-0.03872568	0.42880060
7159455.00000000	0.64405753	-0.03966995	0.38142120
7156455.00000000	0.67055963	-0.04027280	0.33178458
7153455.00000000	0.69217514	-0.04057550	0.28245322
7150455.00000000	0.70963971	-0.04083899	0.23297150
7147455.00000000	0.72338049	-0.04102859	0.18369791
7144455.00000000	0.73397775	-0.04122787	0.13179605
7141455.00000000	0.74088065	-0.04152716	0.08065793
7138455.00000000	0.74418903	-0.04197470	0.02981464
7135455.00000000	0.74419440	-0.04262589	-0.02069516
7132455.00000000	0.74067926	-0.04328564	-0.07314600
7129455.00000000	0.73342548	-0.04396930	-0.12674197
7126455.00000000	0.72258557	-0.04454413	-0.17847665
7123455.00000000	0.70759390	-0.04486887	-0.23141220
7120455.00000000	0.68865302	-0.04472116	-0.28381134
7117455.00000000	0.66426297	-0.04410498	-0.33814182
7114455.00000000	0.63647964	-0.04272342	-0.38919946
7111455.00000000	0.60479395	-0.04076291	-0.43843893
7108455.00000000	0.56930643	-0.03843628	-0.48523022
7105455.00000000	0.52996439	-0.03563824	-0.52970767
7102455.00000000	0.48710281	-0.03247519	-0.57087640
7099455.00000000	0.44346960	-0.02905298	-0.60652548
7096455.00000000	0.39780325	-0.02571552	-0.63826443
7093455.00000000	0.35008279	-0.02243637	-0.66598349
7090455.00000000	0.30019043	-0.01922214	-0.68984494
7087455.00000000	0.25131375	-0.01635327	-0.70884454
7084455.00000000	0.20201297	-0.01388428	-0.72388235
7081455.00000000	0.15214777	-0.01162537	-0.73544064
7078455.00000000	0.10100412	-0.00947757	-0.74356400
7075455.00000000	0.04989252	-0.00741403	-0.74837540
7072455.00000000	-0.00022748	-0.00526358	-0.74985794
7069455.00000000	-0.05161008	-0.00287619	-0.74812027
7066455.00000000	-0.10418768	0.00003729	-0.74255777
7063455.00000000	-0.15660626	0.00367041	-0.73321198
7060455.00000000	-0.20818588	0.00773849	-0.72023193
7057455.00000000	-0.25880533	0.01225525	-0.70322186
7054455.00000000	-0.31134897	0.01747891	-0.68082336
7051455.00000000	-0.36203635	0.02298953	-0.65422379
7048455.00000000	-0.41073416	0.02843564	-0.62341348
7045455.00000000	-0.45625293	0.03357086	-0.58936658
7042455.00000000	-0.50043124	0.03851282	-0.55074033
7039455.00000000	-0.54217175	0.04277414	-0.50856509
7036455.00000000	-0.57904208	0.04625116	-0.46457346
7033455.00000000	-0.61186389	0.04856976	-0.41936469
7030455.00000000	-0.64047620	0.05018512	-0.37279474
7027455.00000000	-0.66630688	0.05097412	-0.32334955
7024455.00000000	-0.68698001	0.05123431	-0.27512567
7021455.00000000	-0.70400348	0.05086145	-0.22652542
7018455.00000000	-0.71741254	0.05037186	-0.17772595
7015455.00000000	-0.72763477	0.04972610	-0.12691461
7012455.00000000	-0.73436554	0.04903638	-0.07667328
7009455.00000000	-0.73770032	0.04844470	-0.02649475
7006455.00000000	-0.73784320	0.04769797	0.02391537
7003455.00000000	-0.73464178	0.04689365	0.07570441
7000455.00000000	-0.72762430	0.04596436	0.12944058
6997455.00000000	-0.71729129	0.04475296	0.18126471
6994455.00000000	-0.70309976	0.04321872	0.23376147
6991455.00000000	-0.68467377	0.04105893	0.28717566
6988455.00000000	-0.66171802	0.03821118	0.34112796
6985455.00000000	-0.63479611	0.03463901	0.39358054
6982455.00000000	-0.60466107	0.03074963	0.44293735
6979455.00000000	-0.56983716	0.02620877	0.49147754
6976455.00000000	-0.53162094	0.02143381	0.53683148
6973455.00000000	-0.49070416	0.01659280	0.57800464
6970455.00000000	-0.44857465	0.01227722	0.61369379
6967455.00000000	-0.40360266	0.00848459	0.64569443
6964455.00000000	-0.35653156	0.00524963	0.67352139
6961455.00000000	-0.30851862	0.00266809	0.69659656
6958455.00000000	-0.26030530	0.00090381	0.71523859
6955455.00000000	-0.21269107	-0.00040149	0.72969247
6952455.00000000	-0.16260220	-0.00109976	0.74110190
6949455.00000000	-0.11222815	-0.00152945	0.74885519
6946455.00000000	-0.06167899	-0.00179044	0.75318707
6943455.00000000	-0.01120459	-0.00220743	0.75420697
6940455.00000000	0.04053937	-0.00277405	0.75169476
6937455.00000000	0.09362350	-0.00361261	0.74535562
6934455.00000000	0.14493109	-0.00470502	0.73536295
6931455.00000000	0.19733652	-0.00617905	0.72129013
6928455.00000000	0.24848444	-0.00795004	0.70332074
6925455.00000000	0.30204755	-0.01033575	0.67956784
6922455.00000000	0.35280832	-0.01261084	0.65241153
6919455.00000000	0.40148380	-0.01489474	0.62124493
6916455.00000000	0.44909067	-0.01739597	0.58601331
6913455.00000000	0.49455127	-0.01957452	0.54701254
6910455.00000000	0.53742499	-0.02193887	0.50436124
6907455.00000000	0.57579959	-0.02379745	0.46037692
6904455.00000000	0.60983972	-0.02531903	0.41501599
6901455.00000000	0.64042218	-0.02651099	0.36745667
6898455.00000000	0.66768994	-0.02737372	0.31724109
6895455.00000000	0.69011371	-0.02787622	0.26748929
6892455.00000000	0.70821567	-0.02827289	0.21822092
6889455.00000000	0.72302835	-0.02856607	0.16705612
6886455.00000000	0.73411685	-0.02898935	0.11553418
6883455.00000000	0.74147604	-0.02951358	0.06435028
6880455.00000000	0.74526205	-0.03004483	0.01425562
6877455.00000000	0.74570471	-0.03059109	-0.03747769
6874455.00000000	0.74266595	-0.03119247	-0.08967487
6871455.00000000	0.73584216	-0.03168872	-0.14253528
6868455.00000000	0.72542206	-0.03191428	-0.19412814
6865455.00000000	0.71109811	-0.03166840	-0.24583020
6862455.00000000	0.69197891	-0.03056705	-0.29908682
6859455.00000000	0.66875864	-0.02899197	-0.35084711
6856455.00000000	0.64142596	-0.02706982	-0.40097073
6853455.00000000	0.61030237	-0.02462540	-0.44861835
6850455.00000000	0.57460028	-0.02147897	-0.49457651
6847455.00000000	0.53522443	-0.01796143	-0.53749854
6844455.00000000	0.49356543	-0.01423795	-0.57594345
6841455.00000000	0.44927847	-0.01041147	-0.61041071
6838455.00000000	0.40294446	-0.00674142	-0.64072916
6835455.00000000	0.35432867	-0.00317767	-0.66718475
6832455.00000000	0.30607617	-0.00009888	-0.68868469
6829455.00000000	0.25613977	0.00259940	-0.70666702
6826455.00000000	0.20634085	0.00491730	-0.72085049
6823455.00000000	0.15486954	0.00709427	-0.73185330
6820455.00000000	0.10400604	0.00895923	-0.73912885
6817455.00000000	0.05353986	0.01075143	-0.74327216
6814455.00000000	0.00194650	0.01264526	-0.74435034
6811455.00000000	-0.04986594	0.01442288	-0.74211221
6808455.00000000	-0.10305518	0.01625217	-0.73618854
6805455.00000000	-0.15512518	0.01809348	-0.72683997
6802455.00000000	-0.20771326	0.02003867	-0.71341348
6799455.00000000	-0.26010931	0.02199783	-0.69585095
6796455.00000000	-0.31212335	0.02375604	-0.67386594
6793455.00000000	-0.36273361	0.02530649	-0.64760950
6790455.00000000	-0.41115118	0.02648132	-0.61773752
6787455.00000000	-0.45866675	0.02715323	-0.58336209
6784455.00000000	-0.50365176	0.02737228	-0.54521121
6781455.00000000	-0.54576877	0.02715256	-0.50387625
6778455.00000000	-0.58355930	0.02654883	-0.46070450
6775455.00000000	-0.61775598	0.02564896	-0.41515479
6772455.00000000	-0.64862421	0.02458798	-0.36684653
6769455.00000000	-0.67445541	0.02339346	-0.31841177
6766455.00000000	-0.69596338	0.02224063	-0.26946567
6763455.00000000	-0.71334048	0.02126596	-0.22075064
6760455.00000000	-0.72743353	0.02036215	-0.16985834
6757455.00000000	-0.73763000	0.01968460	-0.11923840
6754455.00000000	-0.74424536	0.01927020	-0.06849530
6751455.00000000	-0.74737659	0.01915628	-0.01825238
6748455.00000000	-0.74699463	0.01925473	0.03338770
6745455.00000000	-0.74299142	0.01946246	0.08604013
6742455.00000000	-0.73530789	0.01973099	0.13832831
6739455.00000000	-0.72371594	0.01987292	0.19082883
6736455.00000000	-0.70795728	0.01976721	0.24360110
6733455.00000000	-0.68745209	0.01933658	0.29756351
6730455.00000000	-0.66303064	0.01836780	0.34946548
6727455.00000000	-0.63456213	0.01697192	0.39988251
6724455.00000000	-0.60205518	0.01504199	0.44869955
6721455.00000000	-0.56567181	0.01266373	0.49519019
6718455.00000000	-0.52594495	0.00986353	0.53877255
6715455.00000000	-0.48481033	0.00671893	0.57730936
6712455.00000000	-0.44101266	0.00343976	0.61233096
6709455.00000000	-0.39588144	0.00026672	0.64282571
6706455.00000000	-0.34810300	-0.00275101	0.66976022
6703455.00000000	-0.30106372	-0.00531302	0.69152005
6700455.00000000	-0.25305347	-0.00766443	0.70936395
6697455.00000000	-0.20383591	-0.00957474	0.72351266
6694455.00000000	-0.15464874	-0.01126639	0.73400598
6691455.00000000	-0.10499310	-0.01280078	0.74103732
6688455.00000000	-0.05579929	-0.01414996	0.74469174
6685455.00000000	-0.00526950	-0.01545551	0.74511456
6682455.00000000	0.04596548	-0.01681140	0.74215045
6679455.00000000	0.09779376	-0.01812790	0.73555045
6676455.00000000	0.14963300	-0.01960956	0.72530908
6673455.00000000	0.20103976	-0.02108295	0.71127808
6670455.00000000	0.25420422	-0.02245605	0.69269348
6667455.00000000	0.30621948	-0.02354916	0.67010922
6664455.00000000	0.35829553	-0.02430853	0.64320508
6661455.00000000	0.40813370	-0.02494720	0.61292776
6658455.00000000	0.45786148	-0.02520123	0.57786548
6655455.00000000	0.50445438	-0.02505780	0.53999014
6652455.00000000	0.54789349	-0.02464560	0.49900958
6649455.00000000	0.58621191	-0.02386371	0.45698636
6646455.00000000	0.62105774	-0.02290637	0.41249847
6643455.00000000	0.65229169	-0.02184241	0.36503345
6640455.00000000	0.67793765	-0.02077939	0.31830746
6637455.00000000	0.69918356	-0.01986102	0.27119986
6634455.00000000	0.71678000	-0.01906000	0.22299985
6631455.00000000	0.73082498	-0.01825018	0.17327960
6628455.00000000	0.74099487	-0.01764465	0.12318573
6625455.00000000	0.74738663	-0.01714258	0.07419980
6622455.00000000	0.75029999	-0.01677844	0.02407599
6619455.00000000	0.74956839	-0.01639633	-0.02733392
6616455.00000000	0.74494882	-0.01597910	-0.07921826
6613455.00000000	0.73653815	-0.01544199	-0.13010373
6610455.00000000	0.72387180	-0.01462125	-0.18201279
6607455.00000000	0.70662225	-0.01335474	-0.23443985
6604455.00000000	0.68457785	-0.01157098	-0.28696127
6601455.00000000	0.65799802	-0.00940213	-0.33851483
6598455.00000000	0.62771164	-0.00676443	-0.38773395
6595455.00000000	0.59210013	-0.00359427	-0.43665674
6592455.00000000	0.55255432	-0.00027240	-0.48313147
6589455.00000000	0.51026221	0.00303336	-0.52588019
6586455.00000000	0.46595755	0.00622818	-0.56452933
6583455.00000000	0.41922949	0.00918405	-0.59956570
6580455.00000000	0.37048502	0.01185840	-0.63087054
6577455.00000000	0.32137527	0.01396793	-0.65753830
6574455.00000000	0.27173148	0.01551312	-0.68006183
6571455.00000000	0.22115924	0.01664960	-0.69900409
6568455.00000000	0.16966611	0.01731870	-0.71439420
6565455.00000000	0.11886877	0.01777853	-0.72610532
6562455.00000000	0.06831354	0.01794675	-0.73447382
6559455.00000000	0.01746619	0.01798044	-0.73970984
6556455.00000000	-0.03388205	0.01799393	-0.74184000
6553455.00000000	-0.08670963	0.01783481	-0.74058630
6550455.00000000	-0.13792792	0.01761832	-0.73613016
6547455.00000000	-0.19057877	0.01733035	-0.72773410
6544455.00000000	-0.24240213	0.01689911	-0.71563916
6541455.00000000	-0.29584775	0.01644150	-0.69875214
6538455.00000000	-0.34621808	0.01577875	-0.67823138
6535455.00000000	-0.39463043	0.01472409	-0.65381625
6532455.00000000	-0.44144852	0.01328012	-0.62519724
6529455.00000000	-0.48641705	0.01185727	-0.59217975
6526455.00000000	-0.52860931	0.01030881	-0.55540326
6523455.00000000	-0.56672446	0.00875391	-0.51601175
6520455.00000000	-0.60155142	0.00729855	-0.47336920
6517455.00000000	-0.63265924	0.00601465	-0.42813937
6514455.00000000	-0.65973007	0.00499481	-0.38107498
6511455.00000000	-0.68255936	0.00416800	-0.33332602
6508455.00000000	-0.70140140	0.00356940	-0.28505255
6505455.00000000	-0.71693530	0.00318698	-0.23518918
6502455.00000000	-0.72893640	0.00304239	-0.18487643
6499455.00000000	-0.73749408	0.00309045	-0.13416290
6496455.00000000	-0.74268283	0.00332675	-0.08482507
6493455.00000000	-0.74472711	0.00369846	-0.03382007
6490455.00000000	-0.74341232	0.00428058	0.01817319
6487455.00000000	-0.73861688	0.00463330	0.07014639
6484455.00000000	-0.73033099	0.00500214	0.12199399
6481455.00000000	-0.71839554	0.00515408	0.17428513
6478455.00000000	-0.70204874	0.00507565	0.22803659
6475455.00000000	-0.68156677	0.00462671	0.28142688
6472455.00000000	-0.65720499	0.00368436	0.33348123
6469455.00000000	-0.62944513	0.00231082	0.38364264
6466455.00000000	-0.59704559	0.00062082	0.43343011
6463455.00000000	-0.56081165	-0.00135617	0.48118286
6460455.00000000	-0.52161267	-0.00354346	0.52548779
6457455.00000000	-0.48034210	-0.00584506	0.56568042
6454455.00000000	-0.43660986	-0.00809335	0.60201913
6451455.00000000	-0.39003189	-0.01023395	0.63471127
6448455.00000000	-0.34301184	-0.01203540	0.66216260
6445455.00000000	-0.29552438	-0.01354626	0.68509143
6442455.00000000	-0.24664877	-0.01476160	0.70404687
6439455.00000000	-0.19636087	-0.01571216	0.71924185
6436455.00000000	-0.14614047	-0.01641034	0.73057922
6433455.00000000	-0.09724683	-0.01687378	0.73816400
6430455.00000000	-0.04649533	-0.01722263	0.74262106
6427455.00000000	0.00499521	-0.01742889	0.74370294
6424455.00000000	0.05739172	-0.01768149	0.74134055
6421455.00000000	0.10850378	-0.01794775	0.73557166
6418455.00000000	0.16091956	-0.01809665	0.72595645
6415455.00000000	0.21353098	-0.01833774	0.71234253
6412455.00000000	0.26624921	-0.01847006	0.69446887
6409455.00000000	0.31831512	-0.01846280	0.67228470
6406455.00000000	0.36874435	-0.01832397	0.64618213
6403455.00000000	0.41917249	-0.01799139	0.61513992
6400455.00000000	0.46746805	-0.01756558	0.57986670
6397455.00000000	0.51291830	-0.01687424	0.54148401
6394455.00000000	0.55408533	-0.01602420	0.50096378
6391455.00000000	0.59225458	-0.01490915	0.45729907
6388455.00000000	0.62692740	-0.01363449	0.41087640
6385455.00000000	0.65652133	-0.01225412	0.36395972
6382455.00000000	0.68168399	-0.01087109	0.31627097
6379455.00000000	0.70233548	-0.00950024	0.26865948
6376455.00000000	0.71969290	-0.00814771	0.21858887
6373455.00000000	0.73274435	-0.00687433	0.16938367
6370455.00000000	0.74206000	-0.00570520	0.12036511
6367455.00000000	0.74772989	-0.00461240	0.07185226
6364455.00000000	0.75010626	-0.00358905	0.02166650
6361455.00000000	0.74869977	-0.00257770	-0.02966742
6358455.00000000	0.74365219	-0.00162955	-0.07982248
6355455.00000000	0.73479727	-0.00063663	-0.13014523
6352455.00000000	0.72192929	0.00044415	-0.18049625
6349455.00000000	0.70409665	0.00173529	-0.23298044
6346455.00000000	0.68232358	0.00298251	-0.28366525
6343455.00000000	0.65628296	0.00436514	-0.33355322
6340455.00000000	0.62607309	0.00581503	-0.38215390
6337455.00000000	0.59089609	0.00714005	-0.43059238
6334455.00000000	0.55237665	0.00850391	-0.47639117
6331455.00000000	0.51217459	0.00982755	-0.51778113
6328455.00000000	0.46982166	0.01131104	-0.55583783
6325455.00000000	0.42420969	0.01258969	-0.59151819
6322455.00000000	0.37628149	0.01377557	-0.62358539
6319455.00000000	0.32853320	0.01479596	-0.65087225
6316455.00000000	0.28080304	0.01554343	-0.67383972
6313455.00000000	0.23099316	0.01624274	-0.69367392
6310455.00000000	0.18089929	0.01666302	-0.70977676
6307455.00000000	0.13085941	0.01690182	-0.72239297
6304455.00000000	0.08190671	0.01698392	-0.73129956
6301455.00000000	0.03119601	0.01701343	-0.73741116
6298455.00000000	-0.02055890	0.01691898	-0.74011868
6295455.00000000	-0.07189673	0.01678094	-0.73946930
6292455.00000000	-0.12242209	0.01661972	-0.73547253
6289455.00000000	-0.17353986	0.01630673	-0.72784875
6286455.00000000	-0.22596362	0.01605591	-0.71606454
6283455.00000000	-0.27708536	0.01572501	-0.70041901
6280455.00000000	-0.32770685	0.01527457	-0.68042975
6277455.00000000	-0.37685022	0.01461978	-0.65635727
6274455.00000000	-0.42553534	0.01381183	-0.62754086
6271455.00000000	-0.47171387	0.01288110	-0.59474478
6268455.00000000	-0.51466241	0.01161844	-0.55864783
6265455.00000000	-0.55459000	0.01020807	-0.51935403
6262455.00000000	-0.59078214	0.00862555	-0.47749878
6259455.00000000	-0.62403326	0.00685141	-0.43219052
6256455.00000000	-0.65208524	0.00512109	-0.38671265
6253455.00000000	-0.67624908	0.00334222	-0.33958588
6250455.00000000	-0.69618921	0.00154480	-0.29228320
6247455.00000000	-0.71277982	-0.00020053	-0.24292279
6244455.00000000	-0.72544583	-0.00175336	-0.19386267
6241455.00000000	-0.73438885	-0.00308621	-0.14549850
6238455.00000000	-0.74010773	-0.00432944	-0.09570624
6235455.00000000	-0.74245157	-0.00542172	-0.04500958
6232455.00000000	-0.74125488	-0.00639981	0.00650641
6229455.00000000	-0.73652414	-0.00724063	0.05730011
6226455.00000000	-0.72809683	-0.00794269	0.10849048
6223455.00000000	-0.71564609	-0.00856638	0.16087067
6220455.00000000	-0.69875104	-0.00903134	0.21421375
6217455.00000000	-0.67782623	-0.00946463	0.26691727
6214455.00000000	-0.65337741	-0.00976154	0.31764264
6211455.00000000	-0.62416718	-0.00987161	0.36900986
6208455.00000000	-0.59109683	-0.00991068	0.41878806
6205455.00000000	-0.55404202	-0.01004947	0.46708377
6202455.00000000	-0.51504480	-0.01030142	0.51123114
6199455.00000000	-0.47303848	-0.01073761	0.55268472
6196455.00000000	-0.42787711	-0.01148404	0.59108017
6193455.00000000	-0.38096143	-0.01234680	0.62510291
6190455.00000000	-0.33367020	-0.01338086	0.65424203
6187455.00000000	-0.28615247	-0.01430585	0.67873352
6184455.00000000	-0.23617691	-0.01526849	0.69998547
6181455.00000000	-0.18577829	-0.01607043	0.71708868
6178455.00000000	-0.13534793	-0.01692532	0.73017517
6175455.00000000	-0.08606738	-0.01756259	0.73947156
6172455.00000000	-0.03555991	-0.01834821	0.74555136
6169455.00000000	0.01643887	-0.01911078	0.74825574
6166455.00000000	0.06739835	-0.01990820	0.74723996
6163455.00000000	0.11783224	-0.02074768	0.74263058
6160455.00000000	0.16949081	-0.02158066	0.73403268
6157455.00000000	0.22278470	-0.02233392	0.72068384
6154455.00000000	0.27452411	-0.02291327	0.70314130
6151455.00000000	0.32497803	-0.02329822	0.68109375
6148455.00000000	0.37503821	-0.02318481	0.65411005
6145455.00000000	0.42389978	-0.02255771	0.62240540
6142455.00000000	0.47076535	-0.02134634	0.58622455
6139455.00000000	0.51371967	-0.01948706	0.54751196
6136455.00000000	0.55406451	-0.01715744	0.50491122
6133455.00000000	0.59088049	-0.01444037	0.45960968
6130455.00000000	0.62413608	-0.01167072	0.41170166
6127455.00000000	0.65222876	-0.00886102	0.36392740
6124455.00000000	0.67620459	-0.00615216	0.31551187
6121455.00000000	0.69673367	-0.00363867	0.26540558
6118455.00000000	0.71356467	-0.00128860	0.21487762
6115455.00000000	0.72655872	0.00081604	0.16432318
6112455.00000000	0.73594095	0.00261710	0.11483749
6109455.00000000	0.74221933	0.00420181	0.06443335
6106455.00000000	0.74532480	0.00564880	0.01276120
6103455.00000000	0.74494138	0.00689783	-0.03881497
6100455.00000000	0.74137497	0.00801288	-0.08947479
6097455.00000000	0.73434970	0.00900586	-0.13972528
6094455.00000000	0.72319455	0.01006699	-0.19273404
6091455.00000000	0.70817267	0.01115207	-0.24487076
6088455.00000000	0.68909384	0.01222598	-0.29646143
6085455.00000000	0.66638641	0.01331351	-0.34622763
6082455.00000000	0.63870569	0.01449966	-0.39648157
6079455.00000000	0.60699069	0.01567740	-0.44476572
6076455.00000000	0.57178690	0.01673059	-0.48996426
6073455.00000000	0.53324692	0.01780890	-0.53211542
6070455.00000000	0.49210358	0.01869989	-0.57049493
6067455.00000000	0.44700473	0.01955591	-0.60603302
6064455.00000000	0.40089658	0.02010141	-0.63663824
6061455.00000000	0.35350864	0.02045709	-0.66296564
6058455.00000000	0.30553638	0.02039124	-0.68500085
6055455.00000000	0.25447119	0.02010132	-0.70405093
6052455.00000000	0.20375070	0.01983105	-0.71890579
6049455.00000000	0.15403735	0.01937692	-0.73005612
6046455.00000000	0.10338297	0.01893451	-0.73797351
6043455.00000000	0.05171368	0.01842099	-0.74288480
6040455.00000000	-0.00037674	0.01797751	-0.74433514
6037455.00000000	-0.05205411	0.01777869	-0.74259290
6034455.00000000	-0.10401630	0.01750659	-0.73721967
6031455.00000000	-0.15635010	0.01719006	-0.72819611
6028455.00000000	-0.20932654	0.01687689	-0.71496539
6025455.00000000	-0.26153125	0.01671823	-0.69776291
6022455.00000000	-0.31193066	0.01629248	-0.67677307
6019455.00000000	-0.36248981	0.01575992	-0.65086749
6016455.00000000	-0.41191602	0.01506186	-0.62060181
6013455.00000000	-0.45956076	0.01373370	-0.58581052
6010455.00000000	-0.50303705	0.01202588	-0.54889627
6007455.00000000	-0.54459885	0.00982446	-0.50791632
6004455.00000000	-0.58262210	0.00718460	-0.46431613
6001455.00000000	-0.61660019	0.00432849	-0.41874783
5998455.00000000	-0.64627463	0.00134656	-0.37183856
5995455.00000000	-0.67125714	-0.00150348	-0.32518201
5992455.00000000	-0.69311829	-0.00462823	-0.27580185
5989455.00000000	-0.71082516	-0.00760397	-0.22610754
5986455.00000000	-0.72470569	-0.01035809	-0.17653168
5983455.00000000	-0.73475040	-0.01288834	-0.12821332
5980455.00000000	-0.74174680	-0.01529999	-0.07798917
5977455.00000000	-0.74536502	-0.01753806	-0.02640079
5974455.00000000	-0.74550549	-0.01953394	0.02382672
5971455.00000000	-0.74225436	-0.02146243	0.07478983
5968455.00000000	-0.73540515	-0.02338730	0.12636469
5965455.00000000	-0.72449271	-0.02520770	0.17922275
5962455.00000000	-0.70976794	-0.02707086	0.23136005
5959455.00000000	-0.69099591	-0.02910803	0.28313593
5956455.00000000	-0.66790628	-0.03099176	0.33461874
5953455.00000000	-0.64070682	-0.03264957	0.38518774
5950455.00000000	-0.60914105	-0.03404959	0.43475958
5947455.00000000	-0.57426852	-0.03542978	0.48140079
5944455.00000000	-0.53588419	-0.03673062	0.52550708
5941455.00000000	-0.49495169	-0.03746283	0.56598877
5938455.00000000	-0.45114780	-0.03766321	0.60294470
5935455.00000000	-0.40592010	-0.03740689	0.63543222
5932455.00000000	-0.35988669	-0.03664758	0.66304767
5929455.00000000	-0.31199380	-0.03545807	0.68693674
5926455.00000000	-0.26314700	-0.03402960	0.70663455
5923455.00000000	-0.21335492	-0.03238214	0.72252460
5920455.00000000	-0.16518375	-0.03066855	0.73410379
5917455.00000000	-0.11537787	-0.02880536	0.74256754
5914455.00000000	-0.06355139	-0.02702567	0.74765863
5911455.00000000	-0.01129019	-0.02513724	0.74920541
5908455.00000000	0.03967233	-0.02311353	0.74712579
5905455.00000000	0.09081830	-0.02093524	0.74149313
5902455.00000000	0.14389386	-0.01849109	0.73171964
5899455.00000000	0.19710086	-0.01580063	0.71770032
5896455.00000000	0.25015286	-0.01302982	0.69931012
5893455.00000000	0.30161426	-0.00983163	0.67698865
5890455.00000000	0.35420166	-0.00645807	0.64934296
5887455.00000000	0.40586963	-0.00272107	0.61690375
5884455.00000000	0.45445547	0.00111942	0.58134650
5881455.00000000	0.50027368	0.00522574	0.54245810
5878455.00000000	0.54299884	0.00944608	0.50061298
5875455.00000000	0.58383972	0.01391812	0.45454153
5872455.00000000	0.61890228	0.01803140	0.40826465
5869455.00000000	0.64965305	0.02201511	0.36068854
5866455.00000000	0.67575223	0.02576913	0.31264203
5863455.00000000	0.69867944	0.02921121	0.26176331
5860455.00000000	0.71676691	0.03237665	0.21145166
5857455.00000000	0.73057278	0.03528574	0.16207681
5854455.00000000	0.74066171	0.03803989	0.11220148
5851455.00000000	0.74723267	0.04074411	0.06153577
5848455.00000000	0.75022919	0.04352704	0.00972150
5845455.00000000	0.74965292	0.04602100	-0.04089072
5842455.00000000	0.74543301	0.04832303	-0.09202496
5839455.00000000	0.73716806	0.05047678	-0.14466687
5836455.00000000	0.72483658	0.05264523	-0.19742642
5833455.00000000	0.70824356	0.05436465	-0.24975220
5830455.00000000	0.68806671	0.05572839	-0.29997662
5827455.00000000	0.66237268	0.05660675	-0.35177448
5824455.00000000	0.63264160	0.05670175	-0.40146686
5821455.00000000	0.59874304	0.05603351	-0.44908133
5818455.00000000	0.56237170	0.05443750	-0.49294717
5815455.00000000	0.52216171	0.05187173	-0.53462524
5812455.00000000	0.47885437	0.04857257	-0.57331058
5809455.00000000	0.43390625	0.04470688	-0.60771234
5806455.00000000	0.38736420	0.04055606	-0.63775290
5803455.00000000	0.34033029	0.03644641	-0.66346310
5800455.00000000	0.29069354	0.03225928	-0.68594119
5797455.00000000	0.24069403	0.02811743	-0.70423373
5794455.00000000	0.19093314	0.02405435	-0.71859924
5791455.00000000	0.14175702	0.02041165	-0.72930621
5788455.00000000	0.09139523	0.01677023	-0.73684784
5785455.00000000	0.03949612	0.01318817	-0.74120941
5782455.00000000	-0.01099121	0.00983865	-0.74214816
5779455.00000000	-0.06201443	0.00646927	-0.73980832
5776455.00000000	-0.11285797	0.00313434	-0.73390543
5773455.00000000	-0.17993384	-0.00121854	-0.72069864
5770455.00000000	-0.21778595	-0.00356152	-0.71034042
5767455.00000000	-0.26870541	-0.00669208	-0.69258261
5764455.00000000	-0.31868057	-0.01005246	-0.67077460
5761455.00000000	-0.36813327	-0.01359247	-0.64436862
5758455.00000000	-0.41676450	-0.01697049	-0.61305359
5755455.00000000	-0.46148459	-0.02012366	-0.57900812
5752455.00000000	-0.50423453	-0.02305338	-0.54108810
5749455.00000000	-0.54330249	-0.02567401	-0.50053540
5746455.00000000	-0.58005042	-0.02806253	-0.45604413
5743455.00000000	-0.61178210	-0.03003271	-0.41119299
5740455.00000000	-0.63954236	-0.03176025	-0.36500714
5737455.00000000	-0.66377063	-0.03328717	-0.31698929
5734455.00000000	-0.68443399	-0.03468176	-0.26738937
5731455.00000000	-0.70119830	-0.03572220	-0.21745053
5728455.00000000	-0.71390024	-0.03669641	-0.16919397
5725455.00000000	-0.72368210	-0.03758582	-0.11949106
5722455.00000000	-0.73024283	-0.03836792	-0.06901483
5719455.00000000	-0.73359225	-0.03894009	-0.01789401
5716455.00000000	-0.73364456	-0.03951254	0.03247989
5713455.00000000	-0.73052051	-0.03998801	0.08290744
5710455.00000000	-0.72385590	-0.03946951	0.13512451
5707455.00000000	-0.71370825	-0.03978854	0.18703448
5704455.00000000	-0.69987076	-0.04007043	0.23912576
5701455.00000000	-0.68276077	-0.04029697	0.28963809
5698455.00000000	-0.66120401	-0.04031549	0.34134592
5695455.00000000	-0.63535248	-0.04007300	0.39264969
5692455.00000000	-0.60593707	-0.03962418	0.44181528
5689455.00000000	-0.57380447	-0.03901987	0.48778900
5686455.00000000	-0.53803113	-0.03819870	0.53169144
5683455.00000000	-0.49815018	-0.03716638	0.57346341
5680455.00000000	-0.45648660	-0.03591260	0.61053799
5677455.00000000	-0.41299060	-0.03454071	0.64322858
5674455.00000000	-0.36760342	-0.03289343	0.67175232
5671455.00000000	-0.31959537	-0.03103036	0.69667108
5668455.00000000	-0.27088828	-0.02911392	0.71710712
5665455.00000000	-0.22264569	-0.02708307	0.73327283
5662455.00000000	-0.17336099	-0.02498529	0.74590485
5659455.00000000	-0.12289792	-0.02272656	0.75528015
5656455.00000000	-0.07069965	-0.02049570	0.76147815
5653455.00000000	-0.01975894	-0.01816956	0.76420264
5650455.00000000	0.03074939	-0.01575201	0.76360309
5647455.00000000	0.08311313	-0.01290118	0.75974338
5644455.00000000	0.13709857	-0.00973727	0.75196625
5641455.00000000	0.19060611	-0.00622556	0.74043851
5638455.00000000	0.24297296	-0.00230984	0.72506219
5635455.00000000	0.29655255	0.00225894	0.70497498
5632455.00000000	0.35001428	0.00732581	0.68003156
5629455.00000000	0.40240433	0.01255243	0.65028976
5626455.00000000	0.45133774	0.01761810	0.61736084
5623455.00000000	0.49894702	0.02257706	0.57978705
5620455.00000000	0.54421365	0.02714197	0.53788022
5617455.00000000	0.58589462	0.03118301	0.49299438
5614455.00000000	0.62285489	0.03451660	0.44644421
5611455.00000000	0.65520361	0.03720093	0.39893341
5608455.00000000	0.68425110	0.03930597	0.34881830
5605455.00000000	0.70898273	0.04085672	0.29785635
5602455.00000000	0.72916931	0.04193051	0.24735550
5599455.00000000	0.74526160	0.04260623	0.19778168
5596455.00000000	0.75796533	0.04307199	0.14741028
5593455.00000000	0.76738065	0.04340433	0.09555927
5590455.00000000	0.77294522	0.04367465	0.04511642
5587455.00000000	0.77511514	0.04390228	-0.00511096
5584455.00000000	0.77368741	0.04408359	-0.05524677
5581455.00000000	0.76843216	0.04427460	-0.10707217
5578455.00000000	0.75913174	0.04438434	-0.15815732
5575455.00000000	0.74555420	0.04448413	-0.20848776
5572455.00000000	0.72767242	0.04448270	-0.25786954
5569455.00000000	0.70439053	0.04467563	-0.30786353
5566455.00000000	0.67635382	0.04478769	-0.35588489
5563455.00000000	0.64435342	0.04475504	-0.40073810
5560455.00000000	0.60847028	0.04468008	-0.44268417
5557455.00000000	0.56803564	0.04455368	-0.48210440
5554455.00000000	0.52351358	0.04396814	-0.51855530
5551455.00000000	0.47737915	0.04301199	-0.54977966
5548455.00000000	0.43032034	0.04146396	-0.57600125
5545455.00000000	0.38062070	0.03930981	-0.59801038
5542455.00000000	0.33004007	0.03652451	-0.61520004
5539455.00000000	0.27891791	0.03337268	-0.62748840
5536455.00000000	0.22927380	0.02994818	-0.63481607
5533455.00000000	0.17800598	0.02620624	-0.63783691
5530455.00000000	0.12631006	0.02205960	-0.63638742
5527455.00000000	0.07437347	0.01770929	-0.63061185
5524455.00000000	0.02395734	0.01353061	-0.62102560
5521455.00000000	-0.02648297	0.00928537	-0.60788846
5518455.00000000	-0.07929367	0.00492291	-0.59072552
5515455.00000000	-0.13133420	0.00060147	-0.57097961
5512455.00000000	-0.18258563	-0.00353992	-0.54912997
5509455.00000000	-0.23269974	-0.00767645	-0.52591364
5506455.00000000	-0.28324158	-0.01173657	-0.50081787
5503455.00000000	-0.33274258	-0.01593405	-0.47462405
5500455.00000000	-0.37931461	-0.02011191	-0.44801141
5497455.00000000	-0.42383224	-0.02418820	-0.42017023
5494455.00000000	-0.46556506	-0.02833875	-0.39091733
5491455.00000000	-0.50599469	-0.03246173	-0.35863947
5488455.00000000	-0.54186609	-0.03624771	-0.32522363
5485455.00000000	-0.57402972	-0.03949164	-0.28970969
5482455.00000000	-0.60128848	-0.04225006	-0.25350385
5479455.00000000	-0.62457697	-0.04432050	-0.21524664
5476455.00000000	-0.64266827	-0.04544440	-0.17700812
5473455.00000000	-0.65504089	-0.04572128	-0.14079623
5470455.00000000	-0.66224457	-0.04518515	-0.10635513
5467455.00000000	-0.66417917	-0.04402991	-0.07423544
5464455.00000000	-0.66076447	-0.04217538	-0.04438815
5461455.00000000	-0.65219406	-0.04021365	-0.01869089
5458455.00000000	-0.63886783	-0.03840115	0.00402890
5455455.00000000	-0.62070123	-0.03692459	0.02458237
5452455.00000000	-0.59774216	-0.03590540	0.04345523
5449455.00000000	-0.57112830	-0.03544733	0.06081555
5446455.00000000	-0.54265881	-0.03543454	0.07658957
5443455.00000000	-0.51119275	-0.03577185	0.09221655
5440455.00000000	-0.47765100	-0.03623590	0.10759225
5437455.00000000	-0.44271481	-0.03655725	0.12244482
5434455.00000000	-0.40794489	-0.03652209	0.13606067
5431455.00000000	-0.37198682	-0.03601166	0.14854755
5428455.00000000	-0.33409274	-0.03474103	0.15919870
5425455.00000000	-0.29583078	-0.03261670	0.16666266
5422455.00000000	-0.25684488	-0.02989780	0.17101617
5419455.00000000	-0.21858209	-0.02670847	0.17173669
5416455.00000000	-0.17882483	-0.02327692	0.16916290
5413455.00000000	-0.13981812	-0.01994882	0.16373352
5410455.00000000	-0.10243747	-0.01692392	0.15619073
5407455.00000000	-0.06821869	-0.01432233	0.14765173
5404455.00000000	-0.03616855	-0.01211444	0.13840973
5401455.00000000	-0.00606744	-0.01016516	0.12879083
5398455.00000000	0.01969690	-0.00853586	0.11996674
5395455.00000000	0.04260870	-0.00715872	0.11160483
5392455.00000000	0.06237122	-0.00600726	0.10408832
5389455.00000000	0.08071906	-0.00502792	0.09700226
5386455.00000000	0.09685226	-0.00420169	0.09084760
5383455.00000000	0.11140894	-0.00340506	0.08548898
5380455.00000000	0.12498340	-0.00261502	0.08068347
5377455.00000000	0.13810092	-0.00162897	0.07628525
5374455.00000000	0.15037338	-0.00034326	0.07236331
5371455.00000000	0.16105579	0.00123444	0.06891837
5368455.00000000	0.17006863	0.00319455	0.06580164
5365455.00000000	0.17697928	0.00548367	0.06281689
5362455.00000000	0.18108801	0.00796179	0.05987833
5359455.00000000	0.18191458	0.01028229	0.05706079
5356455.00000000	0.17956445	0.01226947	0.05437836
5353455.00000000	0.17410062	0.01377283	0.05152963
5350455.00000000	0.16616837	0.01460727	0.04865958
5347455.00000000	0.15620578	0.01478989	0.04576126
5344455.00000000	0.14577771	0.01440359	0.04309631
5341455.00000000	0.13469070	0.01364920	0.04047949
5338455.00000000	0.12348080	0.01257004	0.03786078
5335455.00000000	0.11274802	0.01141592	0.03537790
5332455.00000000	0.10306635	0.01027567	0.03318048
5329455.00000000	0.09421097	0.00914490	0.03115576
5326455.00000000	0.08581494	0.00807416	0.02921707
5323455.00000000	0.07831738	0.00711472	0.02743002
5320455.00000000	0.07159329	0.00625644	0.02576059
5317455.00000000	0.06577429	0.00553162	0.02430267
5314455.00000000	0.06035815	0.00486383	0.02290283
5311455.00000000	0.05547452	0.00430771	0.02161972
5308455.00000000	0.05115570	0.00377933	0.02043967
5305455.00000000	0.04730167	0.00333838	0.01935156
5302455.00000000	0.04383337	0.00297729	0.01832285
5299455.00000000	0.04055423	0.00263431	0.01736682
5296455.00000000	0.03766284	0.00234811	0.01649112
5293455.00000000	0.03504910	0.00210580	0.01565698
5290455.00000000	0.03275906	0.00187317	0.01489215
5287455.00000000	0.03054083	0.00168649	0.01416156
5284455.00000000	0.02855505	0.00152106	0.01348523
5281455.00000000	0.02677988	0.00136420	0.01286160
5278455.00000000	0.02512442	0.00121573	0.01222772
5275455.00000000	0.02360223	0.00104581	0.01167212
5272455.00000000	0.02215991	0.00093246	0.01110556
