8062992.00000000	0.00445633	-0.00029312	0.01587018
8059992.00000000	0.00464404	-0.00033047	0.01669836
8056992.00000000	0.00484067	-0.00033414	0.01762195
8053992.00000000	0.00496713	-0.00037613	0.01858365
8050992.00000000	0.00517023	-0.00039526	0.01966885
8047992.00000000	0.00535959	-0.00041928	0.02080698
8044992.00000000	0.00553186	-0.00042130	0.02200757
8041992.00000000	0.00578833	-0.00039526	0.02337912
8038992.00000000	0.00597192	-0.00049759	0.02479141
8035992.00000000	0.00625565	-0.00047116	0.02637466
8032992.00000000	0.00651382	-0.00049789	0.02808044
8029992.00000000	0.00678824	-0.00054965	0.02996124
8026992.00000000	0.00711749	-0.00050214	0.03207645
8023992.00000000	0.00743469	-0.00058923	0.03430392
8020992.00000000	0.00777408	-0.00063577	0.03675446
8017992.00000000	0.00806671	-0.00066068	0.03947488
8014992.00000000	0.00838916	-0.00078317	0.04242563
8011992.00000000	0.00874667	-0.00081860	0.04581897
8008992.00000000	0.00911700	-0.00091232	0.04951736
8005992.00000000	0.00948526	-0.00100797	0.05356131
8002992.00000000	0.00983310	-0.00111224	0.05806982
7999992.00000000	0.01025174	-0.00128598	0.06324689
7996992.00000000	0.01062997	-0.00150232	0.06897614
7993992.00000000	0.01103552	-0.00166663	0.07545703
7990992.00000000	0.01145663	-0.00179044	0.08287112
7987992.00000000	0.01182687	-0.00200153	0.09131815
7984992.00000000	0.01214783	-0.00220779	0.10075421
7981992.00000000	0.01246030	-0.00245676	0.11117908
7978992.00000000	0.01280603	-0.00258023	0.12285358
7975992.00000000	0.01323151	-0.00258377	0.13593896
7972992.00000000	0.01364285	-0.00251788	0.14985397
7969992.00000000	0.01418384	-0.00222778	0.16424161
7966992.00000000	0.01486261	-0.00172205	0.17831482
7963992.00000000	0.01590286	-0.00089587	0.19173145
7960992.00000000	0.01728250	0.00009573	0.20300415
7957992.00000000	0.01919089	0.00115231	0.21090305
7954992.00000000	0.02181219	0.00209784	0.21486127
7951992.00000000	0.02510184	0.00272275	0.21468323
7948992.00000000	0.02921262	0.00286041	0.21032974
7945992.00000000	0.03395865	0.00238943	0.20248672
7942992.00000000	0.03938651	0.00137381	0.19230664
7939992.00000000	0.04559357	-0.00022717	0.18031332
7936992.00000000	0.05255005	-0.00228616	0.16707999
7933992.00000000	0.06011411	-0.00474973	0.15336130
7930992.00000000	0.06847873	-0.00753992	0.13882346
7927992.00000000	0.07746014	-0.01048502	0.12368768
7924992.00000000	0.08770020	-0.01350903	0.10657703
7921992.00000000	0.09891965	-0.01643390	0.08744382
7918992.00000000	0.11112103	-0.01890002	0.06566718
7915992.00000000	0.12426590	-0.02066742	0.04094501
7912992.00000000	0.13855057	-0.02167200	0.01220657
7909992.00000000	0.15344675	-0.02158258	-0.02047723
7906992.00000000	0.16816812	-0.02015750	-0.05559979
7903992.00000000	0.18216843	-0.01740631	-0.09284689
7900992.00000000	0.19510373	-0.01347366	-0.13214886
7897992.00000000	0.20579355	-0.00932639	-0.17299210
7894992.00000000	0.21323663	-0.00535468	-0.21313541
7891992.00000000	0.21730722	-0.00202795	-0.25196735
7888992.00000000	0.21820273	0.00039044	-0.28967419
7885992.00000000	0.21606543	0.00149478	-0.32615057
7882992.00000000	0.21140414	0.00110104	-0.36064371
7879992.00000000	0.20499161	-0.00066196	-0.39290942
7876992.00000000	0.19715057	-0.00343106	-0.42443610
7873992.00000000	0.18859756	-0.00675302	-0.45539343
7870992.00000000	0.17990976	-0.01013376	-0.48543027
7867992.00000000	0.17011475	-0.01339139	-0.51404019
7864992.00000000	0.15936133	-0.01598969	-0.54113632
7861992.00000000	0.14657721	-0.01782687	-0.56700009
7858992.00000000	0.13176355	-0.01857343	-0.59054050
7855992.00000000	0.11397217	-0.01835913	-0.61095920
7852992.00000000	0.09297202	-0.01717847	-0.62797552
7849992.00000000	0.06791458	-0.01529996	-0.64151746
7846992.00000000	0.03807516	-0.01270547	-0.65150424
7843992.00000000	0.00545569	-0.00979474	-0.65735892
7840992.00000000	-0.02964734	-0.00652069	-0.65893710
7837992.00000000	-0.06708875	-0.00309375	-0.65627176
7834992.00000000	-0.10722592	0.00073633	-0.64915234
7831992.00000000	-0.14791293	0.00453815	-0.63724298
7828992.00000000	-0.18769656	0.00810480	-0.62090430
7825992.00000000	-0.22652350	0.01146521	-0.60025406
7822992.00000000	-0.26528494	0.01464188	-0.57448062
7819992.00000000	-0.30327875	0.01756955	-0.54378162
7816992.00000000	-0.33860547	0.01986188	-0.51039859
7813992.00000000	-0.37296927	0.02157370	-0.47377820
7810992.00000000	-0.40700385	0.02272028	-0.43383356
7807992.00000000	-0.44119070	0.02294690	-0.39053638
7804992.00000000	-0.47420358	0.02197385	-0.34623026
7801992.00000000	-0.50602463	0.02059515	-0.30131567
7798992.00000000	-0.53711725	0.01864566	-0.25464670
7795992.00000000	-0.56670084	0.01633005	-0.20662531
7792992.00000000	-0.59314386	0.01401776	-0.15873849
7789992.00000000	-0.61611118	0.01175659	-0.11146960
7786992.00000000	-0.63571310	0.00985217	-0.06342813
7783992.00000000	-0.65166190	0.00851898	-0.01384097
7780992.00000000	-0.66311026	0.00752545	0.03579523
7777992.00000000	-0.67001425	0.00701505	0.08561169
7774992.00000000	-0.67233670	0.00686108	0.13561945
7771992.00000000	-0.66989398	0.00690265	0.18761761
7768992.00000000	-0.66228479	0.00713324	0.24001074
7765992.00000000	-0.64986163	0.00739078	0.29113092
7762992.00000000	-0.63244067	0.00756073	0.34156021
7759992.00000000	-0.60971094	0.00759991	0.39192679
7756992.00000000	-0.58190076	0.00731085	0.44114905
7753992.00000000	-0.55010568	0.00661087	0.48728778
7750992.00000000	-0.51493594	0.00564117	0.52983179
7747992.00000000	-0.47611194	0.00437613	0.56938297
7744992.00000000	-0.43292490	0.00289151	0.60656885
7741992.00000000	-0.38867831	0.00130453	0.63849988
7738992.00000000	-0.34348495	-0.00018930	0.66599258
7735992.00000000	-0.29707758	-0.00141064	0.68948996
7732992.00000000	-0.24762421	-0.00251099	0.70999014
7729992.00000000	-0.19804306	-0.00341913	0.72647073
7726992.00000000	-0.14906085	-0.00423904	0.73895731
7723992.00000000	-0.09975208	-0.00497269	0.74830783
7720992.00000000	-0.04874146	-0.00552609	0.75463882
7717992.00000000	0.00271429	-0.00601407	0.75776938
7714992.00000000	0.05377936	-0.00658301	0.75762250
7711992.00000000	0.10491653	-0.00728568	0.75414020
7708992.00000000	0.15781659	-0.00812708	0.74709695
7705992.00000000	0.21167319	-0.00918903	0.73581891
7702992.00000000	0.26419962	-0.01036069	0.72057700
7699992.00000000	0.31515619	-0.01164331	0.70120255
7696992.00000000	0.36613831	-0.01297495	0.67689438
7693992.00000000	0.41701175	-0.01435464	0.64710016
7690992.00000000	0.46473401	-0.01563293	0.61321136
7687992.00000000	0.50880408	-0.01661966	0.57599454
7684992.00000000	0.55010660	-0.01735220	0.53515927
7681992.00000000	0.58913828	-0.01791992	0.48976529
7678992.00000000	0.62389429	-0.01803064	0.44225015
7675992.00000000	0.65399869	-0.01771988	0.39381598
7672992.00000000	0.67989917	-0.01724081	0.34460498
7669992.00000000	0.70246313	-0.01662921	0.29306439
7666992.00000000	0.72102673	-0.01597659	0.24085229
7663992.00000000	0.73532828	-0.01537164	0.18999667
7660992.00000000	0.74601779	-0.01492010	0.13948138
7657992.00000000	0.75348392	-0.01451562	0.08787512
7654992.00000000	0.75763242	-0.01429376	0.03458200
7651992.00000000	0.75814819	-0.01415485	-0.01666840
7648992.00000000	0.75539642	-0.01394772	-0.06693243
7645992.00000000	0.74887601	-0.01380560	-0.11949017
7642992.00000000	0.73811923	-0.01374091	-0.17310074
7639992.00000000	0.72336096	-0.01325345	-0.22548218
7636992.00000000	0.70462695	-0.01280536	-0.27677637
7633992.00000000	0.68134296	-0.01203448	-0.32778394
7630992.00000000	0.65289954	-0.01111395	-0.37885428
7627992.00000000	0.61980219	-0.00993942	-0.42834790
7624992.00000000	0.58419128	-0.00851636	-0.47339383
7621992.00000000	0.54481979	-0.00702826	-0.51606519
7618992.00000000	0.50179672	-0.00556445	-0.55594257
7615992.00000000	0.45543414	-0.00409381	-0.59262036
7612992.00000000	0.40826715	-0.00260239	-0.62436981
7609992.00000000	0.36018271	-0.00137488	-0.65164075
7606992.00000000	0.31035349	-0.00014285	-0.67509378
7603992.00000000	0.25856650	0.00099643	-0.69513712
7600992.00000000	0.20729269	0.00202933	-0.71084061
7597992.00000000	0.15663440	0.00253528	-0.72285162
7594992.00000000	0.10550125	0.00303729	-0.73165717
7591992.00000000	0.05307874	0.00360529	-0.73712701
7588992.00000000	0.00091870	0.00417416	-0.73930865
7585992.00000000	-0.05053278	0.00501236	-0.73811694
7582992.00000000	-0.10199258	0.00591882	-0.73365262
7579992.00000000	-0.15424078	0.00716177	-0.72545828
7576992.00000000	-0.20675299	0.00866199	-0.71326767
7573992.00000000	-0.25766089	0.01039926	-0.69738757
7570992.00000000	-0.30715292	0.01230624	-0.67774915
7567992.00000000	-0.35645520	0.01444345	-0.65343893
7564992.00000000	-0.40509070	0.01677985	-0.62452368
7561992.00000000	-0.45033710	0.01889951	-0.59236914
7558992.00000000	-0.49281857	0.02103595	-0.55715042
7555992.00000000	-0.53271707	0.02298669	-0.51845346
7552992.00000000	-0.57063898	0.02439825	-0.47576721
7549992.00000000	-0.60431952	0.02574420	-0.43132370
7546992.00000000	-0.63339740	0.02679343	-0.38637997
7543992.00000000	-0.65877795	0.02756232	-0.33979651
7540992.00000000	-0.68081259	0.02841971	-0.29114340
7537992.00000000	-0.69883536	0.02870648	-0.24223605
7534992.00000000	-0.71296765	0.02898013	-0.19370267
7531992.00000000	-0.72358652	0.02931747	-0.14495786
7528992.00000000	-0.73113162	0.02959836	-0.09467877
7525992.00000000	-0.73526944	0.03010818	-0.04339359
7522992.00000000	-0.73599182	0.03069800	0.00703949
7519992.00000000	-0.73347989	0.03125574	0.05761334
7516992.00000000	-0.72729858	0.03174149	0.11029456
7513992.00000000	-0.71733533	0.03206168	0.16412341
7510992.00000000	-0.70357916	0.03206451	0.21747293
7507992.00000000	-0.68632657	0.03153589	0.26974146
7504992.00000000	-0.66467966	0.03060272	0.32260071
7501992.00000000	-0.63822479	0.02898618	0.37604913
7498992.00000000	-0.60836935	0.02660599	0.42689636
7495992.00000000	-0.57537527	0.02391342	0.47488617
7492992.00000000	-0.53882904	0.02060776	0.52028033
7489992.00000000	-0.49815930	0.01688037	0.56348093
7486992.00000000	-0.45475262	0.01310593	0.60248575
7483992.00000000	-0.41007312	0.00950241	0.63611765
7480992.00000000	-0.36446671	0.00626590	0.66478128
7477992.00000000	-0.31691919	0.00315082	0.68942273
7474992.00000000	-0.26751410	0.00058505	0.70999890
7471992.00000000	-0.21850482	-0.00156830	0.72586880
7468992.00000000	-0.16935431	-0.00345184	0.73809583
7465992.00000000	-0.11878699	-0.00523447	0.74681839
7462992.00000000	-0.06698047	-0.00696646	0.75204739
7459992.00000000	-0.01637509	-0.00854105	0.75357928
7456992.00000000	0.03426419	-0.01014148	0.75168668
7453992.00000000	0.08560498	-0.01219229	0.74604935
7450992.00000000	0.13858118	-0.01457748	0.73620950
7447992.00000000	0.19098801	-0.01722885	0.72223917
7444992.00000000	0.24257993	-0.02015787	0.70415176
7441992.00000000	0.29381830	-0.02321466	0.68151627
7438992.00000000	0.34578799	-0.02617676	0.65361246
7435992.00000000	0.39650549	-0.02910153	0.62110110
7432992.00000000	0.44395334	-0.03185553	0.58548520
7429992.00000000	0.48853723	-0.03383090	0.54678854
7426992.00000000	0.53121964	-0.03577365	0.50420520
7423992.00000000	0.57122885	-0.03718796	0.45783826
7420992.00000000	0.60637320	-0.03808609	0.41085425
7417992.00000000	0.63670911	-0.03855246	0.36348825
7414992.00000000	0.66372516	-0.03864920	0.31380124
7411992.00000000	0.68711417	-0.03840549	0.26248880
7408992.00000000	0.70600217	-0.03792938	0.21176520
7405992.00000000	0.72070328	-0.03755505	0.16183804
7402992.00000000	0.73204678	-0.03706247	0.11150076
7399992.00000000	0.73995422	-0.03679388	0.06001282
7396992.00000000	0.74423779	-0.03673413	0.00870850
7393992.00000000	0.74503549	-0.03678796	-0.04197659
7390992.00000000	0.74229398	-0.03694235	-0.09291022
7387992.00000000	0.73553027	-0.03727567	-0.14561169
7384992.00000000	0.72458893	-0.03740344	-0.19866840
7381992.00000000	0.70946613	-0.03766739	-0.25088425
7378992.00000000	0.69028305	-0.03755045	-0.30196875
7375992.00000000	0.66608670	-0.03722211	-0.35372516
7372992.00000000	0.63668301	-0.03654367	-0.40517667
7369992.00000000	0.60354163	-0.03518713	-0.45362680
7366992.00000000	0.56704123	-0.03361459	-0.49914230
7363992.00000000	0.52651096	-0.03132343	-0.54254147
7360992.00000000	0.48149496	-0.02821964	-0.58353076
7357992.00000000	0.43527240	-0.02467914	-0.61950888
7354992.00000000	0.38844263	-0.02100818	-0.65040250
7351992.00000000	0.34002087	-0.01706421	-0.67730679
7348992.00000000	0.28856522	-0.01276947	-0.70071707
7345992.00000000	0.23735538	-0.00896646	-0.71961923
7342992.00000000	0.18716766	-0.00557721	-0.73417566
7339992.00000000	0.13683847	-0.00241699	-0.74530682
7336992.00000000	0.08514249	0.00066650	-0.75322980
7333992.00000000	0.03283505	0.00351752	-0.75788840
7330992.00000000	-0.01767535	0.00639340	-0.75901682
7327992.00000000	-0.06818512	0.00938287	-0.75692297
7324992.00000000	-0.12007111	0.01274557	-0.75140237
7321992.00000000	-0.17270642	0.01659625	-0.74167569
7318992.00000000	-0.22386652	0.02062842	-0.72810013
7315992.00000000	-0.27379187	0.02459915	-0.71047549
7312992.00000000	-0.32392108	0.02883231	-0.68787503
7309992.00000000	-0.37385425	0.03282166	-0.65964078
7306992.00000000	-0.42147440	0.03644962	-0.62730188
7303992.00000000	-0.46561176	0.03947821	-0.59160013
7300992.00000000	-0.50788770	0.04177826	-0.55167377
7297992.00000000	-0.54788174	0.04357956	-0.50753540
7294992.00000000	-0.58421347	0.04476712	-0.46083557
7291992.00000000	-0.61628171	0.04524933	-0.41289651
7288992.00000000	-0.64416663	0.04530515	-0.36429709
7285992.00000000	-0.66918402	0.04502063	-0.31278772
7282992.00000000	-0.69016351	0.04447540	-0.26063303
7279992.00000000	-0.70672098	0.04393005	-0.21024951
7276992.00000000	-0.71986749	0.04328555	-0.15977298
7273992.00000000	-0.72993750	0.04278067	-0.10796619
7270992.00000000	-0.73656290	0.04254343	-0.05591537
7267992.00000000	-0.73985226	0.04246756	-0.00416663
7264992.00000000	-0.73976190	0.04255228	0.04675452
7261992.00000000	-0.73646588	0.04271140	0.09811139
7258992.00000000	-0.72916031	0.04284634	0.15153976
7255992.00000000	-0.71818085	0.04259915	0.20437302
7252992.00000000	-0.70340579	0.04200705	0.25594943
7249992.00000000	-0.68443536	0.04072949	0.30743796
7246992.00000000	-0.66058176	0.03867953	0.35931900
7243992.00000000	-0.63203424	0.03590109	0.40994550
7240992.00000000	-0.59984073	0.03240750	0.45760278
7237992.00000000	-0.56432220	0.02818149	0.50210892
7234992.00000000	-0.52475241	0.02341544	0.54414590
7231992.00000000	-0.48131711	0.01819586	0.58343634
7228992.00000000	-0.43616959	0.01299149	0.61778635
7225992.00000000	-0.39012418	0.00820959	0.64746655
7222992.00000000	-0.34199615	0.00369397	0.67328943
7219992.00000000	-0.29156058	-0.00037607	0.69541455
7216992.00000000	-0.24155826	-0.00379480	0.71293817
7213992.00000000	-0.19177216	-0.00670557	0.72655231
7210992.00000000	-0.14152991	-0.00918845	0.73690875
7207992.00000000	-0.08999738	-0.01149390	0.74374097
7204992.00000000	-0.03824475	-0.01357361	0.74749319
7201992.00000000	0.01254269	-0.01567621	0.74801227
7198992.00000000	0.06328470	-0.01776315	0.74530246
7195992.00000000	0.11582907	-0.02013998	0.73911722
7192992.00000000	0.16869904	-0.02280231	0.72912973
7189992.00000000	0.22043018	-0.02556290	0.71565802
7186992.00000000	0.27093124	-0.02841626	0.69844687
7183992.00000000	0.32239938	-0.03146967	0.67660275
7180992.00000000	0.37380051	-0.03454620	0.64993195
7177992.00000000	0.42214636	-0.03744257	0.61971115
7174992.00000000	0.46770773	-0.04002066	0.58599792
7171992.00000000	0.51148492	-0.04235410	0.54817877
7168992.00000000	0.55319214	-0.04426883	0.50585455
7165992.00000000	0.59034637	-0.04564584	0.46165045
7162992.00000000	0.62282709	-0.04644812	0.41603857
7159992.00000000	0.65162939	-0.04663818	0.36856857
7156992.00000000	0.67685510	-0.04652939	0.31850577
7153992.00000000	0.69767831	-0.04587616	0.26824457
7150992.00000000	0.71395251	-0.04522226	0.21906039
7147992.00000000	0.72664862	-0.04451135	0.16961169
7144992.00000000	0.73605902	-0.04381137	0.11843411
7141992.00000000	0.74200266	-0.04331567	0.06642856
7138992.00000000	0.74431268	-0.04292389	0.01624115
7135992.00000000	0.74334604	-0.04264047	-0.03398828
7132992.00000000	0.73892081	-0.04226657	-0.08627499
7129992.00000000	0.73055750	-0.04179474	-0.13986392
7126992.00000000	0.71848047	-0.04102142	-0.19277145
7123992.00000000	0.70245456	-0.03991537	-0.24498056
7120992.00000000	0.68210907	-0.03835461	-0.29767670
7117992.00000000	0.65685696	-0.03610837	-0.35077631
7114992.00000000	0.62736279	-0.03332553	-0.40238760
7111992.00000000	0.59446082	-0.03013306	-0.45087070
7108992.00000000	0.55832822	-0.02651700	-0.49647504
7105992.00000000	0.51784381	-0.02271826	-0.54013843
7102992.00000000	0.47432245	-0.01877026	-0.58018890
7099992.00000000	0.42941498	-0.01503928	-0.61532547
7096992.00000000	0.38334119	-0.01134573	-0.64589749
7093992.00000000	0.33459091	-0.00789191	-0.67298694
7090992.00000000	0.28476373	-0.00472510	-0.69560336
7087992.00000000	0.23524283	-0.00199576	-0.71361652
7084992.00000000	0.18601422	0.00034845	-0.72785153
7081992.00000000	0.13590622	0.00240991	-0.73849170
7078992.00000000	0.08432123	0.00437061	-0.74584348
7075992.00000000	0.03337900	0.00626083	-0.74980197
7072992.00000000	-0.01690564	0.00817917	-0.75040268
7069992.00000000	-0.06754074	0.01042194	-0.74775476
7066992.00000000	-0.11975537	0.01308939	-0.74129984
7063992.00000000	-0.17219269	0.01640103	-0.73098279
7060992.00000000	-0.22350555	0.01999359	-0.71685785
7057992.00000000	-0.27419623	0.02395544	-0.69860867
7054992.00000000	-0.32562485	0.02830652	-0.67509448
7051992.00000000	-0.37636917	0.03289987	-0.64677448
7048992.00000000	-0.42423709	0.03721350	-0.61473114
7045992.00000000	-0.46925644	0.04124484	-0.57930777
7042992.00000000	-0.51212381	0.04479367	-0.53995297
7039992.00000000	-0.55249103	0.04769070	-0.49688849
7036992.00000000	-0.58854080	0.04975577	-0.45211716
7033992.00000000	-0.61996112	0.05084561	-0.40676425
7030992.00000000	-0.64771597	0.05132788	-0.35970636
7027992.00000000	-0.67231372	0.05124677	-0.31014755
7024992.00000000	-0.69244495	0.05073196	-0.26074149
7021992.00000000	-0.70841556	0.04990280	-0.21211423
7018992.00000000	-0.72090930	0.04896649	-0.16319623
7015992.00000000	-0.73015485	0.04805188	-0.11295831
7012992.00000000	-0.73614255	0.04715775	-0.06213910
7009992.00000000	-0.73870792	0.04635959	-0.01185629
7006992.00000000	-0.73801852	0.04557559	0.03859204
7003992.00000000	-0.73395456	0.04486847	0.09073401
7000992.00000000	-0.72611874	0.04401920	0.14433441
6997992.00000000	-0.71474533	0.04286850	0.19699670
6994992.00000000	-0.69968399	0.04141525	0.24921680
6991992.00000000	-0.68028882	0.03928137	0.30253973
6988992.00000000	-0.65576288	0.03640652	0.35723184
6985992.00000000	-0.62776733	0.03298581	0.40925034
6982992.00000000	-0.59634076	0.02879382	0.45862808
6979992.00000000	-0.56099564	0.02391171	0.50611945
6976992.00000000	-0.52143430	0.01844989	0.55120859
6973992.00000000	-0.47991031	0.01282880	0.59114969
6970992.00000000	-0.43691940	0.00757620	0.62612891
6967992.00000000	-0.39200653	0.00274554	0.65660599
6964992.00000000	-0.34447256	-0.00163184	0.68303537
6961992.00000000	-0.29559256	-0.00520728	0.70515771
6958992.00000000	-0.24765823	-0.00810904	0.72245746
6955992.00000000	-0.19903616	-0.01026529	0.73600464
6952992.00000000	-0.14903113	-0.01201443	0.74626364
6949992.00000000	-0.09780893	-0.01352289	0.75318484
6946992.00000000	-0.04767108	-0.01506686	0.75652921
6943992.00000000	0.00281009	-0.01669214	0.75654538
6940992.00000000	0.05448032	-0.01856863	0.75310529
6937992.00000000	0.10707773	-0.02070810	0.74588348
6934992.00000000	0.15935504	-0.02317764	0.73472113
6931992.00000000	0.21095361	-0.02589539	0.71964783
6928992.00000000	0.26265002	-0.02888687	0.70017706
6925992.00000000	0.31493500	-0.03194382	0.67587509
6922992.00000000	0.36654773	-0.03490762	0.64670337
6919992.00000000	0.41464627	-0.03742990	0.61461371
6916992.00000000	0.46152029	-0.03955640	0.57833606
6913992.00000000	0.50584238	-0.04109482	0.53847638
6910992.00000000	0.54807355	-0.04009067	0.49415924
6907992.00000000	0.58527029	-0.04014291	0.44940259
6904992.00000000	0.61801892	-0.04016022	0.40377209
6901992.00000000	0.64759708	-0.03975769	0.35574359
6898992.00000000	0.67344989	-0.03908868	0.30566177
6895992.00000000	0.69461673	-0.03797678	0.25596545
6892992.00000000	0.71161334	-0.03695651	0.20658136
6889992.00000000	0.72506403	-0.03597476	0.15628305
6886992.00000000	0.73516742	-0.03522925	0.10430319
6883992.00000000	0.74137677	-0.03462238	0.05337149
6880992.00000000	0.74421213	-0.03413239	0.00285019
6877992.00000000	0.74361508	-0.03380353	-0.04789392
6874992.00000000	0.73940427	-0.03348038	-0.10032532
6871992.00000000	0.73145508	-0.03319150	-0.15280350
6868992.00000000	0.71965280	-0.03280048	-0.20500665
6865992.00000000	0.70407846	-0.03185748	-0.25666901
6862992.00000000	0.68375562	-0.03026935	-0.30919522
6859992.00000000	0.65852258	-0.02863351	-0.36176654
6856992.00000000	0.62979892	-0.02657077	-0.41121283
6853992.00000000	0.59714368	-0.02416574	-0.45879358
6850992.00000000	0.56060455	-0.02129312	-0.50363354
6847992.00000000	0.51959128	-0.01793762	-0.54640350
6844992.00000000	0.47647174	-0.01444452	-0.58466702
6841992.00000000	0.43169080	-0.01090918	-0.61818423
6838992.00000000	0.38442978	-0.00737137	-0.64796237
6835992.00000000	0.33511713	-0.00388541	-0.67375131
6832992.00000000	0.28558289	-0.00066104	-0.69497501
6829992.00000000	0.23599991	0.00211969	-0.71198422
6826992.00000000	0.18615381	0.00481125	-0.72528082
6823992.00000000	0.13532816	0.00729483	-0.73541208
6820992.00000000	0.08393301	0.00958130	-0.74212299
6817992.00000000	0.03323077	0.01202225	-0.74569296
6814992.00000000	-0.01775839	0.01446399	-0.74605518
6811992.00000000	-0.07026617	0.01706992	-0.74310736
6808992.00000000	-0.12316800	0.01983234	-0.73648669
6805992.00000000	-0.17505704	0.02280035	-0.72640350
6802992.00000000	-0.22671478	0.02593552	-0.71244952
6799992.00000000	-0.27801755	0.02922372	-0.69415213
6796992.00000000	-0.32964355	0.03253751	-0.67119507
6793992.00000000	-0.37940298	0.03544562	-0.64420105
6790992.00000000	-0.42741470	0.03791684	-0.61296021
6787992.00000000	-0.47340213	0.03972299	-0.57788062
6784992.00000000	-0.51780695	0.04086618	-0.53847784
6781992.00000000	-0.55863031	0.04124899	-0.49625122
6778992.00000000	-0.59528314	0.04092010	-0.45209158
6775992.00000000	-0.62805453	0.04011575	-0.40580029
6772992.00000000	-0.65729874	0.03881696	-0.35731708
6769992.00000000	-0.68214807	0.03725250	-0.30769196
6766992.00000000	-0.70235544	0.03547943	-0.25862604
6763992.00000000	-0.71881287	0.03386569	-0.20846262
6760992.00000000	-0.73160071	0.03231522	-0.15745346
6757992.00000000	-0.74076886	0.03096823	-0.10586545
6754992.00000000	-0.74621692	0.02988391	-0.05543845
6751992.00000000	-0.74819226	0.02909073	-0.00454733
6748992.00000000	-0.74669650	0.02843927	0.04697125
6745992.00000000	-0.74152286	0.02780383	0.09990631
6742992.00000000	-0.73257071	0.02718317	0.15289380
6739992.00000000	-0.71971185	0.02642780	0.20560980
6736992.00000000	-0.70275693	0.02530475	0.25835352
6733992.00000000	-0.68136118	0.02372055	0.31152594
6730992.00000000	-0.65578641	0.02173569	0.36344156
6727992.00000000	-0.62628156	0.01926199	0.41357214
6724992.00000000	-0.59305896	0.01630984	0.46135562
6721992.00000000	-0.55557523	0.01290140	0.50749731
6718992.00000000	-0.51514694	0.00929321	0.55013568
6715992.00000000	-0.47296948	0.00549860	0.58811496
6712992.00000000	-0.42925992	0.00178088	0.62164151
6709992.00000000	-0.38330972	-0.00174030	0.65135794
6706992.00000000	-0.33563739	-0.00507153	0.67686029
6703992.00000000	-0.28782529	-0.00796039	0.69777243
6700992.00000000	-0.23975330	-0.01047717	0.71455750
6697992.00000000	-0.19109232	-0.01266608	0.72766281
6694992.00000000	-0.14111853	-0.01455219	0.73732269
6691992.00000000	-0.09180930	-0.01638647	0.74336066
6688992.00000000	-0.04223947	-0.01804956	0.74618530
6685992.00000000	0.00804041	-0.01982797	0.74578961
6682992.00000000	0.05943823	-0.02161636	0.74199722
6679992.00000000	0.11128201	-0.02349759	0.73440787
6676992.00000000	0.16262827	-0.02553500	0.72326544
6673992.00000000	0.21463516	-0.02754807	0.70803375
6670992.00000000	0.26721512	-0.02947430	0.68843719
6667992.00000000	0.32005475	-0.03122842	0.66439151
6664992.00000000	0.37131805	-0.03248642	0.63654950
6661992.00000000	0.42099112	-0.03356750	0.60507864
6658992.00000000	0.46921835	-0.03412097	0.56960333
6655992.00000000	0.51555618	-0.03417767	0.53027682
6652992.00000000	0.55767938	-0.03373077	0.48873395
6649992.00000000	0.59533536	-0.03279837	0.44552777
6646992.00000000	0.62930435	-0.03166043	0.39996097
6643992.00000000	0.65909247	-0.03036780	0.35223822
6640992.00000000	0.68368011	-0.02898721	0.30481296
6637992.00000000	0.70372336	-0.02773236	0.25770389
6634992.00000000	0.72023370	-0.02662683	0.20877570
6631992.00000000	0.73313379	-0.02552722	0.15865063
6628992.00000000	0.74208423	-0.02471771	0.10859683
6625992.00000000	0.74742328	-0.02403702	0.05871826
6622992.00000000	0.74923126	-0.02346130	0.00837744
6619992.00000000	0.74734805	-0.02293350	-0.04302652
6616992.00000000	0.74158182	-0.02233878	-0.09474911
6613992.00000000	0.73184769	-0.02156415	-0.14635062
6610992.00000000	0.71802991	-0.02048969	-0.19783386
6607992.00000000	0.69963705	-0.01901102	-0.24999655
6604992.00000000	0.67617523	-0.01704010	-0.30286127
6601992.00000000	0.64838562	-0.01455484	-0.35415598
6598992.00000000	0.61633008	-0.01155905	-0.40391257
6595992.00000000	0.58020291	-0.00808453	-0.45162241
6592992.00000000	0.53943597	-0.00428531	-0.49768976
6589992.00000000	0.49620901	-0.00035837	-0.53975644
6586992.00000000	0.45110178	0.00343906	-0.57745703
6583992.00000000	0.40456281	0.00713245	-0.61095230
6580992.00000000	0.35556235	0.01060843	-0.64092981
6577992.00000000	0.30544662	0.01358795	-0.66677600
6574992.00000000	0.25555368	0.01605603	-0.68808911
6571992.00000000	0.20509534	0.01806741	-0.70565942
6568992.00000000	0.15362006	0.01990033	-0.71996042
6565992.00000000	0.10157657	0.02138879	-0.73074872
6562992.00000000	0.05108813	0.02271170	-0.73807071
6559992.00000000	0.00027692	0.02392807	-0.74221780
6556992.00000000	-0.05151971	0.02522855	-0.74315292
6553992.00000000	-0.10429337	0.02650699	-0.74085086
6550992.00000000	-0.15658679	0.02788464	-0.73491406
6547992.00000000	-0.20848795	0.02921152	-0.72545609
6544992.00000000	-0.26081519	0.03028223	-0.71174258
6541992.00000000	-0.31351001	0.03125253	-0.69359610
6538992.00000000	-0.36406824	0.03174033	-0.67125021
6535992.00000000	-0.41178403	0.03155338	-0.64537317
6532992.00000000	-0.45753159	0.03086224	-0.61547418
6529992.00000000	-0.50195789	0.02961081	-0.58099597
6526992.00000000	-0.54356546	0.02783752	-0.54252472
6523992.00000000	-0.58055237	0.02568997	-0.50194598
6520992.00000000	-0.61379608	0.02346033	-0.45890421
6517992.00000000	-0.64338440	0.02116150	-0.41301648
6514992.00000000	-0.66906848	0.01887161	-0.36546167
6511992.00000000	-0.69035739	0.01681271	-0.31756244
6508992.00000000	-0.70778995	0.01497406	-0.26908670
6505992.00000000	-0.72194696	0.01333621	-0.21946899
6502992.00000000	-0.73275632	0.01188095	-0.16856992
6499992.00000000	-0.74004742	0.01073608	-0.11823407
6496992.00000000	-0.74397522	0.00983966	-0.06834702
6493992.00000000	-0.74485327	0.00902618	-0.01766223
6490992.00000000	-0.74237598	0.00831735	0.03464484
6487992.00000000	-0.73642105	0.00754797	0.08659048
6484992.00000000	-0.72688174	0.00682117	0.13861789
6481992.00000000	-0.71348401	0.00590631	0.19120563
6478992.00000000	-0.69599741	0.00467081	0.24460550
6475992.00000000	-0.67407928	0.00322980	0.29801959
6472992.00000000	-0.64864990	0.00136697	0.34953632
6469992.00000000	-0.61931909	-0.00063635	0.39990430
6466992.00000000	-0.58575745	-0.00280466	0.44898636
6463992.00000000	-0.54861469	-0.00514032	0.49579678
6460992.00000000	-0.50870825	-0.00752722	0.53911023
6457992.00000000	-0.46691397	-0.00984302	0.57794156
6454992.00000000	-0.42256906	-0.01208948	0.61315604
6451992.00000000	-0.37584482	-0.01408212	0.64439117
6448992.00000000	-0.32823364	-0.01578110	0.67079715
6445992.00000000	-0.28039597	-0.01721301	0.69251236
6442992.00000000	-0.23161325	-0.01835214	0.71021204
6439992.00000000	-0.18138535	-0.01916010	0.72436670
6436992.00000000	-0.13111890	-0.01988507	0.73472256
6433992.00000000	-0.08124207	-0.02048822	0.74153094
6430992.00000000	-0.03107825	-0.02101401	0.74485748
6427992.00000000	0.02062308	-0.02155511	0.74509232
6424992.00000000	0.07297131	-0.02215283	0.74179361
6421992.00000000	0.12485532	-0.02285229	0.73486136
6418992.00000000	0.17655701	-0.02358932	0.72436844
6415992.00000000	0.22877795	-0.02444147	0.70979123
6412992.00000000	0.28191083	-0.02513617	0.69050256
6409992.00000000	0.33358917	-0.02568658	0.66710159
6406992.00000000	0.38402710	-0.02607892	0.63973471
6403992.00000000	0.43320859	-0.02635272	0.60794919
6400992.00000000	0.48099521	-0.02628482	0.57158688
6397992.00000000	0.52513297	-0.02577338	0.53262259
6394992.00000000	0.56477933	-0.02496262	0.49177225
6391992.00000000	0.60139648	-0.02368796	0.44825650
6388992.00000000	0.63458975	-0.02206180	0.40179996
6385992.00000000	0.66354559	-0.02027936	0.35373285
6382992.00000000	0.68729623	-0.01842987	0.30606177
6379992.00000000	0.70699097	-0.01656854	0.25794571
6376992.00000000	0.72290640	-0.01467969	0.20871994
6373992.00000000	0.73507840	-0.01280643	0.15857587
6370992.00000000	0.74322974	-0.01114075	0.10962631
6367992.00000000	0.74792487	-0.00957703	0.06079703
6364992.00000000	0.74925153	-0.00797495	0.01067831
6361992.00000000	0.74679822	-0.00651514	-0.04075351
6358992.00000000	0.74059177	-0.00496994	-0.09167392
6355992.00000000	0.73067770	-0.00339417	-0.14184860
6352992.00000000	0.71651886	-0.00169940	-0.19279456
6349992.00000000	0.69764685	0.00021674	-0.24464044
6346992.00000000	0.67451196	0.00213388	-0.29571341
6343992.00000000	0.64742041	0.00407822	-0.34519174
6340992.00000000	0.61618500	0.00596832	-0.39354587
6337992.00000000	0.58026163	0.00778699	-0.44121829
6334992.00000000	0.54078622	0.00947397	-0.48652762
6331992.00000000	0.49952521	0.01117261	-0.52766577
6328992.00000000	0.45682736	0.01281067	-0.56489581
6325992.00000000	0.41044949	0.01434454	-0.59972476
6322992.00000000	0.36246091	0.01565228	-0.63087659
6319992.00000000	0.31464569	0.01701175	-0.65701514
6316992.00000000	0.26619540	0.01792972	-0.67936758
6313992.00000000	0.21702197	0.01874109	-0.69796967
6310992.00000000	0.16588312	0.01946097	-0.71343161
6307992.00000000	0.11588217	0.02002957	-0.72509985
6304992.00000000	0.06627582	0.02043393	-0.73326846
6301992.00000000	0.01602774	0.02080099	-0.73828641
6298992.00000000	-0.03606647	0.02123535	-0.74026730
6295992.00000000	-0.08694800	0.02160373	-0.73864493
6292992.00000000	-0.13659409	0.02197861	-0.73391214
6289992.00000000	-0.18721292	0.02242889	-0.72556696
6286992.00000000	-0.23952966	0.02301031	-0.71275415
6283992.00000000	-0.29152795	0.02336261	-0.69557388
6280992.00000000	-0.34211331	0.02354761	-0.67457355
6277992.00000000	-0.39094269	0.02362930	-0.64920685
6274992.00000000	-0.43905389	0.02327805	-0.61901990
6271992.00000000	-0.48453677	0.02257428	-0.58509158
6268992.00000000	-0.52699188	0.02141974	-0.54777200
6265992.00000000	-0.56549243	0.01989679	-0.50786377
6262992.00000000	-0.60084634	0.01793613	-0.46491217
6259992.00000000	-0.63277762	0.01555646	-0.41904962
6256992.00000000	-0.66024234	0.01294485	-0.37212946
6253992.00000000	-0.68277106	0.01037271	-0.32502908
6250992.00000000	-0.70144785	0.00777609	-0.27733633
6247992.00000000	-0.71670886	0.00511737	-0.22836447
6244992.00000000	-0.72833279	0.00258853	-0.17875571
6241992.00000000	-0.73630472	0.00030515	-0.12949832
6238992.00000000	-0.74095294	-0.00200699	-0.07982675
6235992.00000000	-0.74209363	-0.00412518	-0.02875443
6232992.00000000	-0.73977856	-0.00618250	0.02303076
6229992.00000000	-0.73383228	-0.00808905	0.07424911
6226992.00000000	-0.72422626	-0.00990268	0.12542590
6223992.00000000	-0.71067743	-0.01185794	0.17755777
6220992.00000000	-0.69225735	-0.01358719	0.23153448
6217992.00000000	-0.66985141	-0.01513937	0.28438458
6214992.00000000	-0.64375012	-0.01645282	0.33558017
6211992.00000000	-0.61368979	-0.01748383	0.38586307
6208992.00000000	-0.57864233	-0.01827521	0.43618115
6205992.00000000	-0.54072162	-0.01869272	0.48327890
6202992.00000000	-0.50062405	-0.01906534	0.52660760
6199992.00000000	-0.45830569	-0.01940369	0.56633893
6196992.00000000	-0.41263620	-0.01972000	0.60321201
6193992.00000000	-0.36496283	-0.02000327	0.63601901
6190992.00000000	-0.31745273	-0.02029434	0.66348148
6187992.00000000	-0.26963458	-0.02034827	0.68660876
6184992.00000000	-0.21984882	-0.02044220	0.70618500
6181992.00000000	-0.16922775	-0.02042807	0.72200583
6178992.00000000	-0.11911475	-0.02039896	0.73377020
6175992.00000000	-0.06965829	-0.02046066	0.74196185
6172992.00000000	-0.01928629	-0.02051559	0.74672101
6169992.00000000	0.03242633	-0.02059714	0.74803497
6166992.00000000	0.08406985	-0.02089093	0.74590530
6163992.00000000	0.13463507	-0.02114304	0.73983405
6160992.00000000	0.18608316	-0.02140656	0.72984995
6157992.00000000	0.23852829	-0.02154016	0.71513766
6154992.00000000	0.29045090	-0.02167358	0.69603760
6151992.00000000	0.34090530	-0.02154462	0.67267209
6148992.00000000	0.38977191	-0.02114975	0.64455621
6145992.00000000	0.43815643	-0.02018289	0.61155301
6142992.00000000	0.48404285	-0.01890289	0.57418478
6139992.00000000	0.52650494	-0.01708649	0.53396664
6136992.00000000	0.56520428	-0.01497928	0.49102417
6133992.00000000	0.60102795	-0.01248837	0.44491144
6130992.00000000	0.63278751	-0.01008261	0.39650906
6127992.00000000	0.65989697	-0.00745645	0.34803946
6124992.00000000	0.68254147	-0.00506708	0.29924826
6121992.00000000	0.70168451	-0.00282901	0.24961151
6118992.00000000	0.71731113	-0.00066095	0.19857590
6115992.00000000	0.72910312	0.00136563	0.14823419
6112992.00000000	0.73740866	0.00303714	0.09809143
6109992.00000000	0.74243945	0.00459695	0.04774817
6106992.00000000	0.74426849	0.00603311	-0.00378552
6103992.00000000	0.74279550	0.00743460	-0.05549484
6100992.00000000	0.73783630	0.00876358	-0.10643402
6097992.00000000	0.72949744	0.01011151	-0.15746149
6094992.00000000	0.71730695	0.01163388	-0.20903909
6091992.00000000	0.70046725	0.01319006	-0.26231787
6088992.00000000	0.68000897	0.01474417	-0.31375955
6085992.00000000	0.65572357	0.01639005	-0.36354700
6082992.00000000	0.62689569	0.01799829	-0.41265137
6079992.00000000	0.59370132	0.01938455	-0.46035461
6076992.00000000	0.55728030	0.02082010	-0.50477313
6073992.00000000	0.51793359	0.02188065	-0.54559512
6070992.00000000	0.47552057	0.02276846	-0.58301935
6067992.00000000	0.42989319	0.02334381	-0.61710614
6064992.00000000	0.38276767	0.02373065	-0.64663892
6061992.00000000	0.33516107	0.02374060	-0.67151578
6058992.00000000	0.28649780	0.02321347	-0.69262384
6055992.00000000	0.23617090	0.02240860	-0.71004572
6052992.00000000	0.18543005	0.02152817	-0.72385489
6049992.00000000	0.13561722	0.02061716	-0.73388660
6046992.00000000	0.08520279	0.01959702	-0.74075784
6043992.00000000	0.03349619	0.01856641	-0.74460510
6040992.00000000	-0.01860358	0.01781866	-0.74493167
6037992.00000000	-0.07075708	0.01703162	-0.74211923
6034992.00000000	-0.12157529	0.01634119	-0.73573404
6031992.00000000	-0.17313135	0.01554538	-0.72568610
6028992.00000000	-0.22617520	0.01487054	-0.71129327
6025992.00000000	-0.27821075	0.01418152	-0.69283978
6022992.00000000	-0.32855753	0.01355661	-0.67021646
6019992.00000000	-0.37831882	0.01280865	-0.64325516
6016992.00000000	-0.42697998	0.01222198	-0.61164938
6013992.00000000	-0.47403793	0.01052301	-0.57596310
6010992.00000000	-0.51706241	0.00898926	-0.53768060
6007992.00000000	-0.55682611	0.00717673	-0.49648141
6004992.00000000	-0.59389459	0.00485934	-0.45210547
6001992.00000000	-0.62685660	0.00247427	-0.40561243
5998992.00000000	-0.65493417	0.00019870	-0.35878036
5995992.00000000	-0.67886414	-0.00227316	-0.31142368
5992992.00000000	-0.69945029	-0.00492291	-0.26222092
5989992.00000000	-0.71627664	-0.00748965	-0.21194205
5986992.00000000	-0.72884558	-0.00977490	-0.16214862
5983992.00000000	-0.73786374	-0.01189963	-0.11380759
5980992.00000000	-0.74384549	-0.01396533	-0.06382407
5977992.00000000	-0.74638068	-0.01578854	-0.01272128
5974992.00000000	-0.74549530	-0.01753455	0.03863324
5971992.00000000	-0.74119897	-0.01912170	0.08936014
5968992.00000000	-0.73319205	-0.02074191	0.14084781
5965992.00000000	-0.72116592	-0.02235770	0.19352084
5962992.00000000	-0.70511102	-0.02414200	0.24613934
5959992.00000000	-0.68529391	-0.02584073	0.29733633
5956992.00000000	-0.66140414	-0.02772952	0.34787665
5953992.00000000	-0.63291043	-0.02942130	0.39838730
5950992.00000000	-0.60019104	-0.03113708	0.44744324
5947992.00000000	-0.56423148	-0.03262280	0.49355377
5944992.00000000	-0.52495975	-0.03383408	0.53682599
5941992.00000000	-0.48302042	-0.03464291	0.57661511
5938992.00000000	-0.43890176	-0.03495334	0.61229498
5935992.00000000	-0.39298691	-0.03486966	0.64362369
5932992.00000000	-0.34663593	-0.03427036	0.67015439
5929992.00000000	-0.29871570	-0.03323837	0.69275507
5926992.00000000	-0.24885461	-0.03196313	0.71159708
5923992.00000000	-0.19916943	-0.03026669	0.72625305
5920992.00000000	-0.15051355	-0.02846484	0.73704007
5917992.00000000	-0.10122766	-0.02677960	0.74441708
5914992.00000000	-0.04858243	-0.02494843	0.74867487
5911992.00000000	0.00317130	-0.02308759	0.74908942
5908992.00000000	0.05452060	-0.02111826	0.74598398
5905992.00000000	0.10588147	-0.01917404	0.73930652
5902992.00000000	0.15870807	-0.01702322	0.72853912
5899992.00000000	0.21256412	-0.01474530	0.71310934
5896992.00000000	0.26562460	-0.01224695	0.69352634
5893992.00000000	0.31731918	-0.00961273	0.66973029
5890992.00000000	0.36867065	-0.00694073	0.64118173
5887992.00000000	0.41960825	-0.00401962	0.60787778
5884992.00000000	0.46806479	-0.00100793	0.57082977
5881992.00000000	0.51282581	0.00237076	0.53120425
5878992.00000000	0.55518213	0.00595673	0.48805371
5875992.00000000	0.59447134	0.00900641	0.44160010
5872992.00000000	0.62894739	0.01238617	0.39406055
5869992.00000000	0.65814523	0.01588977	0.34636243
5866992.00000000	0.68342606	0.01908838	0.29734677
5863992.00000000	0.70479013	0.02197379	0.24700006
5860992.00000000	0.72173303	0.02452264	0.19647717
5857992.00000000	0.73447433	0.02705215	0.14647363
5854992.00000000	0.74346121	0.02970703	0.09680917
5851992.00000000	0.74900467	0.03203290	0.04584503
5848992.00000000	0.75092966	0.03444885	-0.00598953
5845992.00000000	0.74917664	0.03681439	-0.05724594
5842992.00000000	0.74392532	0.03828561	-0.10798624
5839992.00000000	0.73474472	0.04023795	-0.15987335
5836992.00000000	0.72118457	0.04243930	-0.21294449
5833992.00000000	0.70358246	0.04437900	-0.26484573
5830992.00000000	0.68162103	0.04590967	-0.31603381
5827992.00000000	0.65528012	0.04715814	-0.36623669
5824992.00000000	0.62414648	0.04772354	-0.41589697
5821992.00000000	0.58959778	0.04734525	-0.46236426
5818992.00000000	0.55200775	0.04606378	-0.50550665
5815992.00000000	0.51128601	0.04456351	-0.54597769
5812992.00000000	0.46729980	0.04290036	-0.58338504
5809992.00000000	0.42124573	0.04069809	-0.61692761
5806992.00000000	0.37439389	0.03802094	-0.64579288
5803992.00000000	0.32647128	0.03535147	-0.67057217
5800992.00000000	0.27724673	0.03236783	-0.69148877
5797992.00000000	0.22644971	0.02930566	-0.70890805
5794992.00000000	0.17675870	0.02632156	-0.72210925
5791992.00000000	0.12738370	0.02357880	-0.73175931
5788992.00000000	0.07693408	0.02077820	-0.73821561
5785992.00000000	0.02565918	0.01795337	-0.74137936
5782992.00000000	-0.02561426	0.01525085	-0.74146381
5779992.00000000	-0.07631506	0.01254895	-0.73803339
5776992.00000000	-0.12804004	0.00967233	-0.73081088
5773992.00000000	-0.18069611	0.00659021	-0.71992657
5770992.00000000	-0.23260141	0.00344513	-0.70494809
5767992.00000000	-0.28351904	0.00021902	-0.68598611
5764992.00000000	-0.33343930	-0.00321060	-0.66289658
5761992.00000000	-0.38281778	-0.00680511	-0.63507294
5758992.00000000	-0.43044199	-0.01047803	-0.60281247
5755992.00000000	-0.47499484	-0.01407962	-0.56736490
5752992.00000000	-0.51602606	-0.01766235	-0.52929443
5749992.00000000	-0.55463712	-0.02110577	-0.48752271
5746992.00000000	-0.58977448	-0.02441489	-0.44312671
5743992.00000000	-0.62070432	-0.02737347	-0.39715204
5740992.00000000	-0.64732623	-0.02988272	-0.35028629
5737992.00000000	-0.67048795	-0.03233563	-0.30185648
5734992.00000000	-0.69010721	-0.03454852	-0.25191360
5731992.00000000	-0.70554416	-0.03626263	-0.20243716
5728992.00000000	-0.71724762	-0.03780545	-0.15391214
5725992.00000000	-0.72591745	-0.03910968	-0.10457544
5722992.00000000	-0.73149133	-0.04034512	-0.05324106
5719992.00000000	-0.73382129	-0.04156256	-0.00230798
5716992.00000000	-0.73278775	-0.04257187	0.04856421
5713992.00000000	-0.72853448	-0.04340701	0.09915146
5710992.00000000	-0.72085019	-0.04434464	0.15068207
5707992.00000000	-0.70943790	-0.04508362	0.20311020
5704992.00000000	-0.69465933	-0.04553458	0.25427536
5701992.00000000	-0.67611942	-0.04575119	0.30512814
5698992.00000000	-0.65362512	-0.04574896	0.35580627
5695992.00000000	-0.62667627	-0.04509332	0.40656003
5692992.00000000	-0.59620087	-0.04422675	0.45509012
5689992.00000000	-0.56279123	-0.04307626	0.50069366
5686992.00000000	-0.52565909	-0.04156140	0.54408008
5683992.00000000	-0.48499698	-0.03963644	0.58455783
5680992.00000000	-0.44179398	-0.03737552	0.62102438
5677992.00000000	-0.39763486	-0.03507333	0.65244302
5674992.00000000	-0.35148151	-0.03247989	0.67990457
5671992.00000000	-0.30363330	-0.02983371	0.70328903
5668992.00000000	-0.25423560	-0.02704614	0.72265100
5665992.00000000	-0.20492245	-0.02425647	0.73795789
5662992.00000000	-0.15601892	-0.02168051	0.74942776
5659992.00000000	-0.10520151	-0.01895276	0.75780496
5656992.00000000	-0.05329993	-0.01613480	0.76286099
5653992.00000000	-0.00180563	-0.01342160	0.76445844
5650992.00000000	0.04910934	-0.01045230	0.76297797
5647992.00000000	0.10177390	-0.00712119	0.75807419
5644992.00000000	0.15577328	-0.00345288	0.74909695
5641992.00000000	0.20916809	0.00057718	0.73633813
5638992.00000000	0.26183621	0.00503366	0.71958524
5635992.00000000	0.31457745	0.00999692	0.69820837
5632992.00000000	0.36765857	0.01545978	0.67186249
5629992.00000000	0.41921857	0.02094275	0.64076764
5626992.00000000	0.46795865	0.02629617	0.60601425
5623992.00000000	0.51403693	0.03129971	0.56750537
5620992.00000000	0.55833047	0.03599307	0.52430502
5617992.00000000	0.59889285	0.03997986	0.47813904
5614992.00000000	0.63454822	0.04313763	0.43087939
5611992.00000000	0.66577588	0.04558820	0.38242978
5608992.00000000	0.69315521	0.04731180	0.33228278
5605992.00000000	0.71660831	0.04845026	0.28095056
5602992.00000000	0.73546603	0.04920880	0.23050247
5599992.00000000	0.75032849	0.04950342	0.18097717
5596992.00000000	0.76198779	0.04966037	0.13042215
5593992.00000000	0.77015036	0.04960492	0.07884598
5590992.00000000	0.77467554	0.04951138	0.02788467
5587992.00000000	0.77572437	0.04931424	-0.02213815
5584992.00000000	0.77320248	0.04905295	-0.07247391
5581992.00000000	0.76671249	0.04876105	-0.12394125
5578992.00000000	0.75609982	0.04824344	-0.17509863
5575992.00000000	0.74121808	0.04761456	-0.22536133
5572992.00000000	0.72189380	0.04687051	-0.27463290
5569992.00000000	0.69735623	0.04614511	-0.32372128
5566992.00000000	0.66786826	0.04528076	-0.37118716
5563992.00000000	0.63411810	0.04440344	-0.41575867
5560992.00000000	0.59698962	0.04352319	-0.45658432
5557992.00000000	0.55539890	0.04261853	-0.49483127
5554992.00000000	0.51026810	0.04148810	-0.52944662
5551992.00000000	0.46311713	0.04009442	-0.55941449
5548992.00000000	0.41511871	0.03823978	-0.58426547
5545992.00000000	0.36552835	0.03597134	-0.60448550
5542992.00000000	0.31398395	0.03322937	-0.62035248
5539992.00000000	0.26273755	0.03013965	-0.63120096
5536992.00000000	0.21222360	0.02682996	-0.63704565
5533992.00000000	0.16155255	0.02328253	-0.63857559
5530992.00000000	0.10977658	0.01947891	-0.63576480
5527992.00000000	0.05762637	0.01551886	-0.62866379
5524992.00000000	0.00648416	0.01159967	-0.61770612
5521992.00000000	-0.04446902	0.00760657	-0.60333566
5518992.00000000	-0.09663733	0.00363144	-0.58526202
5515992.00000000	-0.14924582	-0.00037839	-0.56435623
5512992.00000000	-0.20037796	-0.00431879	-0.54160263
5509992.00000000	-0.25034875	-0.00815707	-0.51775116
5506992.00000000	-0.29937012	-0.01208734	-0.49265631
5503992.00000000	-0.34843369	-0.01623059	-0.46585693
5500992.00000000	-0.39483310	-0.02029446	-0.43832812
5497992.00000000	-0.43800604	-0.02422961	-0.41010489
5494992.00000000	-0.47942725	-0.02823328	-0.37977576
5491992.00000000	-0.51853714	-0.03218008	-0.34680118
5488992.00000000	-0.55371545	-0.03572836	-0.31216837
5485992.00000000	-0.58397485	-0.03878049	-0.27666800
5482992.00000000	-0.60995102	-0.04122861	-0.23976334
5479992.00000000	-0.63157455	-0.04300653	-0.20140518
5476992.00000000	-0.64799808	-0.04405051	-0.16336172
5473992.00000000	-0.65878430	-0.04427301	-0.12724606
5470992.00000000	-0.66427509	-0.04373798	-0.09376309
5467992.00000000	-0.66467023	-0.04257291	-0.06209689
5464992.00000000	-0.65956952	-0.04091812	-0.03335501
5461992.00000000	-0.64937796	-0.03916113	-0.00825729
5458992.00000000	-0.63473395	-0.03761377	0.01347659
5455992.00000000	-0.61538855	-0.03645834	0.03328262
5452992.00000000	-0.59110800	-0.03559750	0.05156775
5449992.00000000	-0.56367444	-0.03534265	0.06830997
5446992.00000000	-0.53430484	-0.03539584	0.08376361
5443992.00000000	-0.50253183	-0.03578043	0.09892813
5440992.00000000	-0.46830243	-0.03620386	0.11418158
5437992.00000000	-0.43336664	-0.03644431	0.12856061
5434992.00000000	-0.39805133	-0.03635922	0.14178793
5431992.00000000	-0.36207736	-0.03582108	0.15362601
5428992.00000000	-0.32414035	-0.03447467	0.16309610
5425992.00000000	-0.28500754	-0.03239328	0.16971616
5422992.00000000	-0.24629898	-0.02977878	0.17289343
5419992.00000000	-0.20749930	-0.02675912	0.17263626
5416992.00000000	-0.16807791	-0.02353818	0.16905261
5413992.00000000	-0.12916687	-0.02034344	0.16278055
5410992.00000000	-0.09272852	-0.01752783	0.15474255
5407992.00000000	-0.05910937	-0.01503937	0.14579358
5404992.00000000	-0.02770572	-0.01288599	0.13631693
5401992.00000000	0.00104233	-0.01094391	0.12682095
5398992.00000000	0.02651022	-0.00930673	0.11773761
5395992.00000000	0.04859583	-0.00789978	0.10947537
5392992.00000000	0.06811136	-0.00669629	0.10184390
5389992.00000000	0.08567746	-0.00570117	0.09484299
5386992.00000000	0.10159766	-0.00480350	0.08859570
5383992.00000000	0.11595782	-0.00398380	0.08308347
5380992.00000000	0.12922214	-0.00306714	0.07827774
5377992.00000000	0.14213892	-0.00191583	0.07384299
5374992.00000000	0.15409097	-0.00050507	0.06983783
5371992.00000000	0.16462247	0.00127197	0.06627637
5368992.00000000	0.17306757	0.00331320	0.06300766
5365992.00000000	0.17931592	0.00570685	0.05998999
5362992.00000000	0.18261136	0.00824002	0.05702756
5359992.00000000	0.18262747	0.01059113	0.05427744
5356992.00000000	0.17950375	0.01249448	0.05156833
5353992.00000000	0.17348926	0.01386292	0.04885007
5350992.00000000	0.16492389	0.01456589	0.04608670
5347992.00000000	0.15486081	0.01461581	0.04342303
5344992.00000000	0.14392453	0.01417654	0.04083496
5341992.00000000	0.13283350	0.01328842	0.03829895
5338992.00000000	0.12168439	0.01219296	0.03589749
5335992.00000000	0.11107245	0.01104092	0.03367230
5332992.00000000	0.10141995	0.00982831	0.03157870
5329992.00000000	0.09270358	0.00876166	0.02973026
5326992.00000000	0.08461450	0.00774094	0.02795596
5323992.00000000	0.07715945	0.00679843	0.02624332
5320992.00000000	0.07061258	0.00594580	0.02470328
5317992.00000000	0.06483258	0.00523697	0.02331235
5314992.00000000	0.05962592	0.00457849	0.02201477
5311992.00000000	0.05485245	0.00405618	0.02076987
5308992.00000000	0.05055792	0.00355304	0.01960349
5305992.00000000	0.04680618	0.00314926	0.01855597
5302992.00000000	0.04336038	0.00279883	0.01756088
5299992.00000000	0.04019635	0.00247565	0.01663904
5296992.00000000	0.03730145	0.00222220	0.01580093
5293992.00000000	0.03479053	0.00200705	0.01507776
5290992.00000000	0.03248779	0.00179581	0.01438251
5287992.00000000	0.03029944	0.00158185	0.01377554
5284992.00000000	0.02824512	0.00141238	0.01316516
5281992.00000000	0.02646735	0.00126077	0.01257806
5278992.00000000	0.02486481	0.00112277	0.01197614
5275992.00000000	0.02333786	0.00097565	0.01142731
5272992.00000000	0.02192511	0.00087088	0.01087717
5269992.00000000	0.02063815	0.00074777	0.01038535
