8062992.00000000	0.00438947	0.00058411	0.01590335
8059992.00000000	0.00452899	0.00059885	0.01670935
8056992.00000000	0.00470743	0.00057361	0.01757776
8053992.00000000	0.00486502	0.00064487	0.01855310
8050992.00000000	0.00503412	0.00069534	0.01963071
8047992.00000000	0.00522195	0.00076917	0.02072101
8044992.00000000	0.00540533	0.00084927	0.02190506
8041992.00000000	0.00562573	0.00093207	0.02321243
8038992.00000000	0.00584009	0.00102432	0.02466669
8035992.00000000	0.00610202	0.00112323	0.02621683
8032992.00000000	0.00636664	0.00124893	0.02788504
8029992.00000000	0.00661746	0.00135510	0.02967120
8026992.00000000	0.00689801	0.00147043	0.03169485
8023992.00000000	0.00718228	0.00157361	0.03386792
8020992.00000000	0.00750650	0.00175345	0.03624377
8017992.00000000	0.00785211	0.00194321	0.03880963
8014992.00000000	0.00813513	0.00210901	0.04163254
8011992.00000000	0.00842032	0.00227002	0.04467310
8008992.00000000	0.00876135	0.00253781	0.04807840
8005992.00000000	0.00913492	0.00278381	0.05177591
8002992.00000000	0.00948746	0.00305762	0.05578220
7999992.00000000	0.00989377	0.00338330	0.06035516
7996992.00000000	0.01030685	0.00372186	0.06532184
7993992.00000000	0.01072479	0.00412592	0.07076562
7990992.00000000	0.01115302	0.00451511	0.07670065
7987992.00000000	0.01162305	0.00499500	0.08338199
7984992.00000000	0.01204861	0.00548499	0.09051636
7981992.00000000	0.01254874	0.00592801	0.09811063
7978992.00000000	0.01309378	0.00638190	0.10623737
7975992.00000000	0.01378540	0.00674487	0.11466531
7972992.00000000	0.01460507	0.00698291	0.12314526
7969992.00000000	0.01563034	0.00699698	0.13140955
7966992.00000000	0.01686349	0.00676855	0.13905237
7963992.00000000	0.01834637	0.00624780	0.14563522
7960992.00000000	0.02023511	0.00525418	0.15070746
7957992.00000000	0.02255753	0.00398218	0.15382877
7954992.00000000	0.02528961	0.00239816	0.15472299
7951992.00000000	0.02858954	0.00055865	0.15332071
7948992.00000000	0.03237991	-0.00138876	0.14964069
7945992.00000000	0.03682526	-0.00349466	0.14376083
7942992.00000000	0.04173679	-0.00557996	0.13624377
7939992.00000000	0.04718909	-0.00782874	0.12703049
7936992.00000000	0.05325104	-0.01005679	0.11638510
7933992.00000000	0.05987161	-0.01242142	0.10450546
7930992.00000000	0.06718964	-0.01490173	0.09139536
7927992.00000000	0.07492801	-0.01751093	0.07706897
7924992.00000000	0.08364630	-0.02028595	0.06069391
7921992.00000000	0.09280353	-0.02298309	0.04251883
7918992.00000000	0.10256274	-0.02541919	0.02235638
7915992.00000000	0.11246979	-0.02741577	0.00068713
7912992.00000000	0.12297318	-0.02883023	-0.02399438
7909992.00000000	0.13353381	-0.02950195	-0.05087811
7906992.00000000	0.14353787	-0.02927390	-0.07913675
7903992.00000000	0.15276657	-0.02814404	-0.10860413
7900992.00000000	0.16070276	-0.02642453	-0.13914365
7897992.00000000	0.16722629	-0.02403003	-0.17089420
7894992.00000000	0.17175760	-0.02143793	-0.20178094
7891992.00000000	0.17432361	-0.01884091	-0.23245694
7888992.00000000	0.17480185	-0.01657993	-0.26245108
7885992.00000000	0.17340662	-0.01479199	-0.29221710
7882992.00000000	0.17038129	-0.01372989	-0.32118304
7879992.00000000	0.16602695	-0.01329865	-0.34893622
7876992.00000000	0.16029218	-0.01349515	-0.37613541
7873992.00000000	0.15329556	-0.01411279	-0.40276459
7870992.00000000	0.14516220	-0.01490057	-0.42877719
7867992.00000000	0.13570038	-0.01573196	-0.45323077
7864992.00000000	0.12479248	-0.01628873	-0.47609604
7861992.00000000	0.11182721	-0.01647394	-0.49741672
7858992.00000000	0.09656961	-0.01608807	-0.51646350
7855992.00000000	0.07865216	-0.01518005	-0.53305600
7852992.00000000	0.05836105	-0.01376270	-0.54621750
7849992.00000000	0.03459360	-0.01185052	-0.55653204
7846992.00000000	0.00816412	-0.00957379	-0.56344543
7843992.00000000	-0.02090369	-0.00690921	-0.56679504
7840992.00000000	-0.05185583	-0.00407117	-0.56652942
7837992.00000000	-0.08481097	-0.00109500	-0.56238275
7834992.00000000	-0.11885941	0.00206262	-0.55426367
7831992.00000000	-0.15311237	0.00519595	-0.54234167
7828992.00000000	-0.18736365	0.00826410	-0.52648254
7825992.00000000	-0.22039935	0.01124530	-0.50723386
7822992.00000000	-0.25400415	0.01418262	-0.48351688
7819992.00000000	-0.28645502	0.01681372	-0.45656152
7816992.00000000	-0.31737973	0.01908032	-0.42697156
7813992.00000000	-0.34747049	0.02093533	-0.39479089
7810992.00000000	-0.37688333	0.02223145	-0.35997641
7807992.00000000	-0.40612320	0.02294730	-0.32239554
7804992.00000000	-0.43375720	0.02308490	-0.28400116
7801992.00000000	-0.46005341	0.02267535	-0.24432458
7798992.00000000	-0.48486676	0.02192551	-0.20382516
7795992.00000000	-0.50814941	0.02064255	-0.16188672
7792992.00000000	-0.52870334	0.01953262	-0.12011295
7789992.00000000	-0.54650800	0.01855899	-0.07787546
7786992.00000000	-0.56146802	0.01778949	-0.03477350
7783992.00000000	-0.57294788	0.01726590	0.00896219
7780992.00000000	-0.58091229	0.01711313	0.05383340
7777992.00000000	-0.58489853	0.01722272	0.09779138
7774992.00000000	-0.58493341	0.01764816	0.14306549
7771992.00000000	-0.58081024	0.01828320	0.18848904
7768992.00000000	-0.57231778	0.01907996	0.23465170
7765992.00000000	-0.55984323	0.01980093	0.27920712
7762992.00000000	-0.54317368	0.02049249	0.32336740
7759992.00000000	-0.52211841	0.02103296	0.36689386
7756992.00000000	-0.49713287	0.02130151	0.40906430
7753992.00000000	-0.46876346	0.02118295	0.44885605
7750992.00000000	-0.43758188	0.02064014	0.48567587
7747992.00000000	-0.40300491	0.01963162	0.52040759
7744992.00000000	-0.36542249	0.01825577	0.55247098
7741992.00000000	-0.32577429	0.01657867	0.58108664
7738992.00000000	-0.28479706	0.01480945	0.60615305
7735992.00000000	-0.24314908	0.01296506	0.62756161
7732992.00000000	-0.19863754	0.01102988	0.64640552
7729992.00000000	-0.15448535	0.00913626	0.66173669
7726992.00000000	-0.10966724	0.00729977	0.67391388
7723992.00000000	-0.06502542	0.00549750	0.68310071
7720992.00000000	-0.01817123	0.00372879	0.68968835
7717992.00000000	0.02964890	0.00196939	0.69343478
7714992.00000000	0.07644037	0.00007031	0.69418738
7711992.00000000	0.12397617	-0.00202151	0.69201355
7708992.00000000	0.17238345	-0.00440521	0.68653168
7705992.00000000	0.22234866	-0.00715015	0.67746490
7702992.00000000	0.27087466	-0.01011166	0.66489609
7699992.00000000	0.31839395	-0.01318292	0.64866190
7696992.00000000	0.36510947	-0.01634888	0.62851517
7693992.00000000	0.41213913	-0.01969421	0.60339441
7690992.00000000	0.45774515	-0.02289365	0.57371127
7687992.00000000	0.49972968	-0.02571057	0.54097250
7684992.00000000	0.53968027	-0.02812347	0.50377615
7681992.00000000	0.57682654	-0.02995914	0.46294296
7678992.00000000	0.61092664	-0.03096689	0.41837378
7675992.00000000	0.64025418	-0.03125467	0.37257117
7672992.00000000	0.66586325	-0.03113428	0.32509131
7669992.00000000	0.68773843	-0.03057468	0.27571692
7666992.00000000	0.70602463	-0.02988181	0.22502005
7663992.00000000	0.72031821	-0.02925366	0.17432532
7660992.00000000	0.73086203	-0.02861786	0.12460562
7657992.00000000	0.73827469	-0.02805618	0.07247498
7654992.00000000	0.74208112	-0.02766965	0.02032642
7651992.00000000	0.74244711	-0.02726193	-0.03212628
7648992.00000000	0.73933038	-0.02696796	-0.08354700
7645992.00000000	0.73234445	-0.02657437	-0.13661136
7642992.00000000	0.72100131	-0.02604962	-0.19112076
7639992.00000000	0.70582654	-0.02529657	-0.24397055
7636992.00000000	0.68616418	-0.02414072	-0.29674915
7633992.00000000	0.66248874	-0.02268665	-0.34765796
7630992.00000000	0.63338913	-0.02078177	-0.39905344
7627992.00000000	0.60066626	-0.01856271	-0.44718579
7624992.00000000	0.56416376	-0.01623901	-0.49238086
7621992.00000000	0.52482993	-0.01381552	-0.53397678
7618992.00000000	0.48206274	-0.01139200	-0.57229178
7615992.00000000	0.43542767	-0.00872797	-0.60767453
7612992.00000000	0.38913574	-0.00668039	-0.63734583
7609992.00000000	0.34095895	-0.00488120	-0.66331451
7606992.00000000	0.29177573	-0.00292551	-0.68507367
7603992.00000000	0.23990768	-0.00112064	-0.70371689
7600992.00000000	0.18882373	0.00014160	-0.71814041
7597992.00000000	0.13807352	0.00110516	-0.72915985
7594992.00000000	0.08705298	0.00205231	-0.73667651
7591992.00000000	0.03579611	0.00315674	-0.74105444
7588992.00000000	-0.01645172	0.00427438	-0.74221805
7585992.00000000	-0.06781174	0.00545181	-0.74015256
7582992.00000000	-0.11919122	0.00692184	-0.73480994
7579992.00000000	-0.17106204	0.00865057	-0.72583926
7576992.00000000	-0.22365573	0.01063266	-0.71267355
7573992.00000000	-0.27392407	0.01278799	-0.69595264
7570992.00000000	-0.32283060	0.01525006	-0.67552295
7567992.00000000	-0.37188730	0.01789078	-0.65017581
7564992.00000000	-0.41995459	0.02061377	-0.62025403
7561992.00000000	-0.46566089	0.02346176	-0.58637210
7558992.00000000	-0.50667572	0.02579184	-0.55085184
7555992.00000000	-0.54623801	0.02792679	-0.51073773
7552992.00000000	-0.58337277	0.02971310	-0.46675327
7549992.00000000	-0.61617139	0.03126526	-0.42108438
7546992.00000000	-0.64430295	0.03221402	-0.37483304
7543992.00000000	-0.66839478	0.03323944	-0.32754831
7540992.00000000	-0.68937808	0.03394186	-0.27798535
7537992.00000000	-0.70642529	0.03413025	-0.22829977
7534992.00000000	-0.71975366	0.03431351	-0.17840170
7531992.00000000	-0.72959964	0.03445468	-0.12887711
7528992.00000000	-0.73625067	0.03446710	-0.07806339
7525992.00000000	-0.73973773	0.03463858	-0.02574948
7522992.00000000	-0.73976419	0.03486829	0.02554797
7519992.00000000	-0.73644696	0.03504218	0.07768771
7516992.00000000	-0.72968127	0.03490921	0.13023990
7513992.00000000	-0.71860727	0.03451035	0.18573398
7510992.00000000	-0.70414584	0.03357242	0.23897049
7507992.00000000	-0.68570782	0.03203012	0.29188467
7504992.00000000	-0.66301328	0.02981174	0.34450787
7501992.00000000	-0.63523309	0.02687357	0.39758344
7498992.00000000	-0.60378549	0.02331979	0.44761649
7495992.00000000	-0.56955511	0.01949637	0.49362006
7492992.00000000	-0.53159543	0.01540674	0.53682721
7489992.00000000	-0.48993164	0.01128033	0.57681549
7486992.00000000	-0.44492050	0.00732404	0.61309836
7483992.00000000	-0.39919901	0.00393661	0.64369125
7480992.00000000	-0.35257190	0.00104538	0.66964951
7477992.00000000	-0.30362634	-0.00135400	0.69189059
7474992.00000000	-0.25336810	-0.00324057	0.71011710
7471992.00000000	-0.20292776	-0.00471149	0.72443854
7468992.00000000	-0.15348590	-0.00585361	0.73471576
7465992.00000000	-0.10150665	-0.00678134	0.74191232
7462992.00000000	-0.04921979	-0.00759952	0.74566360
7459992.00000000	0.00298398	-0.00844318	0.74587619
7456992.00000000	0.05425296	-0.00931955	0.74271732
7453992.00000000	0.10679645	-0.01040341	0.73575998
7450992.00000000	0.16138052	-0.01164462	0.72453635
7447992.00000000	0.21433994	-0.01305499	0.70928842
7444992.00000000	0.26690475	-0.01464838	0.68980432
7441992.00000000	0.31803021	-0.01642664	0.66625146
7438992.00000000	0.37015387	-0.01814090	0.63712769
7435992.00000000	0.41948828	-0.01992514	0.60416821
7432992.00000000	0.46643643	-0.02144974	0.56743008
7429992.00000000	0.50935574	-0.02298898	0.52832782
7426992.00000000	0.55001752	-0.02456891	0.48540234
7423992.00000000	0.58772876	-0.02599835	0.43904428
7420992.00000000	0.62009937	-0.02723141	0.39242966
7417992.00000000	0.64852069	-0.02808261	0.34452615
7414992.00000000	0.67280249	-0.02880881	0.29601218
7411992.00000000	0.69408221	-0.02936984	0.24490424
7408992.00000000	0.71082574	-0.02988947	0.19526801
7405992.00000000	0.72399731	-0.03043961	0.14567105
7402992.00000000	0.73383832	-0.03110291	0.09533673
7399992.00000000	0.74050714	-0.03193597	0.04421426
7396992.00000000	0.74371893	-0.03296210	-0.00745563
7393992.00000000	0.74351752	-0.03417453	-0.05770224
7390992.00000000	0.73973730	-0.03560944	-0.10970441
7387992.00000000	0.73217523	-0.03707111	-0.16233276
7384992.00000000	0.72030795	-0.03863293	-0.21593399
7381992.00000000	0.70449905	-0.03996652	-0.26832245
7378992.00000000	0.68472180	-0.04099133	-0.31956647
7375992.00000000	0.65959854	-0.04174625	-0.37204840
7372992.00000000	0.62986880	-0.04181396	-0.42319238
7369992.00000000	0.59586462	-0.04133810	-0.47242783
7366992.00000000	0.55894693	-0.04002994	-0.51776639
7363992.00000000	0.51740326	-0.03772531	-0.56147943
7360992.00000000	0.47201318	-0.03452380	-0.60192487
7357992.00000000	0.42487372	-0.03064856	-0.63755380
7354992.00000000	0.37667722	-0.02637964	-0.66806155
7351992.00000000	0.32770660	-0.02187103	-0.69389258
7348992.00000000	0.27537418	-0.01725824	-0.71622986
7345992.00000000	0.22367432	-0.01319086	-0.73399133
7342992.00000000	0.17177289	-0.00944571	-0.74776639
7339992.00000000	0.12110855	-0.00599622	-0.75759177
7336992.00000000	0.06853708	-0.00259634	-0.76433517
7333992.00000000	0.01507593	0.00085013	-0.76772635
7330992.00000000	-0.03646390	0.00416611	-0.76752362
7327992.00000000	-0.08855740	0.00788931	-0.76376770
7324992.00000000	-0.14055853	0.01182465	-0.75631232
7321992.00000000	-0.19475928	0.01622525	-0.74414041
7318992.00000000	-0.24600208	0.02089893	-0.72813736
7315992.00000000	-0.29673151	0.02553284	-0.70741034
7312992.00000000	-0.34649207	0.02985748	-0.68177957
7309992.00000000	-0.39597675	0.03393304	-0.65053244
7306992.00000000	-0.44296371	0.03746548	-0.61486475
7303992.00000000	-0.48609711	0.04009692	-0.57616922
7300992.00000000	-0.52674014	0.04196231	-0.53382642
7297992.00000000	-0.56477637	0.04296472	-0.48787567
7294992.00000000	-0.59931531	0.04323761	-0.43951404
7291992.00000000	-0.62879529	0.04308679	-0.39159958
7288992.00000000	-0.65456781	0.04259256	-0.34273434
7285992.00000000	-0.67724344	0.04179840	-0.29191956
7282992.00000000	-0.69637637	0.04081985	-0.24078061
7279992.00000000	-0.71173962	0.03990158	-0.18997687
7276992.00000000	-0.72332077	0.03907639	-0.14080688
7273992.00000000	-0.73213876	0.03841785	-0.08977341
7270992.00000000	-0.73778259	0.03792831	-0.03847336
7267992.00000000	-0.74018396	0.03765775	0.01286929
7264992.00000000	-0.73933264	0.03745966	0.06287848
7261992.00000000	-0.73519641	0.03721399	0.11385571
7258992.00000000	-0.72740097	0.03683029	0.16623404
7255992.00000000	-0.71589261	0.03618729	0.21795679
7252992.00000000	-0.70044409	0.03503790	0.26909561
7249992.00000000	-0.68122397	0.03338669	0.31893600
7246992.00000000	-0.65689795	0.03097406	0.36982559
7243992.00000000	-0.62825269	0.02789752	0.41894287
7240992.00000000	-0.59553537	0.02411954	0.46583850
7237992.00000000	-0.55977328	0.01994183	0.50897906
7234992.00000000	-0.51945523	0.01529449	0.55010959
7231992.00000000	-0.47470660	0.01025076	0.58858331
7228992.00000000	-0.42923105	0.00553061	0.62166788
7225992.00000000	-0.38149127	0.00118872	0.65074377
7222992.00000000	-0.33269290	-0.00266977	0.67555936
7219992.00000000	-0.28092307	-0.00612854	0.69695932
7216992.00000000	-0.22926596	-0.00897165	0.71398911
7213992.00000000	-0.17837112	-0.01128055	0.72712668
7210992.00000000	-0.12717752	-0.01325073	0.73678366
7207992.00000000	-0.07439728	-0.01501260	0.74330942
7204992.00000000	-0.02115128	-0.01673041	0.74654089
7201992.00000000	0.03039005	-0.01841019	0.74643713
7198992.00000000	0.08283896	-0.02023584	0.74320493
7195992.00000000	0.13655096	-0.02232571	0.73635086
7192992.00000000	0.19045798	-0.02464920	0.72560489
7189992.00000000	0.24292728	-0.02704208	0.71100827
7186992.00000000	0.29366742	-0.02954599	0.69284293
7183992.00000000	0.34586719	-0.03226627	0.66933801
7180992.00000000	0.39649371	-0.03480765	0.64116635
7177992.00000000	0.44504065	-0.03714981	0.60842877
7174992.00000000	0.48884863	-0.03912857	0.57316229
7171992.00000000	0.53081641	-0.04077536	0.53327505
7168992.00000000	0.56957492	-0.04202762	0.48977112
7165992.00000000	0.60445300	-0.04268060	0.44350040
7162992.00000000	0.63460422	-0.04279361	0.39629874
7159992.00000000	0.66057452	-0.04255209	0.34814899
7156992.00000000	0.68354932	-0.04195181	0.29696494
7153992.00000000	0.70224991	-0.04117215	0.24603113
7150992.00000000	0.71692679	-0.04043787	0.19538718
7147992.00000000	0.72792645	-0.03978708	0.14591333
7144992.00000000	0.73609866	-0.03925101	0.09382455
7141992.00000000	0.74080856	-0.03886166	0.04132596
7138992.00000000	0.74224298	-0.03864682	-0.00971252
7135992.00000000	0.74047238	-0.03848978	-0.06121310
7132992.00000000	0.73526599	-0.03828754	-0.11347519
7129992.00000000	0.72619073	-0.03796942	-0.16762692
7126992.00000000	0.71359241	-0.03736765	-0.22010886
7123992.00000000	0.69680402	-0.03627090	-0.27293774
7120992.00000000	0.67617770	-0.03476675	-0.32438812
7117992.00000000	0.65053278	-0.03269305	-0.37627811
7114992.00000000	0.62031500	-0.03004309	-0.42632413
7111992.00000000	0.58717783	-0.02715289	-0.47231082
7108992.00000000	0.55008829	-0.02405585	-0.51567538
7105992.00000000	0.50941315	-0.02092352	-0.55584427
7102992.00000000	0.46468201	-0.01758713	-0.59334793
7099992.00000000	0.41901495	-0.01448373	-0.62553635
7096992.00000000	0.37199509	-0.01161432	-0.65335785
7093992.00000000	0.32276907	-0.00891473	-0.67767285
7090992.00000000	0.27173615	-0.00645245	-0.69817847
7087992.00000000	0.22080042	-0.00436865	-0.71458533
7084992.00000000	0.17088284	-0.00262949	-0.72726685
7081992.00000000	0.11978000	-0.00100931	-0.73681390
7078992.00000000	0.06732666	0.00058145	-0.74334344
7075992.00000000	0.01464130	0.00230396	-0.74655286
7072992.00000000	-0.03666385	0.00418909	-0.74662137
7069992.00000000	-0.08829416	0.00627798	-0.74358350
7066992.00000000	-0.14247168	0.00906906	-0.73684402
7063992.00000000	-0.19537943	0.01240909	-0.72636908
7060992.00000000	-0.24818112	0.01622565	-0.71182080
7057992.00000000	-0.29905579	0.02038086	-0.69360242
7054992.00000000	-0.35106723	0.02495911	-0.66997348
7051992.00000000	-0.40141785	0.02968369	-0.64185736
7048992.00000000	-0.44900317	0.03442267	-0.60963303
7045992.00000000	-0.49267639	0.03866980	-0.57449506
7042992.00000000	-0.53465707	0.04254489	-0.53483521
7039992.00000000	-0.57411823	0.04578763	-0.49067133
7036992.00000000	-0.60853357	0.04802045	-0.44527090
7033992.00000000	-0.63863486	0.04923264	-0.39844885
7030992.00000000	-0.66483466	0.04966351	-0.35026083
7027992.00000000	-0.68797397	0.04942758	-0.29912100
7024992.00000000	-0.70656265	0.04868085	-0.24870578
7021992.00000000	-0.72139459	0.04765308	-0.19852618
7018992.00000000	-0.73281171	0.04646176	-0.14781970
7015992.00000000	-0.74104001	0.04531641	-0.09623462
7012992.00000000	-0.74622324	0.04405219	-0.04335516
7009992.00000000	-0.74801135	0.04291104	0.00794196
7006992.00000000	-0.74660925	0.04167883	0.06019968
7003992.00000000	-0.74185596	0.04023639	0.11307800
7000992.00000000	-0.73339062	0.03841986	0.16783502
6997992.00000000	-0.72124478	0.03626355	0.22176273
6994992.00000000	-0.70528772	0.03358954	0.27459149
6991992.00000000	-0.68493799	0.03012366	0.32796341
6988992.00000000	-0.65980161	0.02606641	0.38075391
6985992.00000000	-0.63015488	0.02146121	0.43180927
6982992.00000000	-0.59764581	0.01663901	0.47833118
6979992.00000000	-0.56050961	0.01151379	0.52268524
6976992.00000000	-0.51988037	0.00651682	0.56315109
6973992.00000000	-0.47672528	0.00187500	0.59892245
6970992.00000000	-0.43108148	-0.00181241	0.63042145
6967992.00000000	-0.38462457	-0.00484482	0.65691028
6964992.00000000	-0.33511835	-0.00723590	0.67998035
6961992.00000000	-0.28453790	-0.00878656	0.69880533
6958992.00000000	-0.23382800	-0.00996057	0.71361615
6955992.00000000	-0.18433670	-0.01060651	0.72463702
6952992.00000000	-0.13259766	-0.01075900	0.73267957
6949992.00000000	-0.07941171	-0.01073730	0.73747440
6946992.00000000	-0.02729834	-0.01084335	0.73884326
6943992.00000000	0.02504874	-0.01110483	0.73711258
6940992.00000000	0.07771735	-0.01155981	0.73186038
6937992.00000000	0.13323953	-0.01232767	0.72256610
6934992.00000000	0.18613132	-0.01321735	0.70988919
6931992.00000000	0.23946664	-0.01446155	0.69301712
6928992.00000000	0.29131982	-0.01588440	0.67235629
6925992.00000000	0.34341226	-0.01759055	0.64708139
6922992.00000000	0.39455798	-0.01930804	0.61708609
6919992.00000000	0.44195471	-0.02081622	0.58433728
6916992.00000000	0.48702826	-0.02223074	0.54794110
6913992.00000000	0.52906506	-0.02377505	0.50843741
6910992.00000000	0.56930988	-0.02508774	0.46441284
6907992.00000000	0.60307376	-0.02577698	0.42110855
6904992.00000000	0.63318109	-0.02625745	0.37609357
6901992.00000000	0.65995016	-0.02646188	0.32867023
6898992.00000000	0.68282773	-0.02641034	0.27994907
6895992.00000000	0.70175446	-0.02622311	0.23056250
6892992.00000000	0.71643942	-0.02607639	0.18206909
6889992.00000000	0.72784335	-0.02583145	0.13248523
6886992.00000000	0.73588885	-0.02575330	0.08220172
6883992.00000000	0.74045538	-0.02566403	0.03177454
6880992.00000000	0.74173502	-0.02558469	-0.01803146
6877992.00000000	0.73980853	-0.02555103	-0.06801144
6874992.00000000	0.73411777	-0.02537924	-0.12013315
6871992.00000000	0.72497226	-0.02503876	-0.17146802
6868992.00000000	0.71205676	-0.02422827	-0.22285263
6865992.00000000	0.69562561	-0.02280594	-0.27295822
6862992.00000000	0.67451315	-0.02047983	-0.32426569
6859992.00000000	0.64888565	-0.01821527	-0.37492480
6856992.00000000	0.61954782	-0.01560138	-0.42342773
6853992.00000000	0.58669421	-0.01248920	-0.46920349
6850992.00000000	0.55002930	-0.00912662	-0.51266977
6847992.00000000	0.50856088	-0.00529373	-0.55418909
6844992.00000000	0.46566397	-0.00156470	-0.59049451
6841992.00000000	0.42034543	0.00203964	-0.62283929
6838992.00000000	0.37392639	0.00530179	-0.65052167
6835992.00000000	0.32437653	0.00835419	-0.67504904
6832992.00000000	0.27522910	0.01093231	-0.69481973
6829992.00000000	0.22557135	0.01300528	-0.71063632
6826992.00000000	0.17618726	0.01477771	-0.72292447
6823992.00000000	0.12504758	0.01648074	-0.73205121
6820992.00000000	0.07322275	0.01802277	-0.73785645
6817992.00000000	0.02280981	0.01970020	-0.74040863
6814992.00000000	-0.02867789	0.02117233	-0.73972134
6811992.00000000	-0.08094705	0.02267880	-0.73557172
6808992.00000000	-0.13367844	0.02413010	-0.72771863
6805992.00000000	-0.18601205	0.02565128	-0.71596564
6802992.00000000	-0.23726575	0.02716632	-0.70056989
6799992.00000000	-0.28970398	0.02853842	-0.68018863
6796992.00000000	-0.34015359	0.02958099	-0.65597977
6793992.00000000	-0.38951660	0.03028662	-0.62717630
6790992.00000000	-0.43597546	0.03055630	-0.59517578
6787992.00000000	-0.48098883	0.03034067	-0.55874295
6784992.00000000	-0.52342545	0.02964716	-0.51875006
6781992.00000000	-0.56254990	0.02856406	-0.47587308
6778992.00000000	-0.59761465	0.02712762	-0.43114780
6775992.00000000	-0.62860928	0.02563901	-0.38482773
6772992.00000000	-0.65618750	0.02396616	-0.33618915
6769992.00000000	-0.67927341	0.02228406	-0.28745709
6766992.00000000	-0.69860620	0.02067868	-0.23795615
6763992.00000000	-0.71395291	0.01939618	-0.18866367
6760992.00000000	-0.72605237	0.01824701	-0.13827774
6757992.00000000	-0.73477936	0.01732437	-0.08706049
6754992.00000000	-0.73999789	0.01671011	-0.03663638
6751992.00000000	-0.74199585	0.01629944	0.01441034
6748992.00000000	-0.74062259	0.01609970	0.06557910
6745992.00000000	-0.73563202	0.01589731	0.11827606
6742992.00000000	-0.72702365	0.01567230	0.17061084
6739992.00000000	-0.71452615	0.01516306	0.22344519
6736992.00000000	-0.69809338	0.01432846	0.27514267
6733992.00000000	-0.67736380	0.01314377	0.32695978
6730992.00000000	-0.65161584	0.01133786	0.37864606
6727992.00000000	-0.62251981	0.00924677	0.42686935
6724992.00000000	-0.58931537	0.00668661	0.47311963
6721992.00000000	-0.55260956	0.00377600	0.51616260
6718992.00000000	-0.51102090	0.00049365	0.55733398
6715992.00000000	-0.46770496	-0.00289172	0.59332205
6712992.00000000	-0.42240460	-0.00613382	0.62496536
6709992.00000000	-0.37510727	-0.00906927	0.65271246
6706992.00000000	-0.32551178	-0.01173483	0.67655164
6703992.00000000	-0.27509924	-0.01400543	0.69616226
6700992.00000000	-0.22538724	-0.01593530	0.71147156
6697992.00000000	-0.17447299	-0.01744284	0.72348441
6694992.00000000	-0.12217157	-0.01892682	0.73217303
6691992.00000000	-0.06939835	-0.02026819	0.73739206
6688992.00000000	-0.01764722	-0.02146942	0.73931238
6685992.00000000	0.03489282	-0.02267520	0.73794113
6682992.00000000	0.08907104	-0.02379529	0.73307074
6679992.00000000	0.14309656	-0.02503452	0.72455115
6676992.00000000	0.19695126	-0.02630331	0.71225885
6673992.00000000	0.24965353	-0.02748029	0.69626279
6670992.00000000	0.30377734	-0.02841153	0.67549783
6667992.00000000	0.35644962	-0.02899982	0.65069778
6664992.00000000	0.40724213	-0.02915805	0.62195154
6661992.00000000	0.45536502	-0.02912796	0.58969586
6658992.00000000	0.50140677	-0.02863736	0.55366022
6655992.00000000	0.54530051	-0.02791846	0.51310791
6652992.00000000	0.58354492	-0.02663971	0.47174966
6649992.00000000	0.61745410	-0.02519958	0.42837424
6646992.00000000	0.64744489	-0.02365796	0.38281357
6643992.00000000	0.67346304	-0.02200183	0.33504752
6640992.00000000	0.69453229	-0.02055316	0.28799628
6637992.00000000	0.71167877	-0.01922961	0.24026050
6634992.00000000	0.72544717	-0.01793481	0.19106677
6631992.00000000	0.73569125	-0.01678757	0.14138373
6628992.00000000	0.74243857	-0.01570349	0.09083231
6625992.00000000	0.74561166	-0.01486261	0.04193323
6622992.00000000	0.74549246	-0.01395395	-0.00911163
6619992.00000000	0.74178125	-0.01306952	-0.06017450
6616992.00000000	0.73435727	-0.01191992	-0.11229929
6613992.00000000	0.72311026	-0.01062457	-0.16370239
6610992.00000000	0.70782028	-0.00891849	-0.21522009
6607992.00000000	0.68800870	-0.00663840	-0.26727267
6604992.00000000	0.66373471	-0.00381760	-0.31890707
6601992.00000000	0.63489963	-0.00075204	-0.36962146
6598992.00000000	0.60245602	0.00279752	-0.41780676
6595992.00000000	0.56533334	0.00650916	-0.46486093
6592992.00000000	0.52447430	0.01025620	-0.50912817
6589992.00000000	0.48141101	0.01377756	-0.54925064
6586992.00000000	0.43542130	0.01693594	-0.58599902
6583992.00000000	0.38913071	0.01977609	-0.61776663
6580992.00000000	0.33966534	0.02203256	-0.64658826
6577992.00000000	0.29006253	0.02365515	-0.67071414
6574992.00000000	0.23970242	0.02468066	-0.69109161
6571992.00000000	0.18988034	0.02535590	-0.70741394
6568992.00000000	0.13842343	0.02560471	-0.72054987
6565992.00000000	0.08690805	0.02568109	-0.73023026
6562992.00000000	0.03626834	0.02550473	-0.73669244
6559992.00000000	-0.01506140	0.02528552	-0.73989584
6556992.00000000	-0.06659778	0.02500266	-0.74000754
6553992.00000000	-0.11938019	0.02448590	-0.73670764
6550992.00000000	-0.17154837	0.02403738	-0.72982007
6547992.00000000	-0.22397989	0.02323163	-0.71901633
6544992.00000000	-0.27617969	0.02234750	-0.70418259
6541992.00000000	-0.32803470	0.02124313	-0.68500140
6538992.00000000	-0.37822784	0.01976810	-0.66170703
6535992.00000000	-0.42524841	0.01793961	-0.63480167
6532992.00000000	-0.47065845	0.01580518	-0.60376697
6529992.00000000	-0.51407706	0.01351971	-0.56832816
6526992.00000000	-0.55434299	0.01116232	-0.52911319
6523992.00000000	-0.59004016	0.00896533	-0.48805417
6520992.00000000	-0.62208136	0.00692361	-0.44444351
6517992.00000000	-0.65046683	0.00505011	-0.39833932
6514992.00000000	-0.67494608	0.00352966	-0.35059494
6511992.00000000	-0.69544064	0.00227112	-0.30202740
6508992.00000000	-0.71180945	0.00135397	-0.25378534
6505992.00000000	-0.72491129	0.00057751	-0.20440897
6502992.00000000	-0.73478989	0.00011374	-0.15381189
6499992.00000000	-0.74130408	-0.00022446	-0.10289655
6496992.00000000	-0.74445105	-0.00031430	-0.05297244
6493992.00000000	-0.74441553	-0.00033243	-0.00254611
6490992.00000000	-0.74085175	-0.00035464	0.04994437
6487992.00000000	-0.73391257	-0.00045291	0.10112039
6484992.00000000	-0.72314709	-0.00079443	0.15354675
6481992.00000000	-0.70868475	-0.00131818	0.20550671
6478992.00000000	-0.68959821	-0.00204901	0.25857852
6475992.00000000	-0.66655243	-0.00332968	0.31046640
6472992.00000000	-0.63973798	-0.00506570	0.36068814
6469992.00000000	-0.60920441	-0.00694427	0.40925180
6466992.00000000	-0.57469189	-0.00913263	0.45615085
6463992.00000000	-0.53584616	-0.01137775	0.50147269
6460992.00000000	-0.49531430	-0.01368744	0.54202286
6457992.00000000	-0.45267297	-0.01565167	0.57861072
6454992.00000000	-0.40800653	-0.01760962	0.61132147
6451992.00000000	-0.36006314	-0.01940417	0.64062518
6448992.00000000	-0.31224313	-0.02079468	0.66502136
6445992.00000000	-0.26392249	-0.02186642	0.68513217
6442992.00000000	-0.21464584	-0.02265881	0.70152109
6439992.00000000	-0.16466953	-0.02318616	0.71410349
6436992.00000000	-0.11423898	-0.02349194	0.72338882
6433992.00000000	-0.06419077	-0.02379465	0.72924963
6430992.00000000	-0.01348694	-0.02383591	0.73192029
6427992.00000000	0.03811472	-0.02390771	0.73126016
6424992.00000000	0.09041223	-0.02392130	0.72729282
6421992.00000000	0.14267831	-0.02389651	0.71973154
6418992.00000000	0.19424088	-0.02383643	0.70842780
6415992.00000000	0.24676981	-0.02360648	0.69306320
6412992.00000000	0.29870004	-0.02328555	0.67357520
6409992.00000000	0.35001062	-0.02260748	0.64958185
6406992.00000000	0.39907358	-0.02184854	0.62203009
6403992.00000000	0.44686737	-0.02089746	0.58992465
6400992.00000000	0.49252499	-0.01958661	0.55381833
6397992.00000000	0.53459781	-0.01814172	0.51497415
6394992.00000000	0.57302502	-0.01648068	0.47338364
6391992.00000000	0.60695383	-0.01468002	0.43066824
6388992.00000000	0.63811621	-0.01271240	0.38409589
6385992.00000000	0.66451239	-0.01072092	0.33696680
6382992.00000000	0.68671268	-0.00868909	0.28906104
6379992.00000000	0.70437802	-0.00685916	0.24212424
6376992.00000000	0.71885818	-0.00510043	0.19281406
6373992.00000000	0.72978775	-0.00335986	0.14231961
6370992.00000000	0.73667526	-0.00175970	0.09352612
6367992.00000000	0.74021701	-0.00022595	0.04437775
6364992.00000000	0.74034543	0.00125201	-0.00561032
6361992.00000000	0.73666470	0.00275403	-0.05734900
6358992.00000000	0.72940594	0.00425507	-0.10787079
6355992.00000000	0.71825723	0.00583035	-0.15847723
6352992.00000000	0.70299017	0.00751123	-0.20934412
6349992.00000000	0.68285739	0.00933444	-0.26152332
6346992.00000000	0.65846863	0.01120810	-0.31269302
6343992.00000000	0.63071240	0.01299567	-0.36112866
6340992.00000000	0.59835559	0.01469678	-0.40939212
6337992.00000000	0.56202457	0.01632370	-0.45575006
6334992.00000000	0.52204745	0.01782849	-0.49973932
6331992.00000000	0.48107907	0.01927463	-0.53895236
6328992.00000000	0.43752112	0.02052072	-0.57512766
6325992.00000000	0.39152530	0.02163272	-0.60797836
6322992.00000000	0.34375369	0.02252756	-0.63697595
6319992.00000000	0.29547531	0.02316699	-0.66172070
6316992.00000000	0.24733505	0.02357828	-0.68228445
6313992.00000000	0.19766165	0.02374203	-0.69947095
6310992.00000000	0.14741647	0.02382248	-0.71310001
6307992.00000000	0.09735654	0.02375571	-0.72302072
6304992.00000000	0.04740750	0.02350223	-0.72978278
6301992.00000000	-0.00279401	0.02318900	-0.73329477
6298992.00000000	-0.05515170	0.02281772	-0.73344592
6295992.00000000	-0.10639798	0.02244684	-0.73030038
6292992.00000000	-0.15823819	0.02185675	-0.72327783
6289992.00000000	-0.20887589	0.02130359	-0.71264304
6286992.00000000	-0.26104959	0.02047931	-0.69750485
6283992.00000000	-0.31229926	0.01958078	-0.67822241
6280992.00000000	-0.36216760	0.01839392	-0.65487057
6277992.00000000	-0.40997717	0.01698212	-0.62759482
6274992.00000000	-0.45620642	0.01539041	-0.59616257
6271992.00000000	-0.50037784	0.01354889	-0.56099438
6268992.00000000	-0.54111255	0.01153271	-0.52277469
6265992.00000000	-0.57802707	0.00929434	-0.48227036
6262992.00000000	-0.61130692	0.00700195	-0.43957254
6259992.00000000	-0.64143027	0.00460080	-0.39391418
6256992.00000000	-0.66694577	0.00227609	-0.34766507
6253992.00000000	-0.68785486	0.00008264	-0.30179092
6250992.00000000	-0.70522037	-0.00216296	-0.25480096
6247992.00000000	-0.71907382	-0.00411450	-0.20700241
6244992.00000000	-0.72954510	-0.00597919	-0.15796579
6241992.00000000	-0.73632336	-0.00760025	-0.11028372
6238992.00000000	-0.73984070	-0.00906085	-0.06162579
6235992.00000000	-0.73997864	-0.01048111	-0.01211514
6232992.00000000	-0.73652109	-0.01176190	0.03845450
6229992.00000000	-0.72947864	-0.01297858	0.08844687
6226992.00000000	-0.71889084	-0.01405240	0.13759991
6223992.00000000	-0.70400128	-0.01497592	0.18861102
6220992.00000000	-0.68490332	-0.01584140	0.23951410
6217992.00000000	-0.66141068	-0.01663376	0.29023889
6214992.00000000	-0.63469003	-0.01717343	0.33834509
6211992.00000000	-0.60357578	-0.01747290	0.38618137
6208992.00000000	-0.56817892	-0.01779822	0.43293436
6205992.00000000	-0.53005899	-0.01814825	0.47651645
6202992.00000000	-0.48948557	-0.01851965	0.51671472
6199992.00000000	-0.44680267	-0.01921097	0.55341223
6196992.00000000	-0.40028958	-0.01984702	0.58772336
6193992.00000000	-0.35283313	-0.02052774	0.61758441
6190992.00000000	-0.30504922	-0.02119153	0.64293265
6187992.00000000	-0.25712167	-0.02187802	0.66407938
6184992.00000000	-0.20773206	-0.02245374	0.68204355
6181992.00000000	-0.15655756	-0.02304993	0.69671661
6178992.00000000	-0.10652026	-0.02346698	0.70735687
6175992.00000000	-0.05648312	-0.02394070	0.71473984
6172992.00000000	-0.00651645	-0.02451105	0.71877356
6169992.00000000	0.04577835	-0.02504346	0.71959824
6166992.00000000	0.09641611	-0.02568753	0.71694315
6163992.00000000	0.14765323	-0.02615256	0.71073611
6160992.00000000	0.19942010	-0.02655298	0.70064594
6157992.00000000	0.25227765	-0.02676324	0.68603696
6154992.00000000	0.30451114	-0.02670303	0.66709488
6151992.00000000	0.35466602	-0.02631061	0.64416693
6148992.00000000	0.40347089	-0.02525970	0.61705817
6145992.00000000	0.45108765	-0.02374835	0.58518716
6142992.00000000	0.49641739	-0.02151352	0.54916611
6139992.00000000	0.53792761	-0.01884772	0.51013757
6136992.00000000	0.57565842	-0.01572467	0.46856958
6133992.00000000	0.61012628	-0.01244266	0.42377985
6130992.00000000	0.64049643	-0.00910834	0.37701590
6127992.00000000	0.66662155	-0.00586459	0.32884698
6124992.00000000	0.68776718	-0.00291080	0.28190118
6121992.00000000	0.70574789	-0.00003210	0.23261606
6118992.00000000	0.72030469	0.00266223	0.18236877
6115992.00000000	0.73130746	0.00507394	0.13182117
6112992.00000000	0.73859521	0.00708575	0.08242813
6109992.00000000	0.74277264	0.00888049	0.03271774
6106992.00000000	0.74369217	0.01055817	-0.01882547
6103992.00000000	0.74111700	0.01216864	-0.07027820
6100992.00000000	0.73508798	0.01362885	-0.12166785
6097992.00000000	0.72577936	0.01503595	-0.17177899
6094992.00000000	0.71208755	0.01654099	-0.22436014
6091992.00000000	0.69414709	0.01803250	-0.27682120
6088992.00000000	0.67234702	0.01954193	-0.32786020
6085992.00000000	0.64680457	0.02096262	-0.37715604
6082992.00000000	0.61685541	0.02237125	-0.42542944
6079992.00000000	0.58219095	0.02350897	-0.47262161
6076992.00000000	0.54465775	0.02468607	-0.51595615
6073992.00000000	0.50384546	0.02557858	-0.55620151
6070992.00000000	0.46083093	0.02637103	-0.59211642
6067992.00000000	0.41429669	0.02678003	-0.62494519
6064992.00000000	0.36691452	0.02706204	-0.65286789
6061992.00000000	0.31855124	0.02709525	-0.67664737
6058992.00000000	0.26915598	0.02650467	-0.69639813
6055992.00000000	0.21909744	0.02589703	-0.71252618
6052992.00000000	0.16776465	0.02523373	-0.72524496
6049992.00000000	0.11731714	0.02454715	-0.73421338
6046992.00000000	0.06683084	0.02364365	-0.74023163
6043992.00000000	0.01566864	0.02306448	-0.74287250
6040992.00000000	-0.03692633	0.02244580	-0.74229764
6037992.00000000	-0.08961279	0.02189423	-0.73819348
6034992.00000000	-0.14110373	0.02122180	-0.73049487
6031992.00000000	-0.19354715	0.02053464	-0.71890988
6028992.00000000	-0.24582770	0.01996503	-0.70313269
6025992.00000000	-0.29851508	0.01919986	-0.68267743
6022992.00000000	-0.34806207	0.01830307	-0.65892542
6019992.00000000	-0.39723270	0.01696182	-0.63036563
6016992.00000000	-0.44482205	0.01552301	-0.59759805
6013992.00000000	-0.49035519	0.01328784	-0.56059274
6010992.00000000	-0.53247754	0.01061465	-0.52066058
6007992.00000000	-0.57034756	0.00770068	-0.47900232
6004992.00000000	-0.60577896	0.00429367	-0.43359756
6001992.00000000	-0.63671896	0.00092062	-0.38718958
5998992.00000000	-0.66337418	-0.00249493	-0.33976944
5995992.00000000	-0.68576794	-0.00592276	-0.29264767
5992992.00000000	-0.70494073	-0.00931293	-0.24322839
5989992.00000000	-0.72046808	-0.01250427	-0.19314563
5986992.00000000	-0.73208990	-0.01536914	-0.14417520
5983992.00000000	-0.74039630	-0.01811487	-0.09527634
5980992.00000000	-0.74561441	-0.02060083	-0.04575479
5977992.00000000	-0.74758731	-0.02303598	0.00587042
5974992.00000000	-0.74621140	-0.02538007	0.05624857
5971992.00000000	-0.74143228	-0.02758823	0.10652322
5968992.00000000	-0.73301633	-0.02964407	0.15746222
5965992.00000000	-0.72062546	-0.03190372	0.20891949
5962992.00000000	-0.70389456	-0.03424008	0.26085745
5959992.00000000	-0.68364093	-0.03657532	0.31009122
5956992.00000000	-0.65895462	-0.03848026	0.35904288
5953992.00000000	-0.63001099	-0.04010834	0.40661584
5950992.00000000	-0.59594183	-0.04158688	0.45331360
5947992.00000000	-0.55923431	-0.04269937	0.49594763
5944992.00000000	-0.51889520	-0.04354361	0.53568539
5941992.00000000	-0.47562955	-0.04373126	0.57190753
5938992.00000000	-0.42972424	-0.04337836	0.60427969
5935992.00000000	-0.38184335	-0.04268967	0.63269385
5932992.00000000	-0.33380444	-0.04144449	0.65650546
5929992.00000000	-0.28347101	-0.03974503	0.67700018
5926992.00000000	-0.23264423	-0.03798917	0.69357928
5923992.00000000	-0.18107452	-0.03603009	0.70652008
5920992.00000000	-0.13034167	-0.03400714	0.71576440
5917992.00000000	-0.07859213	-0.03218707	0.72178827
5914992.00000000	-0.02451389	-0.03022485	0.72484204
5911992.00000000	0.02861255	-0.02809937	0.72417673
5908992.00000000	0.08226123	-0.02577841	0.72011243
5905992.00000000	0.13469882	-0.02342285	0.71256943
5902992.00000000	0.18940942	-0.02063071	0.70090820
5899992.00000000	0.24360349	-0.01766406	0.68512558
5896992.00000000	0.29693524	-0.01425104	0.66512918
5893992.00000000	0.34868857	-0.01070490	0.64105118
5890992.00000000	0.39922211	-0.00679379	0.61270471
5887992.00000000	0.44926718	-0.00247604	0.57937476
5884992.00000000	0.49486768	0.00183719	0.54348331
5881992.00000000	0.53758679	0.00646893	0.50409766
5878992.00000000	0.57609912	0.01103601	0.46267944
5875992.00000000	0.61184915	0.01561844	0.41772266
5872992.00000000	0.64285480	0.01990939	0.37136328
5869992.00000000	0.66928610	0.02392538	0.32464288
5866992.00000000	0.69145197	0.02761984	0.27706638
5863992.00000000	0.70980493	0.03109698	0.22861566
5860992.00000000	0.72462286	0.03440225	0.17842661
5857992.00000000	0.73527435	0.03739218	0.12981653
5854992.00000000	0.74250769	0.04025571	0.08122659
5851992.00000000	0.74651724	0.04301276	0.03181540
5848992.00000000	0.74716107	0.04572495	-0.01888239
5845992.00000000	0.74428320	0.04832495	-0.06930322
5842992.00000000	0.73803473	0.05080710	-0.11866949
5839992.00000000	0.72782986	0.05329938	-0.16979419
5836992.00000000	0.71358633	0.05558069	-0.22078738
5833992.00000000	0.69499963	0.05745114	-0.27160269
5830992.00000000	0.67298285	0.05895187	-0.31981625
5827992.00000000	0.64596036	0.05979370	-0.36850226
5824992.00000000	0.61441455	0.05981134	-0.41571637
5821992.00000000	0.57933200	0.05892221	-0.46023068
5818992.00000000	0.54104483	0.05724948	-0.50159436
5815992.00000000	0.50007709	0.05470541	-0.53963220
5812992.00000000	0.45530081	0.05114871	-0.57513364
5809992.00000000	0.40863501	0.04736755	-0.60665173
5806992.00000000	0.36068332	0.04303757	-0.63411081
5803992.00000000	0.31226328	0.03883994	-0.65734491
5800992.00000000	0.26214966	0.03438953	-0.67714084
5797992.00000000	0.21003513	0.02991370	-0.69384247
5794992.00000000	0.15937405	0.02592401	-0.70642627
5791992.00000000	0.10830487	0.02202493	-0.71578601
5788992.00000000	0.05693716	0.01825571	-0.72195093
5785992.00000000	0.00392932	0.01450055	-0.72508365
5782992.00000000	-0.04818954	0.01090277	-0.72498230
5779992.00000000	-0.10055176	0.00737585	-0.72145032
5776992.00000000	-0.15326105	0.00377499	-0.71447357
5773992.00000000	-0.20665091	0.00011215	-0.70353281
5770992.00000000	-0.26022174	-0.00363321	-0.68857748
5767992.00000000	-0.31102634	-0.00725369	-0.67005832
5764992.00000000	-0.36158740	-0.01109406	-0.64694025
5761992.00000000	-0.41079089	-0.01480057	-0.61981540
5758992.00000000	-0.45899219	-0.01850183	-0.58756393
5755992.00000000	-0.50271594	-0.02187537	-0.55291327
5752992.00000000	-0.54321027	-0.02501733	-0.51511841
5749992.00000000	-0.58050201	-0.02783551	-0.47413654
5746992.00000000	-0.61446552	-0.03033502	-0.43008505
5743992.00000000	-0.64439850	-0.03252704	-0.38367706
5740992.00000000	-0.66933899	-0.03442499	-0.33779550
5737992.00000000	-0.69094604	-0.03608267	-0.28968756
5734992.00000000	-0.70870230	-0.03753003	-0.24082025
5731992.00000000	-0.72274310	-0.03874969	-0.19140317
5728992.00000000	-0.73313788	-0.03977325	-0.14283905
5725992.00000000	-0.74032529	-0.04072787	-0.09404587
5722992.00000000	-0.74448453	-0.04154306	-0.04320428
5719992.00000000	-0.74529681	-0.04230576	0.00725916
5716992.00000000	-0.74280130	-0.04317026	0.05784433
5713992.00000000	-0.73708728	-0.04391125	0.10779785
5710992.00000000	-0.72757718	-0.04451825	0.15950204
5707992.00000000	-0.71446503	-0.04516058	0.21075751
5704992.00000000	-0.69745874	-0.04557535	0.26167770
5701992.00000000	-0.67685583	-0.04575586	0.31116736
5698992.00000000	-0.65217178	-0.04576422	0.36020926
5695992.00000000	-0.62271402	-0.04538992	0.40910593
5692992.00000000	-0.59029681	-0.04485349	0.45464008
5689992.00000000	-0.55466483	-0.04405496	0.49742603
5686992.00000000	-0.51606436	-0.04300735	0.53698843
5683992.00000000	-0.47331503	-0.04164795	0.57415842
5680992.00000000	-0.42904630	-0.03999023	0.60676633
5677992.00000000	-0.38362418	-0.03824191	0.63473441
5674992.00000000	-0.33662292	-0.03630002	0.65873935
5671992.00000000	-0.28830331	-0.03420728	0.67889948
5668992.00000000	-0.23801019	-0.03186917	0.69536322
5665992.00000000	-0.18896970	-0.02953149	0.70756870
5662992.00000000	-0.13880988	-0.02700885	0.71649652
5659992.00000000	-0.08855026	-0.02461911	0.72203625
5656992.00000000	-0.03641077	-0.02201398	0.72409003
5653992.00000000	0.01496085	-0.01931284	0.72285019
5650992.00000000	0.06612265	-0.01636835	0.71831464
5647992.00000000	0.11857843	-0.01299957	0.70991809
5644992.00000000	0.17171896	-0.00923230	0.69771912
5641992.00000000	0.22473541	-0.00486819	0.68143179
5638992.00000000	0.27628946	-0.00025177	0.66153848
5635992.00000000	0.32736035	0.00484686	0.63736957
5632992.00000000	0.37834558	0.01028033	0.60843756
5629992.00000000	0.42716483	0.01578506	0.57582108
5626992.00000000	0.47322675	0.02115271	0.54016699
5623992.00000000	0.51570242	0.02602057	0.50238998
5620992.00000000	0.55603329	0.03064346	0.46109338
5617992.00000000	0.59220624	0.03462009	0.41844421
5614992.00000000	0.62454910	0.03809500	0.37421890
5611992.00000000	0.65175171	0.04080508	0.33074573
5608992.00000000	0.67557446	0.04308246	0.28573624
5605992.00000000	0.69560178	0.04487796	0.23995340
5602992.00000000	0.71150439	0.04621616	0.19466003
5599992.00000000	0.72362704	0.04726993	0.14996426
5596992.00000000	0.73232339	0.04818552	0.10535052
5593992.00000000	0.73758920	0.04898544	0.05947543
5590992.00000000	0.73924512	0.04956116	0.01455051
5587992.00000000	0.73735809	0.05015433	-0.03005539
5584992.00000000	0.73181146	0.05059784	-0.07386911
5581992.00000000	0.72226859	0.05099786	-0.11821240
5578992.00000000	0.70846140	0.05133438	-0.16269501
5575992.00000000	0.69089642	0.05159854	-0.20512811
5572992.00000000	0.66892953	0.05157932	-0.24699631
5569992.00000000	0.64259061	0.05170023	-0.28770590
5566992.00000000	0.61149127	0.05156000	-0.32761285
5563992.00000000	0.57757373	0.05114478	-0.36416843
5560992.00000000	0.54063437	0.05058191	-0.39794708
5557992.00000000	0.50099036	0.04965302	-0.42893112
5554992.00000000	0.45795862	0.04837732	-0.45751828
5551992.00000000	0.41354730	0.04659424	-0.48208154
5548992.00000000	0.36948462	0.04446017	-0.50221072
5545992.00000000	0.32383835	0.04192236	-0.51876392
5542992.00000000	0.27720993	0.03900797	-0.53149448
5539992.00000000	0.23017877	0.03573056	-0.54015680
5536992.00000000	0.18425192	0.03237814	-0.54482886
5533992.00000000	0.13847098	0.02889508	-0.54583975
5530992.00000000	0.09166879	0.02512305	-0.54319183
5527992.00000000	0.04474857	0.02151779	-0.53709573
5524992.00000000	-0.00194531	0.01790460	-0.52774384
5521992.00000000	-0.04697574	0.01448718	-0.51576245
5518992.00000000	-0.09338733	0.01103098	-0.50076010
5515992.00000000	-0.13928607	0.00776819	-0.48350620
5512992.00000000	-0.18382700	0.00461273	-0.46460556
5509992.00000000	-0.22684070	0.00154773	-0.44436707
5506992.00000000	-0.26854758	-0.00161694	-0.42272818
5503992.00000000	-0.31008850	-0.00495099	-0.39899478
5500992.00000000	-0.34828799	-0.00855151	-0.37454083
5497992.00000000	-0.38431625	-0.01231039	-0.34869595
5494992.00000000	-0.41703265	-0.01626190	-0.32209991
5491992.00000000	-0.44827017	-0.02044800	-0.29289212
5488992.00000000	-0.47594370	-0.02452481	-0.26265311
5485992.00000000	-0.49972015	-0.02840082	-0.23201907
5482992.00000000	-0.51956638	-0.03193390	-0.20140326
5479992.00000000	-0.53603528	-0.03510641	-0.17016705
5476992.00000000	-0.54856989	-0.03766058	-0.13894873
5473992.00000000	-0.55675095	-0.03958542	-0.10967926
5470992.00000000	-0.56075610	-0.04102585	-0.08239478
5467992.00000000	-0.56064948	-0.04199957	-0.05703534
5464992.00000000	-0.55645453	-0.04263742	-0.03320642
5461992.00000000	-0.54830072	-0.04310004	-0.01192184
5458992.00000000	-0.53681116	-0.04350751	0.00682870
5455992.00000000	-0.52154150	-0.04397391	0.02434344
5452992.00000000	-0.50304834	-0.04440378	0.04027588
5449992.00000000	-0.48151648	-0.04480249	0.05509732
5446992.00000000	-0.45866022	-0.04500021	0.06816812
5443992.00000000	-0.43359308	-0.04501617	0.08058243
5440992.00000000	-0.40618137	-0.04483386	0.09242068
5437992.00000000	-0.37705795	-0.04425729	0.10325296
5434992.00000000	-0.34721506	-0.04338354	0.11284494
5431992.00000000	-0.31654141	-0.04216656	0.12096942
5428992.00000000	-0.28343649	-0.04051465	0.12756741
5425992.00000000	-0.24963446	-0.03847974	0.13215863
5422992.00000000	-0.21545374	-0.03608853	0.13452338
5419992.00000000	-0.18219464	-0.03349594	0.13481314
5416992.00000000	-0.14793680	-0.03075668	0.13321906
5413992.00000000	-0.11421655	-0.02788727	0.12988016
5410992.00000000	-0.08273706	-0.02515344	0.12537875
5407992.00000000	-0.05350638	-0.02240991	0.12008139
5404992.00000000	-0.02632376	-0.01986276	0.11434119
5401992.00000000	-0.00077097	-0.01739517	0.10813232
5398992.00000000	0.02151926	-0.01517245	0.10224030
5395992.00000000	0.04143271	-0.01324979	0.09651852
5392992.00000000	0.05900998	-0.01155118	0.09119424
5389992.00000000	0.07533313	-0.01001303	0.08607867
5386992.00000000	0.09022568	-0.00860083	0.08147964
5383992.00000000	0.10362915	-0.00727933	0.07722025
5380992.00000000	0.11606143	-0.00584515	0.07327527
5377992.00000000	0.12750824	-0.00428256	0.06969623
5374992.00000000	0.13792294	-0.00239340	0.06635498
5371992.00000000	0.14654562	-0.00031085	0.06333408
5368992.00000000	0.15310562	0.00193616	0.06056717
5365992.00000000	0.15763620	0.00439664	0.05780478
5362992.00000000	0.15961108	0.00686032	0.05508698
5359992.00000000	0.15889078	0.00911951	0.05241104
5356992.00000000	0.15579605	0.01086945	0.04985437
5353992.00000000	0.15042017	0.01216507	0.04727670
5350992.00000000	0.14321411	0.01281732	0.04466962
5347992.00000000	0.13480298	0.01299362	0.04214920
5344992.00000000	0.12594598	0.01262128	0.03971216
5341992.00000000	0.11696738	0.01200449	0.03736591
5338992.00000000	0.10786569	0.01112845	0.03509607
5335992.00000000	0.09918542	0.01017526	0.03295599
5332992.00000000	0.09103339	0.00918082	0.03097430
5329992.00000000	0.08375507	0.00828357	0.02918878
5326992.00000000	0.07681494	0.00735519	0.02744275
5323992.00000000	0.07046295	0.00653882	0.02583932
5320992.00000000	0.06470462	0.00574786	0.02429025
5317992.00000000	0.05965195	0.00511517	0.02293652
5314992.00000000	0.05505237	0.00449725	0.02167203
5311992.00000000	0.05075818	0.00399643	0.02046469
5308992.00000000	0.04697577	0.00349249	0.01939709
5305992.00000000	0.04354660	0.00311069	0.01836395
5302992.00000000	0.04048233	0.00277136	0.01742551
5299992.00000000	0.03757486	0.00246933	0.01658801
