8060074.00000000	0.00551648	0.00059692	0.01791409
8055074.00000000	0.00574472	0.00061975	0.01958023
8050074.00000000	0.00602426	0.00062878	0.02145996
8045074.00000000	0.00633505	0.00067365	0.02341391
8040074.00000000	0.00666779	0.00069504	0.02565524
8035074.00000000	0.00697214	0.00073917	0.02816275
8030074.00000000	0.00732330	0.00077628	0.03100241
8025074.00000000	0.00776083	0.00081577	0.03433167
8020074.00000000	0.00816025	0.00085043	0.03807196
8015074.00000000	0.00855399	0.00090677	0.04244861
8010074.00000000	0.00893744	0.00091858	0.04748621
8005074.00000000	0.00931094	0.00091910	0.05325150
8000074.00000000	0.00967419	0.00096597	0.06016003
7995074.00000000	0.00999356	0.00098865	0.06807587
7990074.00000000	0.01023364	0.00098459	0.07746710
7985074.00000000	0.01042221	0.00103751	0.08840344
7980074.00000000	0.01040186	0.00094452	0.10082062
7975074.00000000	0.01030054	0.00078894	0.11504233
7970074.00000000	0.01033133	0.00052087	0.12993372
7965074.00000000	0.01072757	0.00010065	0.14439029
7960074.00000000	0.01227768	-0.00042648	0.15661530
7955074.00000000	0.01519055	-0.00090433	0.16419785
7950074.00000000	0.02000183	-0.00113513	0.16576675
7945074.00000000	0.02685263	-0.00107315	0.16059979
7940074.00000000	0.03558478	-0.00081750	0.14945349
7935074.00000000	0.04645862	-0.00050290	0.13303799
7930074.00000000	0.05896597	-0.00032410	0.11264316
7925074.00000000	0.07376138	-0.00057117	0.08740939
7920074.00000000	0.09045966	-0.00142914	0.05750192
7915074.00000000	0.10903326	-0.00291272	0.02220465
7910074.00000000	0.12972882	-0.00495996	-0.02020026
7905074.00000000	0.15037366	-0.00708447	-0.06659338
7900074.00000000	0.17004233	-0.00896570	-0.11724039
7895074.00000000	0.18644525	-0.00985593	-0.17004810
7890074.00000000	0.19730396	-0.00952029	-0.22194510
7885074.00000000	0.20219122	-0.00832895	-0.27406085
7880074.00000000	0.20111911	-0.00689233	-0.32341058
7875074.00000000	0.19490677	-0.00573740	-0.37134637
7870074.00000000	0.18423514	-0.00512314	-0.41672705
7865074.00000000	0.16911218	-0.00485376	-0.45808530
7860074.00000000	0.14782645	-0.00477203	-0.49537964
7855074.00000000	0.11943533	-0.00444012	-0.52584753
7850074.00000000	0.08297589	-0.00374228	-0.54866904
7845074.00000000	0.03716571	-0.00252908	-0.56315179
7840074.00000000	-0.01447903	-0.00110745	-0.56782846
7835074.00000000	-0.07242026	0.00097675	-0.56243164
7830074.00000000	-0.13259659	0.00324310	-0.54630783
7825074.00000000	-0.19312613	0.00581021	-0.51965085
7820074.00000000	-0.25394025	0.00851819	-0.48217584
7815074.00000000	-0.31177606	0.01121802	-0.43681421
7810074.00000000	-0.36826633	0.01370087	-0.38371747
7805074.00000000	-0.42120273	0.01610403	-0.32573279
7800074.00000000	-0.46995425	0.01795398	-0.26376654
7795074.00000000	-0.51419629	0.01932050	-0.19667212
7790074.00000000	-0.54974222	0.02050763	-0.12892242
7785074.00000000	-0.57717865	0.02120035	-0.05745020
7780074.00000000	-0.59513367	0.02109906	0.01671686
7775074.00000000	-0.60315985	0.02063034	0.09247476
7770074.00000000	-0.60101730	0.01947552	0.17304169
7765074.00000000	-0.58848755	0.01780069	0.25334296
7760074.00000000	-0.56565985	0.01546182	0.33367050
7755074.00000000	-0.53195255	0.01259378	0.41284348
7750074.00000000	-0.48888330	0.00962909	0.48564551
7745074.00000000	-0.43487222	0.00667773	0.55294769
7740074.00000000	-0.37391739	0.00394339	0.60953763
7735074.00000000	-0.30739963	0.00156714	0.65583426
7730074.00000000	-0.23445288	-0.00046204	0.69334961
7725074.00000000	-0.16032364	-0.00209946	0.72051712
7720074.00000000	-0.08114743	-0.00363132	0.73973611
7715074.00000000	-0.00099100	-0.00528189	0.74996860
7710074.00000000	0.08133902	-0.00687634	0.75127209
7705074.00000000	0.16752557	-0.00855594	0.74239163
7700074.00000000	0.25200897	-0.01039639	0.72303207
7695074.00000000	0.33696780	-0.01259961	0.69126205
7690074.00000000	0.41855905	-0.01415921	0.64730661
7685074.00000000	0.49181500	-0.01598456	0.59367654
7680074.00000000	0.55871365	-0.01768994	0.52854285
7675074.00000000	0.61378845	-0.01915710	0.45830902
7670074.00000000	0.65936331	-0.02039774	0.38217062
7665074.00000000	0.69557446	-0.02120120	0.30158951
7660074.00000000	0.72135345	-0.02189627	0.22206927
7655074.00000000	0.73928708	-0.02274158	0.13708948
7650074.00000000	0.74795328	-0.02377316	0.05268539
7645074.00000000	0.74740680	-0.02492072	-0.03403955
7640074.00000000	0.73624670	-0.02655499	-0.12396948
7635074.00000000	0.71420737	-0.02829004	-0.21168723
7630074.00000000	0.67905759	-0.03011215	-0.30123569
7625074.00000000	0.63280154	-0.03091455	-0.38562643
7620074.00000000	0.57658292	-0.03056070	-0.46320667
7615074.00000000	0.50985306	-0.02920041	-0.53474387
7610074.00000000	0.43857324	-0.02589795	-0.59423627
7605074.00000000	0.36109595	-0.02149249	-0.64428876
7600074.00000000	0.28092337	-0.01568839	-0.68359207
7595074.00000000	0.19998096	-0.01031583	-0.71272736
7590074.00000000	0.11478632	-0.00500928	-0.73374139
7585074.00000000	0.03004309	0.00050290	-0.74525119
7580074.00000000	-0.05849844	0.00709271	-0.74791983
7575074.00000000	-0.14900021	0.01450058	-0.74022009
7570074.00000000	-0.23671735	0.02230173	-0.72166794
7565074.00000000	-0.32664807	0.03001804	-0.68980243
7560074.00000000	-0.40990405	0.03669437	-0.64628815
7555074.00000000	-0.48614548	0.04149548	-0.59164743
7550074.00000000	-0.55532208	0.04434253	-0.52534064
7545074.00000000	-0.61138373	0.04528989	-0.45412759
7540074.00000000	-0.65823441	0.04460538	-0.37545538
7535074.00000000	-0.69398422	0.04314929	-0.29434851
7530074.00000000	-0.71986270	0.04152283	-0.21082852
7525074.00000000	-0.73649316	0.04011902	-0.12452417
7520074.00000000	-0.74353281	0.03899890	-0.03642084
7515074.00000000	-0.74039572	0.03769980	0.05607751
7510074.00000000	-0.72611746	0.03585318	0.15042572
7505074.00000000	-0.70013330	0.03381552	0.24460059
7500074.00000000	-0.66093668	0.03059412	0.34038538
7495074.00000000	-0.61202411	0.02635623	0.42789008
7490074.00000000	-0.55199600	0.02123453	0.50951971
7485074.00000000	-0.48448993	0.01583096	0.57978036
7480074.00000000	-0.41313788	0.01064194	0.63644049
7475074.00000000	-0.33547861	0.00588184	0.68260187
7470074.00000000	-0.25745163	0.00180145	0.71629190
7465074.00000000	-0.17592282	-0.00209970	0.74030109
7460074.00000000	-0.09274673	-0.00554263	0.75449609
7455074.00000000	-0.00989920	-0.00941476	0.75876108
7450074.00000000	0.07868277	-0.01416080	0.75248105
7445074.00000000	0.16614749	-0.01915338	0.73509042
7440074.00000000	0.25377164	-0.02501434	0.70579861
7435074.00000000	0.34134122	-0.03131979	0.66356558
7430074.00000000	0.42265283	-0.03659024	0.61155930
7425074.00000000	0.49971475	-0.04070422	0.54858325
7420074.00000000	0.56571707	-0.04322824	0.47966806
7415074.00000000	0.62150851	-0.04440085	0.40537204
7410074.00000000	0.66690930	-0.04429471	0.32640671
7405074.00000000	0.70105542	-0.04389648	0.24667828
7400074.00000000	0.72575586	-0.04334381	0.16417410
7395074.00000000	0.74070013	-0.04276883	0.08034940
7390074.00000000	0.74601422	-0.04243060	-0.00438800
7385074.00000000	0.74075629	-0.04237900	-0.09376044
7380074.00000000	0.72413144	-0.04168417	-0.18246225
7375074.00000000	0.69492404	-0.04027399	-0.27297397
7370074.00000000	0.65281522	-0.03822501	-0.36219702
7365074.00000000	0.60064243	-0.03549216	-0.44453836
7360074.00000000	0.53678397	-0.03132642	-0.52202750
7355074.00000000	0.46831445	-0.02611456	-0.58633929
7350074.00000000	0.39395935	-0.02079932	-0.64015546
7345074.00000000	0.31598727	-0.01517807	-0.68288904
7340074.00000000	0.23891855	-0.00988907	-0.71367709
7335074.00000000	0.15736359	-0.00540390	-0.73583954
7330074.00000000	0.07591986	-0.00048520	-0.74815588
7325074.00000000	-0.00764371	0.00501883	-0.75112573
7320074.00000000	-0.09383780	0.01167072	-0.74349603
7315074.00000000	-0.17771591	0.01832300	-0.72474298
7310074.00000000	-0.26425342	0.02545920	-0.69278391
7305074.00000000	-0.34709714	0.03196872	-0.64909406
7300074.00000000	-0.42499402	0.03749463	-0.59521899
7295074.00000000	-0.49751132	0.04169315	-0.53147534
7290074.00000000	-0.55982855	0.04429086	-0.46286249
7285074.00000000	-0.61434381	0.04544794	-0.38716232
7280074.00000000	-0.65789655	0.04561996	-0.30954468
7275074.00000000	-0.69143954	0.04539645	-0.23073932
7270074.00000000	-0.71644052	0.04474655	-0.14837756
7265074.00000000	-0.73209027	0.04402130	-0.06618979
7260074.00000000	-0.73862210	0.04341156	0.01971643
7255074.00000000	-0.73506976	0.04296194	0.10762918
7250074.00000000	-0.72047617	0.04245096	0.19490613
7245074.00000000	-0.69311652	0.04118271	0.28421539
7240074.00000000	-0.65399020	0.03918665	0.36863742
7235074.00000000	-0.60279843	0.03607614	0.44884634
7230074.00000000	-0.54123102	0.03256985	0.52128693
7225074.00000000	-0.47402286	0.02923849	0.58200269
7220074.00000000	-0.39876312	0.02493579	0.63413525
7215074.00000000	-0.32131885	0.02036746	0.67456516
7210074.00000000	-0.24168268	0.01578946	0.70512695
7205074.00000000	-0.15826602	0.01184088	0.72690469
7200074.00000000	-0.07496759	0.00826767	0.73918835
7195074.00000000	0.01208270	0.00457660	0.74241150
7190074.00000000	0.09997571	0.00040799	0.73523672
7185074.00000000	0.18752048	-0.00418472	0.71708130
7180074.00000000	0.27740631	-0.00954196	0.68593283
7175074.00000000	0.36223752	-0.01524377	0.64361719
7170074.00000000	0.44317920	-0.02065137	0.58914908
7165074.00000000	0.51568869	-0.02534482	0.52618439
7160074.00000000	0.57705585	-0.02876843	0.45799292
7155074.00000000	0.63019711	-0.03113809	0.38219235
7150074.00000000	0.67116843	-0.03262393	0.30596646
7145074.00000000	0.70286670	-0.03374261	0.22663239
7140074.00000000	0.72550461	-0.03514804	0.14454160
7135074.00000000	0.73877234	-0.03664548	0.06231906
7130074.00000000	0.74282977	-0.03866061	-0.02535696
7125074.00000000	0.73649771	-0.04083908	-0.11242715
7120074.00000000	0.71877286	-0.04310864	-0.20155908
7115074.00000000	0.68843063	-0.04469510	-0.29152206
7110074.00000000	0.64639630	-0.04507217	-0.37730133
7105074.00000000	0.59318893	-0.04399606	-0.45775217
7100074.00000000	0.53109808	-0.04188492	-0.52958438
7095074.00000000	0.46454947	-0.03794193	-0.58928064
7090074.00000000	0.39029437	-0.03364389	-0.64057394
7085074.00000000	0.31403903	-0.02981461	-0.68043192
7080074.00000000	0.23442010	-0.02607581	-0.71069867
7075074.00000000	0.15277182	-0.02261871	-0.73163147
7070074.00000000	0.06943738	-0.01885141	-0.74314017
7065074.00000000	-0.01814529	-0.01426575	-0.74493222
7060074.00000000	-0.10606403	-0.00899060	-0.73602170
7055074.00000000	-0.19575067	-0.00309988	-0.71533185
7050074.00000000	-0.28554163	0.00331628	-0.68222586
7045074.00000000	-0.37043719	0.00945667	-0.63862985
7040074.00000000	-0.45270267	0.01539621	-0.58332504
7035074.00000000	-0.52565167	0.02046671	-0.52048737
7030074.00000000	-0.58832169	0.02485190	-0.45168967
7025074.00000000	-0.64100143	0.02845773	-0.37725174
7020074.00000000	-0.68226440	0.03110037	-0.30094183
7015074.00000000	-0.71444699	0.03358167	-0.21996902
7010074.00000000	-0.73631183	0.03580292	-0.13896371
7005074.00000000	-0.74878433	0.03836377	-0.05666324
7000074.00000000	-0.75161230	0.04120926	0.03079990
6995074.00000000	-0.74333780	0.04410095	0.11834952
6990074.00000000	-0.72267068	0.04664865	0.20931583
6985074.00000000	-0.68979303	0.04805978	0.29840964
6980074.00000000	-0.64531345	0.04781226	0.38366638
6975074.00000000	-0.58814944	0.04570975	0.46584647
6970074.00000000	-0.52423776	0.04217041	0.53648639
6965074.00000000	-0.45250644	0.03780832	0.59790778
6960074.00000000	-0.37559900	0.03362973	0.64838715
6955074.00000000	-0.29743927	0.02974493	0.68715549
6950074.00000000	-0.21390210	0.02659528	0.71715829
6945074.00000000	-0.13021078	0.02401025	0.73738803
6940074.00000000	-0.04360223	0.02147934	0.74849033
6935074.00000000	0.04665637	0.01835248	0.74959299
6930074.00000000	0.13700409	0.01454752	0.73981766
6925074.00000000	0.23189865	0.01007315	0.71708624
6920074.00000000	0.32248169	0.00474057	0.68253549
6915074.00000000	0.40905756	-0.00119135	0.63562503
6910074.00000000	0.48935071	-0.00706122	0.57755859
6905074.00000000	0.55760010	-0.01209549	0.51273453
6900074.00000000	0.61644174	-0.01648416	0.43985049
6895074.00000000	0.66330576	-0.02000397	0.36374393
6890074.00000000	0.69908911	-0.02269400	0.28666821
6885074.00000000	0.72626776	-0.02516171	0.20527600
6880074.00000000	0.74407501	-0.02769272	0.12305884
6875074.00000000	0.75267108	-0.03071176	0.03705280
6870074.00000000	0.75088278	-0.03396002	-0.05058279
6865074.00000000	0.73779532	-0.03692831	-0.13925711
6860074.00000000	0.71164215	-0.03973172	-0.23167847
6855074.00000000	0.67379214	-0.04152103	-0.32024118
6850074.00000000	0.62408603	-0.04213678	-0.40590280
6845074.00000000	0.56484680	-0.04184335	-0.48458051
6840074.00000000	0.49971063	-0.04045947	-0.55216736
6835074.00000000	0.42642242	-0.03877841	-0.61143845
6830074.00000000	0.35152939	-0.03701596	-0.65796460
6825074.00000000	0.27243079	-0.03515408	-0.69478162
6820074.00000000	0.19015265	-0.03347351	-0.72189636
6815074.00000000	0.10666367	-0.03191306	-0.73927463
6810074.00000000	0.01782346	-0.03017160	-0.74730731
6805074.00000000	-0.07217654	-0.02762448	-0.74441745
6800074.00000000	-0.16460678	-0.02386655	-0.72991312
6795074.00000000	-0.25711212	-0.01860577	-0.70291983
6790074.00000000	-0.34599738	-0.01205438	-0.66414984
6785074.00000000	-0.43138583	-0.00474051	-0.61319724
6780074.00000000	-0.50730121	0.00205389	-0.55389203
6775074.00000000	-0.57311954	0.00802328	-0.48713300
6770074.00000000	-0.62810873	0.01286017	-0.41491156
6765074.00000000	-0.67175751	0.01671689	-0.33993628
6760074.00000000	-0.70561792	0.01963138	-0.26136057
6755074.00000000	-0.72990518	0.02284412	-0.18071466
6750074.00000000	-0.74463150	0.02581448	-0.09896854
6745074.00000000	-0.74975278	0.02913303	-0.01409616
6740074.00000000	-0.74442609	0.03310898	0.07247412
6735074.00000000	-0.72745047	0.03760504	0.16220337
6730074.00000000	-0.69818204	0.04183896	0.25262534
6725074.00000000	-0.65753094	0.04548801	0.33988733
6720074.00000000	-0.60522562	0.04786246	0.42433292
6715074.00000000	-0.54469943	0.04864575	0.50027069
6710074.00000000	-0.47736319	0.04750916	0.56633588
6705074.00000000	-0.40444638	0.04531165	0.62216956
6700074.00000000	-0.33006085	0.04279425	0.66584943
6695074.00000000	-0.25072205	0.03986978	0.70057474
6690074.00000000	-0.17103082	0.03751804	0.72491318
6685074.00000000	-0.08766550	0.03474393	0.74041110
6680074.00000000	-0.00116144	0.03163858	0.74624353
6675074.00000000	0.08563953	0.02779050	0.74162186
6670074.00000000	0.17587326	0.02260980	0.72510684
6665074.00000000	0.26512076	0.01677588	0.69650079
6660074.00000000	0.35194379	0.01061389	0.65574216
6655074.00000000	0.43432159	0.00515601	0.60358054
6650074.00000000	0.50813541	0.00004568	0.54322485
6645074.00000000	0.57300128	-0.00483368	0.47552563
6640074.00000000	0.62680215	-0.00914935	0.40305014
6635074.00000000	0.66928763	-0.01291733	0.32808301
6630074.00000000	0.70236438	-0.01601010	0.24894403
6625074.00000000	0.72527402	-0.01956018	0.16942389
6620074.00000000	0.73923984	-0.02301865	0.08678482
6615074.00000000	0.74350024	-0.02651184	0.00173315
6610074.00000000	0.73729636	-0.03047079	-0.08416968
6605074.00000000	0.71924680	-0.03480234	-0.17358945
6600074.00000000	0.68962778	-0.03865515	-0.26069653
6595074.00000000	0.64819833	-0.04140326	-0.34569437
6590074.00000000	0.59651465	-0.04272690	-0.42512231
6585074.00000000	0.53642789	-0.04321378	-0.49671719
6580074.00000000	0.46890216	-0.04283185	-0.55964270
6575074.00000000	0.39770227	-0.04157202	-0.61141965
6570074.00000000	0.32295395	-0.04010553	-0.65360175
6565074.00000000	0.24515427	-0.03848477	-0.68672604
6560074.00000000	0.16636188	-0.03719315	-0.71062756
6555074.00000000	0.08402621	-0.03547824	-0.72633817
6550074.00000000	-0.00041226	-0.03328665	-0.73277310
6545074.00000000	-0.08732684	-0.03056393	-0.72930792
6540074.00000000	-0.17716269	-0.02687183	-0.71491187
6535074.00000000	-0.26659082	-0.02222165	-0.68923135
6530074.00000000	-0.35436871	-0.01667618	-0.65195187
6525074.00000000	-0.43772281	-0.01029886	-0.60351477
6520074.00000000	-0.51090445	-0.00392786	-0.54749503
6515074.00000000	-0.57539813	0.00213187	-0.48291666
6510074.00000000	-0.62760504	0.00738904	-0.41464615
6505074.00000000	-0.67006860	0.01173083	-0.34100458
6500074.00000000	-0.70286661	0.01547113	-0.26379285
6495074.00000000	-0.72592017	0.01898483	-0.18570435
6490074.00000000	-0.74050629	0.02295599	-0.10236722
6485074.00000000	-0.74527948	0.02686377	-0.01772238
6480074.00000000	-0.73954807	0.03117392	0.07006149
6475074.00000000	-0.72190485	0.03576721	0.16078116
6470074.00000000	-0.69266052	0.04035529	0.25023239
6465074.00000000	-0.64998721	0.04417114	0.34102686
6460074.00000000	-0.59787515	0.04652905	0.42471640
6455074.00000000	-0.53661642	0.04703732	0.50124173
6450074.00000000	-0.46838397	0.04628452	0.56808087
6445074.00000000	-0.39623953	0.04505420	0.62327402
6440074.00000000	-0.31967419	0.04282825	0.66826025
6435074.00000000	-0.24081100	0.04121204	0.70263220
6430074.00000000	-0.16074347	0.03941077	0.72708578
6425074.00000000	-0.07614468	0.03768121	0.74254294
6420074.00000000	0.01085287	0.03543771	0.74774124
6415074.00000000	0.10183044	0.03223953	0.74187027
6410074.00000000	0.19338708	0.02795529	0.72348288
6405074.00000000	0.28411221	0.02266040	0.69275504
6400074.00000000	0.37291364	0.01641776	0.64934378
6395074.00000000	0.45393491	0.01020554	0.59662494
6390074.00000000	0.52648145	0.00448895	0.53538715
6385074.00000000	0.58849539	-0.00077542	0.46781802
6380074.00000000	0.63836865	-0.00519876	0.39709894
6375074.00000000	0.67834305	-0.00883878	0.32217535
6370074.00000000	0.70811203	-0.01197272	0.24541556
6365074.00000000	0.72873755	-0.01507178	0.16687131
6360074.00000000	0.74050589	-0.01877542	0.08393829
6355074.00000000	0.74237567	-0.02270041	0.00077087
6350074.00000000	0.73383383	-0.02738754	-0.08659448
6345074.00000000	0.71404974	-0.03262146	-0.17508878
6340074.00000000	0.68291574	-0.03759641	-0.26359842
6335074.00000000	0.63956424	-0.04201517	-0.35234109
6330074.00000000	0.58841052	-0.04467206	-0.43270142
6325074.00000000	0.52793243	-0.04602240	-0.50731021
6320074.00000000	0.46092755	-0.04604819	-0.57190924
6315074.00000000	0.39110297	-0.04554138	-0.62447235
6310074.00000000	0.32073169	-0.04349084	-0.66566769
6305074.00000000	0.24693088	-0.04211807	-0.69817303
6300074.00000000	0.16807941	-0.04078165	-0.72256610
6295074.00000000	0.08498380	-0.03961325	-0.73790103
6290074.00000000	0.00069165	-0.03824487	-0.74323468
6285074.00000000	-0.08908725	-0.03581061	-0.73761780
6280074.00000000	-0.17958389	-0.03254865	-0.71986667
6275074.00000000	-0.26955942	-0.02835291	-0.68966595
6270074.00000000	-0.35810846	-0.02270337	-0.64661588
6265074.00000000	-0.43784836	-0.01652206	-0.59474985
6260074.00000000	-0.51210388	-0.00984506	-0.53245932
6255074.00000000	-0.57469040	-0.00386154	-0.46503995
6250074.00000000	-0.62672217	0.00146848	-0.39326862
6245074.00000000	-0.66942459	0.00625952	-0.31704431
6240074.00000000	-0.70178448	0.01025204	-0.24035577
6235074.00000000	-0.72625137	0.01429306	-0.15865100
6230074.00000000	-0.74144614	0.01866055	-0.07572183
6225074.00000000	-0.74720038	0.02320612	0.00958566
6220074.00000000	-0.74210510	0.02825632	0.09958340
6215074.00000000	-0.72536658	0.03326208	0.18779361
6210074.00000000	-0.69637970	0.03762241	0.27484012
6205074.00000000	-0.65506314	0.04080157	0.35894363
6200074.00000000	-0.60411261	0.04200378	0.43503543
6195074.00000000	-0.54205814	0.04193866	0.50550690
6190074.00000000	-0.47482870	0.04117331	0.56446942
6185074.00000000	-0.40360648	0.03988635	0.61327905
6180074.00000000	-0.32683069	0.03809958	0.65401810
6175074.00000000	-0.24921808	0.03714594	0.68491641
6170074.00000000	-0.16582922	0.03631876	0.70847635
6165074.00000000	-0.07995758	0.03556754	0.72275296
6160074.00000000	0.00930090	0.03412924	0.72756128
6155074.00000000	0.10328641	0.03159381	0.72175223
6150074.00000000	0.19574200	0.02799521	0.70497913
6145074.00000000	0.28926620	0.02287170	0.67626810
6140074.00000000	0.37766901	0.01690381	0.63695258
6135074.00000000	0.45898929	0.01110178	0.58812302
6130074.00000000	0.53194391	0.00584805	0.53031561
6125074.00000000	0.59280713	0.00156485	0.46726300
6120074.00000000	0.64413602	-0.00194122	0.39803036
6115074.00000000	0.68482742	-0.00476004	0.32525470
6110074.00000000	0.71590854	-0.00730960	0.24957849
6105074.00000000	0.73806238	-0.00996796	0.16951123
6100074.00000000	0.75042169	-0.01311496	0.08728152
6095074.00000000	0.75249344	-0.01732565	0.00059564
6090074.00000000	0.74271442	-0.02241940	-0.08965329
6085074.00000000	0.72100589	-0.02746738	-0.17968079
6080074.00000000	0.68602368	-0.03229474	-0.27308694
6075074.00000000	0.64005670	-0.03683942	-0.36257562
6070074.00000000	0.58477866	-0.04000226	-0.44618967
6065074.00000000	0.52174405	-0.04185687	-0.52137933
6060074.00000000	0.45488150	-0.04260211	-0.58433826
6055074.00000000	0.38201498	-0.04247498	-0.63811066
6050074.00000000	0.30723242	-0.04170822	-0.68047681
6045074.00000000	0.23015961	-0.04083203	-0.71287128
6040074.00000000	0.14914841	-0.03943988	-0.73600681
6035074.00000000	0.06696252	-0.03770609	-0.74860504
6030074.00000000	-0.01953992	-0.03508398	-0.75033023
6025074.00000000	-0.10750400	-0.03139972	-0.73929980
6020074.00000000	-0.19432947	-0.02653610	-0.71570395
6015074.00000000	-0.28115469	-0.02107455	-0.67879187
6010074.00000000	-0.36332980	-0.01553018	-0.63108936
6005074.00000000	-0.44044418	-0.01011230	-0.57395459
6000074.00000000	-0.51010236	-0.00491290	-0.50958215
5995074.00000000	-0.56907059	-0.00010034	-0.44162735
5990074.00000000	-0.61983557	0.00438129	-0.36795062
5985074.00000000	-0.66023367	0.00811630	-0.29301477
5980074.00000000	-0.69237280	0.01138361	-0.21413452
5975074.00000000	-0.71628058	0.01452686	-0.13180646
5970074.00000000	-0.73131036	0.01787979	-0.04846793
5965074.00000000	-0.73776019	0.02162939	0.04073578
5960074.00000000	-0.73440439	0.02594528	0.13031659
5955074.00000000	-0.72001721	0.03037347	0.22239087
5950074.00000000	-0.69338165	0.03461295	0.31486133
5945074.00000000	-0.65491946	0.03810767	0.40169916
5940074.00000000	-0.60464111	0.04060129	0.48140207
5935074.00000000	-0.54421393	0.04174893	0.55118231
5930074.00000000	-0.47695840	0.04148068	0.60884723
5925074.00000000	-0.40360419	0.04059937	0.65615204
5920074.00000000	-0.32715350	0.03934418	0.69257788
5915074.00000000	-0.24714185	0.03820447	0.71953619
5910074.00000000	-0.16354797	0.03700940	0.73696252
5905074.00000000	-0.07690503	0.03587234	0.74413068
5900074.00000000	0.01510971	0.03412350	0.74054724
5895074.00000000	0.10819516	0.03176379	0.72481662
5890074.00000000	0.20419940	0.02834192	0.69697650
5885074.00000000	0.30092633	0.02375943	0.65717758
5880074.00000000	0.38962296	0.01843948	0.60915482
5875074.00000000	0.47259442	0.01263934	0.55212814
5870074.00000000	0.54331985	0.00672046	0.49056372
5865074.00000000	0.60316992	0.00144897	0.42402765
5860074.00000000	0.65261911	-0.00310770	0.35277567
5855074.00000000	0.69061148	-0.00662378	0.28055411
5850074.00000000	0.72042627	-0.00997803	0.20309875
5845074.00000000	0.74057126	-0.01352826	0.12416852
5840074.00000000	0.75135712	-0.01697385	0.04228830
5835074.00000000	0.75162976	-0.02126822	-0.04432062
5830074.00000000	0.74052689	-0.02565726	-0.13017606
5825074.00000000	0.71683411	-0.03132584	-0.21754962
5820074.00000000	0.68075095	-0.03616513	-0.30295847
5815074.00000000	0.63394391	-0.04007916	-0.38283221
5810074.00000000	0.57666501	-0.04289731	-0.45732770
5805074.00000000	0.51315353	-0.04457050	-0.52164917
5800074.00000000	0.44210510	-0.04477475	-0.57821558
5795074.00000000	0.36746811	-0.04397501	-0.62471692
5790074.00000000	0.29178726	-0.04278033	-0.66120273
5785074.00000000	0.21175665	-0.04137775	-0.68980258
5780074.00000000	0.13067828	-0.03943015	-0.70954126
5775074.00000000	0.04555743	-0.03723404	-0.72057382
5770074.00000000	-0.04204437	-0.03444156	-0.72184576
5765074.00000000	-0.12983795	-0.03138416	-0.71247607
5760074.00000000	-0.21956232	-0.02722058	-0.69167548
5755074.00000000	-0.30594128	-0.02226944	-0.65972638
5750074.00000000	-0.38669122	-0.01729852	-0.61762991
5745074.00000000	-0.46117847	-0.01262830	-0.56572354
5740074.00000000	-0.52508597	-0.00833276	-0.50763867
5735074.00000000	-0.58047958	-0.00413068	-0.44263934
5730074.00000000	-0.62586050	-0.00022919	-0.37393671
5725074.00000000	-0.66199161	0.00339487	-0.30250858
5720074.00000000	-0.69060226	0.00701688	-0.22599759
5715074.00000000	-0.71051874	0.01093024	-0.14808740
5710074.00000000	-0.72254578	0.01568726	-0.06512466
5705074.00000000	-0.72536676	0.02134576	0.02041629
5700074.00000000	-0.71827280	0.02754700	0.10800168
5695074.00000000	-0.69956882	0.03379016	0.19996628
5690074.00000000	-0.66976804	0.03901166	0.28979114
5685074.00000000	-0.62834235	0.04270667	0.37753726
5680074.00000000	-0.57714789	0.04458694	0.45836710
5675074.00000000	-0.51738708	0.04459103	0.53020612
5670074.00000000	-0.45027527	0.04364682	0.59233615
5665074.00000000	-0.38028741	0.04221341	0.64245294
5660074.00000000	-0.30534082	0.04070853	0.68331329
5655074.00000000	-0.22527606	0.03905307	0.71516034
5650074.00000000	-0.14450946	0.03744095	0.73679025
5645074.00000000	-0.05689691	0.03543036	0.74918311
5640074.00000000	0.03325031	0.03280774	0.75038782
5635074.00000000	0.12602756	0.02954132	0.73939566
5630074.00000000	0.22247983	0.02559018	0.71503265
5625074.00000000	0.31375659	0.02182700	0.67895065
5620074.00000000	0.40250839	0.01782300	0.63053397
5615074.00000000	0.48072488	0.01369073	0.57403915
5610074.00000000	0.54860428	0.00970868	0.51060614
5605074.00000000	0.60599106	0.00582645	0.44155078
5600074.00000000	0.65220923	0.00247855	0.36984958
5595074.00000000	0.68938684	-0.00080301	0.29454449
5590074.00000000	0.71747934	-0.00407300	0.21601831
5585074.00000000	0.73624930	-0.00761472	0.13638416
5580074.00000000	0.74605566	-0.01185745	0.05127795
5575074.00000000	0.74532269	-0.01690057	-0.03436209
5570074.00000000	0.73324106	-0.02244644	-0.12444458
5565074.00000000	0.70887341	-0.02816422	-0.21590338
5560074.00000000	0.67384265	-0.03321933	-0.30262628
5555074.00000000	0.62723621	-0.03731705	-0.38671167
5550074.00000000	0.57186469	-0.03991312	-0.46247644
5545074.00000000	0.50840616	-0.04090112	-0.52984918
5540074.00000000	0.43784851	-0.04065225	-0.58808301
5535074.00000000	0.36479288	-0.03985800	-0.63503601
5530074.00000000	0.28606964	-0.03899014	-0.67389218
5525074.00000000	0.20370755	-0.03827167	-0.70364325
5520074.00000000	0.11918344	-0.03767606	-0.72426022
5515074.00000000	0.02772183	-0.03702756	-0.73624817
5510074.00000000	-0.06577847	-0.03589514	-0.73791837
5505074.00000000	-0.16350772	-0.03384479	-0.72860907
5500074.00000000	-0.26348856	-0.03041232	-0.70712329
5495074.00000000	-0.35821417	-0.02576971	-0.67478366
5490074.00000000	-0.44894186	-0.02009106	-0.63026620
5485074.00000000	-0.52682904	-0.01425189	-0.57757397
5480074.00000000	-0.59389813	-0.00871274	-0.51614609
5475074.00000000	-0.64877414	-0.00398358	-0.44861017
5470074.00000000	-0.69150668	0.00010364	-0.37787961
5465074.00000000	-0.72464337	0.00396185	-0.30195425
5460074.00000000	-0.74737085	0.00791275	-0.22383273
5455074.00000000	-0.75999191	0.01227539	-0.14178165
5450074.00000000	-0.76114697	0.01745682	-0.05414923
5445074.00000000	-0.74975961	0.02292026	0.03531033
5440074.00000000	-0.72427148	0.02860229	0.13038589
5435074.00000000	-0.68616913	0.03279605	0.22538269
5430074.00000000	-0.63754300	0.03515622	0.31806619
5425074.00000000	-0.57852936	0.03641156	0.40853860
5420074.00000000	-0.51565985	0.03676849	0.48704361
5415074.00000000	-0.44648929	0.03637161	0.55691577
5410074.00000000	-0.37418948	0.03563748	0.61522198
5405074.00000000	-0.30015607	0.03468301	0.66205249
5400074.00000000	-0.22203375	0.03403177	0.69967178
5395074.00000000	-0.14317776	0.03339072	0.72696844
5390074.00000000	-0.05962555	0.03263791	0.74551340
5385074.00000000	0.02715262	0.03132211	0.75359097
5380074.00000000	0.11401242	0.02943304	0.74998923
5375074.00000000	0.20184985	0.02679657	0.73366376
5370074.00000000	0.28555292	0.02347244	0.70514795
5365074.00000000	0.36476416	0.01980579	0.66497833
5360074.00000000	0.43807248	0.01614642	0.61409158
5355074.00000000	0.50148325	0.01269205	0.55670895
5350074.00000000	0.55800250	0.00932675	0.49117783
5345074.00000000	0.60448233	0.00641678	0.42280667
5340074.00000000	0.64290070	0.00374155	0.35056674
5335074.00000000	0.67404480	0.00096149	0.27359366
5330074.00000000	0.69658389	-0.00207574	0.19628079
5325074.00000000	0.71195886	-0.00585101	0.11249106
5320074.00000000	0.71828580	-0.01021240	0.02626407
5315074.00000000	0.71495355	-0.01522025	-0.06232632
5310074.00000000	0.70082239	-0.02092429	-0.15567383
5305074.00000000	0.67611606	-0.02639798	-0.24655936
5300074.00000000	0.63979910	-0.03129590	-0.33673267
5295074.00000000	0.59320911	-0.03506723	-0.42092017
5290074.00000000	0.53922150	-0.03726828	-0.49435083
5285074.00000000	0.47629053	-0.03827383	-0.55968774
5280074.00000000	0.40910510	-0.03825888	-0.61298499
5275074.00000000	0.33673349	-0.03791876	-0.65680536
5270074.00000000	0.26014120	-0.03725302	-0.69099548
5265074.00000000	0.18125443	-0.03664026	-0.71548923
5260074.00000000	0.09446533	-0.03543765	-0.73158566
5255074.00000000	0.00518863	-0.03425201	-0.73709122
5250074.00000000	-0.08898474	-0.03259485	-0.73151794
5245074.00000000	-0.18589578	-0.03054010	-0.71416116
5240074.00000000	-0.27917944	-0.02764651	-0.68609787
5235074.00000000	-0.37063315	-0.02397736	-0.64708405
5230074.00000000	-0.45423862	-0.01948328	-0.59880136
5225074.00000000	-0.52723679	-0.01473007	-0.54301279
5220074.00000000	-0.59003793	-0.00984656	-0.47967767
5215074.00000000	-0.64033643	-0.00571204	-0.41291797
5210074.00000000	-0.68086679	-0.00217572	-0.34159302
5205074.00000000	-0.71208978	0.00085519	-0.26596490
5200074.00000000	-0.73386111	0.00362775	-0.18775644
5195074.00000000	-0.74611771	0.00656573	-0.10360294
5190074.00000000	-0.74747311	0.00996707	-0.01779266
5185074.00000000	-0.73713876	0.01339911	0.07246219
5180074.00000000	-0.71432831	0.01663480	0.16631650
5175074.00000000	-0.68040750	0.01992053	0.25808710
5170074.00000000	-0.63480710	0.02281927	0.34928992
5165074.00000000	-0.58167371	0.02480670	0.43167026
5160074.00000000	-0.52094662	0.02659091	0.50596539
5155074.00000000	-0.45409402	0.02829373	0.57015628
5150074.00000000	-0.38473157	0.02861401	0.62255869
5145074.00000000	-0.30996384	0.02902042	0.66639899
5140074.00000000	-0.23330527	0.02920694	0.70018848
5135074.00000000	-0.15283951	0.02917010	0.72537582
5130074.00000000	-0.06760730	0.02904190	0.74146573
5125074.00000000	0.01782370	0.02855481	0.74738937
5120074.00000000	0.10780289	0.02729938	0.74219363
5115074.00000000	0.19810684	0.02554025	0.72506229
5110074.00000000	0.28633072	0.02250821	0.69549429
5105074.00000000	0.37205270	0.01898233	0.65338016
5100074.00000000	0.44850336	0.01528040	0.60226117
5095074.00000000	0.51693106	0.01184326	0.54217615
5090074.00000000	0.57552066	0.00838730	0.47564240
5085074.00000000	0.62414185	0.00592999	0.40477283
5080074.00000000	0.66478040	0.00329105	0.32781970
5075074.00000000	0.69542102	0.00123779	0.24963889
5070074.00000000	0.71814926	-0.00084503	0.16620337
5065074.00000000	0.73189041	-0.00354733	0.07824179
5060074.00000000	0.73583920	-0.00696094	-0.01291949
5055074.00000000	0.72900638	-0.01026898	-0.10983185
5050074.00000000	0.71139606	-0.01384064	-0.20615714
5045074.00000000	0.68233670	-0.01758667	-0.30350705
5040074.00000000	0.64211386	-0.02135620	-0.39733563
5035074.00000000	0.59317969	-0.02354660	-0.48057947
5030074.00000000	0.53394748	-0.02472894	-0.55509918
5025074.00000000	0.46957565	-0.02468140	-0.61543689
5020074.00000000	0.39995395	-0.02449576	-0.66405246
5015074.00000000	0.32384869	-0.02406326	-0.70299731
5010074.00000000	0.24570468	-0.02371323	-0.73057355
5005074.00000000	0.16041464	-0.02316238	-0.74871579
5000074.00000000	0.07120071	-0.02313184	-0.75529596
4995074.00000000	-0.02216724	-0.02276886	-0.74968497
4990074.00000000	-0.12209613	-0.02211292	-0.73047659
4985074.00000000	-0.22106000	-0.02040927	-0.69877032
4980074.00000000	-0.32035620	-0.01845648	-0.65505432
4975074.00000000	-0.41309695	-0.01566666	-0.60236160
4970074.00000000	-0.49546625	-0.01290234	-0.54314975
4965074.00000000	-0.56695816	-0.00954468	-0.47788535
4960074.00000000	-0.62530756	-0.00678424	-0.40942941
4955074.00000000	-0.67333401	-0.00331726	-0.33590216
4950074.00000000	-0.71231427	-0.00048083	-0.25475369
4945074.00000000	-0.73833936	0.00205475	-0.17725153
4940074.00000000	-0.75475845	0.00430356	-0.09590112
4935074.00000000	-0.76056467	0.00672491	-0.01364725
4930074.00000000	-0.75491379	0.01013123	0.07247244
4925074.00000000	-0.73595636	0.01316830	0.16181305
4920074.00000000	-0.70497131	0.01645993	0.24723416
4915074.00000000	-0.66106311	0.01873187	0.33234802
4910074.00000000	-0.60818201	0.02090866	0.41037628
4905074.00000000	-0.54709491	0.02210873	0.48143185
4900074.00000000	-0.47940314	0.02268546	0.54447922
4895074.00000000	-0.40948215	0.02241870	0.59659006
4890074.00000000	-0.33419501	0.02213507	0.64117300
4885074.00000000	-0.25745905	0.02173849	0.67616388
4880074.00000000	-0.17869012	0.02140836	0.70226141
4875074.00000000	-0.09546088	0.02105154	0.72007822
4870074.00000000	-0.01113544	0.02078018	0.72803162
4865074.00000000	0.07764719	0.02014456	0.72559293
4860074.00000000	0.16714484	0.01923480	0.71137827
4855074.00000000	0.25500070	0.01778409	0.68532437
4850074.00000000	0.34083630	0.01574820	0.64721078
4845074.00000000	0.41842841	0.01302469	0.59988943
4840074.00000000	0.48899637	0.01037991	0.54320578
4835074.00000000	0.54981601	0.00784427	0.47989917
4830074.00000000	0.59976776	0.00541620	0.41321478
4825074.00000000	0.64166125	0.00338919	0.34082394
4820074.00000000	0.67407278	0.00131271	0.26694714
4815074.00000000	0.69858899	-0.00044342	0.18864032
4810074.00000000	0.71458569	-0.00246255	0.10656412
4805074.00000000	0.72122031	-0.00468713	0.02250305
4800074.00000000	0.71772693	-0.00752322	-0.06694763
4795074.00000000	0.70338547	-0.01022079	-0.15660220
4790074.00000000	0.67746252	-0.01274902	-0.24810059
4785074.00000000	0.64030594	-0.01509879	-0.33783679
4780074.00000000	0.59487546	-0.01686084	-0.41910663
4775074.00000000	0.53937485	-0.01797400	-0.49504752
4770074.00000000	0.47841483	-0.01858444	-0.55922617
4765074.00000000	0.41227396	-0.01887677	-0.61314163
4760074.00000000	0.34032913	-0.01909418	-0.65810446
4755074.00000000	0.26680075	-0.01957449	-0.69246338
4750074.00000000	0.18834430	-0.02033795	-0.71828531
4745074.00000000	0.10667969	-0.02131061	-0.73447598
4740074.00000000	0.02179712	-0.02231992	-0.74043451
4735074.00000000	-0.06837570	-0.02289926	-0.73522998
4730074.00000000	-0.15823978	-0.02279144	-0.71880988
4725074.00000000	-0.25040479	-0.02164767	-0.69061285
4720074.00000000	-0.34080740	-0.01957031	-0.65146277
4715074.00000000	-0.42406479	-0.01677109	-0.60389178
4710074.00000000	-0.50150500	-0.01348743	-0.54695575
4705074.00000000	-0.56694824	-0.01034131	-0.48492282
4700074.00000000	-0.62334500	-0.00706918	-0.41551590
4695074.00000000	-0.66914413	-0.00333136	-0.34145108
4690074.00000000	-0.70389505	-0.00118835	-0.26630295
4685074.00000000	-0.73034958	0.00081934	-0.18529276
4680074.00000000	-0.74715247	0.00299585	-0.10079724
4675074.00000000	-0.75375470	0.00543503	-0.01236176
4670074.00000000	-0.74881412	0.00835028	0.08184268
4665074.00000000	-0.73167435	0.01153467	0.17624292
4660074.00000000	-0.70149475	0.01430862	0.27301224
4655074.00000000	-0.65954385	0.01652698	0.36546637
4650074.00000000	-0.60771075	0.01790210	0.44992935
4645074.00000000	-0.54567026	0.01865027	0.52620779
4640074.00000000	-0.47928674	0.01884357	0.58863281
4635074.00000000	-0.40561179	0.01873334	0.64162793
4630074.00000000	-0.32944986	0.01852515	0.68307315
4625074.00000000	-0.25004944	0.01802145	0.71473181
4620074.00000000	-0.16508499	0.01779068	0.73697421
4615074.00000000	-0.07872552	0.01800143	0.74859680
4610074.00000000	0.01409305	0.01802576	0.74908594
4605074.00000000	0.10901535	0.01803299	0.73696451
4600074.00000000	0.20300562	0.01756357	0.71234036
4595074.00000000	0.29730988	0.01651807	0.67491620
4590074.00000000	0.38359149	0.01484869	0.62787952
4585074.00000000	0.46239166	0.01266763	0.57197253
4580074.00000000	0.53135715	0.01014456	0.50895740
4575074.00000000	0.58735458	0.00798138	0.44327679
4570074.00000000	0.63502350	0.00576111	0.37108292
4565074.00000000	0.67182043	0.00402954	0.29762338
4560074.00000000	0.70001074	0.00248303	0.22060132
4555074.00000000	0.71972791	0.00099091	0.13935956
4550074.00000000	0.73009448	-0.00059973	0.05662491
4545074.00000000	0.73055368	-0.00242484	-0.03210196
4540074.00000000	0.72020923	-0.00434726	-0.12136807
4535074.00000000	0.69857675	-0.00636392	-0.21131378
4530074.00000000	0.66536292	-0.00826459	-0.30147409
4525074.00000000	0.62267545	-0.00982584	-0.38527487
4520074.00000000	0.57096027	-0.01124591	-0.46227252
4515074.00000000	0.51175363	-0.01233603	-0.53029861
4510074.00000000	0.44777493	-0.01292255	-0.58717319
4505074.00000000	0.37762100	-0.01327515	-0.63535999
4500074.00000000	0.30492755	-0.01353467	-0.67354218
4495074.00000000	0.22881497	-0.01395444	-0.70285706
4490074.00000000	0.14756650	-0.01447238	-0.72377496
4485074.00000000	0.06439996	-0.01514307	-0.73482452
4480074.00000000	-0.02433090	-0.01604736	-0.73547482
4475074.00000000	-0.11526221	-0.01660129	-0.72444568
4470074.00000000	-0.20729352	-0.01655966	-0.70132800
4465074.00000000	-0.29952106	-0.01581848	-0.66589929
4460074.00000000	-0.38416995	-0.01431851	-0.62112799
4455074.00000000	-0.46389951	-0.01230420	-0.56608438
4450074.00000000	-0.53244672	-0.01031909	-0.50525946
4445074.00000000	-0.59009140	-0.00862906	-0.43976880
4440074.00000000	-0.63897830	-0.00716354	-0.36839307
4435074.00000000	-0.67676285	-0.00589468	-0.29642407
4430074.00000000	-0.70659787	-0.00480115	-0.21863626
4425074.00000000	-0.72707706	-0.00340466	-0.13766678
4420074.00000000	-0.73759561	-0.00194846	-0.05386432
4415074.00000000	-0.73742560	-0.00008383	0.03573538
4410074.00000000	-0.72547672	0.00204892	0.12609500
4405074.00000000	-0.70139285	0.00432898	0.21847903
4400074.00000000	-0.66547015	0.00644678	0.30953021
4395074.00000000	-0.62039551	0.00858246	0.39329721
4390074.00000000	-0.56521786	0.01063126	0.47137830
4385074.00000000	-0.50414392	0.01244733	0.53794159
4380074.00000000	-0.43875647	0.01405484	0.59331256
4375074.00000000	-0.36623047	0.01475128	0.64052927
4370074.00000000	-0.29315244	0.01542340	0.67655530
4365074.00000000	-0.21556458	0.01621570	0.70448083
4360074.00000000	-0.13405142	0.01651132	0.72358347
4355074.00000000	-0.05049902	0.01653052	0.73303500
4350074.00000000	0.03876483	0.01605475	0.73190387
4345074.00000000	0.12741977	0.01509207	0.71944110
4340074.00000000	0.21728922	0.01346625	0.69486612
4335074.00000000	0.30562030	0.01143881	0.65877090
4330074.00000000	0.38700131	0.00941077	0.61376907
4325074.00000000	0.46290753	0.00763248	0.55963113
4320074.00000000	0.52859464	0.00626953	0.49994305
4315074.00000000	0.58536249	0.00542825	0.43480948
4310074.00000000	0.63231720	0.00503824	0.36647263
4305074.00000000	0.67011783	0.00495505	0.29536520
4300074.00000000	0.70049313	0.00498969	0.21884940
4295074.00000000	0.72148318	0.00490405	0.14088913
4290074.00000000	0.73373526	0.00474612	0.05817395
4285074.00000000	0.73559619	0.00439923	-0.02909171
4280074.00000000	0.72602579	0.00354572	-0.11680615
4275074.00000000	0.70384210	0.00203503	-0.20791898
4270074.00000000	0.66976709	-0.00008566	-0.29616699
4265074.00000000	0.62478046	-0.00232214	-0.37997266
4260074.00000000	0.56915689	-0.00446179	-0.45822995
4255074.00000000	0.50711902	-0.00618643	-0.52588620
4250074.00000000	0.43862051	-0.00745074	-0.58413327
4245074.00000000	0.36614301	-0.00835153	-0.63210446
4240074.00000000	0.29108777	-0.00897781	-0.67046887
4235074.00000000	0.21080774	-0.00940271	-0.70062512
4230074.00000000	0.12914648	-0.00976834	-0.72112402
4225074.00000000	0.04351218	-0.01011734	-0.73218976
4220074.00000000	-0.04598175	-0.01035599	-0.73256277
4215074.00000000	-0.13549686	-0.01049536	-0.72153729
4210074.00000000	-0.22688754	-0.01012766	-0.69782623
4205074.00000000	-0.31418973	-0.00961273	-0.66299274
4200074.00000000	-0.39651169	-0.00897598	-0.61765030
4195074.00000000	-0.47172504	-0.00843341	-0.56317834
4190074.00000000	-0.53591846	-0.00803723	-0.50318323
4185074.00000000	-0.59165546	-0.00773431	-0.43686267
4180074.00000000	-0.63736407	-0.00763605	-0.36743695
4175074.00000000	-0.67417029	-0.00769348	-0.29514047
4170074.00000000	-0.70309277	-0.00788510	-0.21831308
4165074.00000000	-0.72289969	-0.00793570	-0.14008411
4160074.00000000	-0.73390964	-0.00752997	-0.05699164
4155074.00000000	-0.73471024	-0.00638235	0.02916385
4150074.00000000	-0.72453378	-0.00418945	0.11605692
4145074.00000000	-0.70230661	-0.00091794	0.20569620
4140074.00000000	-0.66902737	0.00299991	0.29182028
4135074.00000000	-0.62465851	0.00700687	0.37459210
4130074.00000000	-0.57086273	0.01033386	0.45064566
4125074.00000000	-0.51023511	0.01258316	0.51719977
4120074.00000000	-0.44248172	0.01376917	0.57576059
4115074.00000000	-0.37157687	0.01427359	0.62397702
4110074.00000000	-0.29616336	0.01416232	0.66395410
4105074.00000000	-0.21684879	0.01404779	0.69556281
4100074.00000000	-0.13442258	0.01388284	0.71856055
4095074.00000000	-0.04652087	0.01388098	0.73249744
4090074.00000000	0.04335760	0.01386407	0.73592453
4085074.00000000	0.13626309	0.01381900	0.72793445
4080074.00000000	0.23027222	0.01352139	0.70746179
4075074.00000000	0.32014191	0.01274457	0.67525183
4070074.00000000	0.40540201	0.01141486	0.63119226
4065074.00000000	0.48097375	0.00969867	0.57803705
4060074.00000000	0.54680222	0.00763879	0.51671500
4055074.00000000	0.60238892	0.00557220	0.44895639
4050074.00000000	0.64755408	0.00381522	0.37701877
4045074.00000000	0.68402341	0.00228076	0.30020920
4040074.00000000	0.71127689	0.00093167	0.21988730
4035074.00000000	0.72966696	-0.00042587	0.13511432
4030074.00000000	0.73854340	-0.00190692	0.04449789
4025074.00000000	0.73682199	-0.00357733	-0.04947018
4020074.00000000	0.72379721	-0.00539023	-0.14740305
4015074.00000000	0.69921375	-0.00704163	-0.24617386
4010074.00000000	0.66406793	-0.00828778	-0.34089270
4005074.00000000	0.61823544	-0.00917807	-0.42978333
4000074.00000000	0.56448672	-0.00944458	-0.50721368
3995074.00000000	0.50374448	-0.00950540	-0.57331857
3990074.00000000	0.43619794	-0.00946515	-0.62890250
3985074.00000000	0.36601367	-0.00942361	-0.67261600
3980074.00000000	0.29015738	-0.00938858	-0.70739853
3975074.00000000	0.21135562	-0.00994760	-0.73221652
3970074.00000000	0.12796216	-0.01089105	-0.74732013
3965074.00000000	0.03896939	-0.01222607	-0.75153418
3960074.00000000	-0.05218008	-0.01367154	-0.74345789
3955074.00000000	-0.14759601	-0.01467911	-0.72220578
3950074.00000000	-0.24166666	-0.01510385	-0.68883972
3945074.00000000	-0.33197742	-0.01464062	-0.64458389
3940074.00000000	-0.41693192	-0.01332538	-0.59027768
3935074.00000000	-0.49131580	-0.01145352	-0.52961420
3930074.00000000	-0.55710730	-0.00968515	-0.46180414
3925074.00000000	-0.61190927	-0.00802539	-0.39062952
3920074.00000000	-0.65748080	-0.00650427	-0.31563058
3915074.00000000	-0.69450986	-0.00510312	-0.23647452
3910074.00000000	-0.72222842	-0.00375937	-0.15479166
3905074.00000000	-0.74103659	-0.00240903	-0.06882806
3900074.00000000	-0.74930206	-0.00101010	0.02009363
3895074.00000000	-0.74591574	0.00044147	0.11070068
3890074.00000000	-0.72945203	0.00167593	0.20295895
3885074.00000000	-0.70014560	0.00262073	0.29112564
3880074.00000000	-0.65881226	0.00363211	0.37379398
3875074.00000000	-0.60671545	0.00443854	0.44932452
3870074.00000000	-0.54702759	0.00546152	0.51441858
3865074.00000000	-0.48045383	0.00604498	0.57038748
3860074.00000000	-0.41051263	0.00667889	0.61577902
3855074.00000000	-0.33790454	0.00738998	0.65181689
3850074.00000000	-0.26082156	0.00818198	0.68017755
3845074.00000000	-0.18134824	0.00881653	0.69993546
3840074.00000000	-0.09748755	0.00944781	0.71116010
3835074.00000000	-0.01119815	0.01001245	0.71280008
3830074.00000000	0.07791071	0.01033127	0.70440427
3825074.00000000	0.16893060	0.01047552	0.68530664
3820074.00000000	0.25817114	0.01015567	0.65636691
3815074.00000000	0.34508795	0.00974969	0.61781024
3810074.00000000	0.42558731	0.00923096	0.57117181
3805074.00000000	0.49796698	0.00852966	0.51750894
3800074.00000000	0.56163812	0.00821490	0.45685699
3795074.00000000	0.61458978	0.00818604	0.39215891
3790074.00000000	0.65857846	0.00813702	0.32257629
3785074.00000000	0.69358463	0.00820322	0.24872803
3780074.00000000	0.71938116	0.00800397	0.17208136
3775074.00000000	0.73669940	0.00755991	0.08904361
3770074.00000000	0.74383258	0.00633975	0.00308545
3765074.00000000	0.73992703	0.00437576	-0.08795651
3760074.00000000	0.72367331	0.00171573	-0.18260370
3755074.00000000	0.69540833	-0.00130042	-0.27616623
3750074.00000000	0.65449597	-0.00393158	-0.36798557
3745074.00000000	0.60341791	-0.00556946	-0.45183011
3740074.00000000	0.54344330	-0.00638348	-0.52585519
3735074.00000000	0.47611835	-0.00620181	-0.58929932
3730074.00000000	0.40529504	-0.00520032	-0.64028662
3725074.00000000	0.32965894	-0.00408743	-0.68186847
3720074.00000000	0.25046179	-0.00280222	-0.71375708
3715074.00000000	0.16768942	-0.00159036	-0.73591498
3710074.00000000	0.08017206	-0.00066040	-0.74805399
3705074.00000000	-0.00966605	-0.00010086	-0.74853928
3700074.00000000	-0.10350919	-0.00019635	-0.73601651
3695074.00000000	-0.19742551	-0.00100906	-0.70981046
3690074.00000000	-0.28868326	-0.00211581	-0.67085919
3685074.00000000	-0.37517734	-0.00356976	-0.62062720
3680074.00000000	-0.45236038	-0.00485663	-0.56269495
3675074.00000000	-0.52071603	-0.00583237	-0.49791599
3670074.00000000	-0.57852692	-0.00654822	-0.42927768
3665074.00000000	-0.62627087	-0.00703992	-0.35845145
3660074.00000000	-0.66585138	-0.00731870	-0.28368820
3655074.00000000	-0.69637585	-0.00744357	-0.20802902
3650074.00000000	-0.71912134	-0.00735175	-0.12852319
3645074.00000000	-0.73290393	-0.00691705	-0.04641852
3640074.00000000	-0.73683389	-0.00579303	0.03674359
3635074.00000000	-0.72998886	-0.00376096	0.12258548
3630074.00000000	-0.71168719	-0.00128796	0.20702264
3625074.00000000	-0.68177835	0.00149448	0.28937030
3620074.00000000	-0.63978809	0.00376501	0.36899271
3615074.00000000	-0.58841437	0.00518848	0.44084363
3610074.00000000	-0.52711899	0.00548627	0.50667154
3605074.00000000	-0.45981085	0.00521890	0.56303806
3600074.00000000	-0.38802441	0.00427478	0.61038986
3595074.00000000	-0.31027859	0.00323093	0.65025378
3590074.00000000	-0.23047818	0.00224680	0.68128131
3585074.00000000	-0.14528821	0.00128036	0.70474255
3580074.00000000	-0.05561740	0.00069763	0.71956177
3575074.00000000	0.03562198	0.00104422	0.72452643
3570074.00000000	0.13058353	0.00156741	0.71876505
3565074.00000000	0.22292352	0.00259186	0.70146951
3560074.00000000	0.31304300	0.00379590	0.67204318
3555074.00000000	0.39714828	0.00500778	0.63103229
3550074.00000000	0.47149338	0.00620795	0.58071906
3545074.00000000	0.53686008	0.00696628	0.52146588
3540074.00000000	0.59128064	0.00764630	0.45662323
3535074.00000000	0.63637775	0.00832745	0.38684027
3530074.00000000	0.67257404	0.00909552	0.31281808
3525074.00000000	0.69974860	0.00934814	0.23608984
3520074.00000000	0.71855322	0.00945663	0.15442319
3515074.00000000	0.72790469	0.00912900	0.06890884
3510074.00000000	0.72710736	0.00838300	-0.02134088
3505074.00000000	0.71525650	0.00722897	-0.11525311
3500074.00000000	0.69289539	0.00547885	-0.20820303
3495074.00000000	0.65996771	0.00316998	-0.30059607
3490074.00000000	0.61745569	0.00075656	-0.38738806
3485074.00000000	0.56662347	-0.00173062	-0.46541980
3480074.00000000	0.50768604	-0.00372269	-0.53433987
3475074.00000000	0.44384290	-0.00527539	-0.59145886
3470074.00000000	0.37397891	-0.00612830	-0.63953024
3465074.00000000	0.30012341	-0.00663123	-0.67783560
3460074.00000000	0.22335889	-0.00712305	-0.70669714
3455074.00000000	0.14065677	-0.00724258	-0.72684991
3450074.00000000	0.05454544	-0.00723132	-0.73691672
3445074.00000000	-0.03575327	-0.00700916	-0.73603983
3440074.00000000	-0.12954593	-0.00676456	-0.72332816
3435074.00000000	-0.22195828	-0.00625516	-0.69905612
3430074.00000000	-0.31294229	-0.00572751	-0.66319257
3425074.00000000	-0.39711752	-0.00499280	-0.61769571
3420074.00000000	-0.47299017	-0.00440961	-0.56354523
3415074.00000000	-0.53910602	-0.00395932	-0.50223047
3410074.00000000	-0.59382120	-0.00369241	-0.43670654
3405074.00000000	-0.64012350	-0.00349463	-0.36502197
3400074.00000000	-0.67660602	-0.00336456	-0.29052704
3395074.00000000	-0.70469302	-0.00326785	-0.21191507
3390074.00000000	-0.72416776	-0.00301849	-0.12898010
3385074.00000000	-0.73428427	-0.00259189	-0.04294983
3380074.00000000	-0.73423386	-0.00188635	0.04886551
3375074.00000000	-0.72272647	-0.00076871	0.14219772
3370074.00000000	-0.69960068	0.00063049	0.23501523
3365074.00000000	-0.66438574	0.00184650	0.32594290
3360074.00000000	-0.61862680	0.00328455	0.40981082
3355074.00000000	-0.56383029	0.00472403	0.48432675
3350074.00000000	-0.50059195	0.00552222	0.54958231
3345074.00000000	-0.43259677	0.00622708	0.60355920
3340074.00000000	-0.35969174	0.00680374	0.64782419
3335074.00000000	-0.28312122	0.00726108	0.68261768
3330074.00000000	-0.20261093	0.00779346	0.70830365
3325074.00000000	-0.11703970	0.00842059	0.72458163
3320074.00000000	-0.02857285	0.00925497	0.73057620
3315074.00000000	0.06488821	0.00984024	0.72515689
3310074.00000000	0.15913010	0.01034860	0.70795184
3305074.00000000	0.25183295	0.01064078	0.67955939
3300074.00000000	0.34183777	0.01018143	0.64005609
3295074.00000000	0.42267261	0.00909189	0.59265848
3290074.00000000	0.49499478	0.00753845	0.53726123
3285074.00000000	0.55723941	0.00595901	0.47571664
3280074.00000000	0.60866406	0.00458194	0.41028827
3275074.00000000	0.65130466	0.00349484	0.33980289
3270074.00000000	0.68465225	0.00266330	0.26649832
3265074.00000000	0.70999277	0.00206912	0.18800906
3260074.00000000	0.72632376	0.00147839	0.10587119
3255074.00000000	0.73288162	0.00067773	0.02030869
3250074.00000000	0.72880713	-0.00025800	-0.06995474
3245074.00000000	0.71321652	-0.00158722	-0.16179117
3240074.00000000	0.68584637	-0.00315210	-0.25424982
3235074.00000000	0.64743259	-0.00478854	-0.34341678
3230074.00000000	0.59949829	-0.00639539	-0.42551688
3225074.00000000	0.54208786	-0.00763477	-0.50016522
3220074.00000000	0.47914413	-0.00888922	-0.56309607
3215074.00000000	0.41171039	-0.01020471	-0.61540479
3210074.00000000	0.33964224	-0.01128369	-0.65814548
3205074.00000000	0.26468936	-0.01229340	-0.69162595
3200074.00000000	0.18469965	-0.01360406	-0.71606009
3195074.00000000	0.10208453	-0.01531824	-0.73014310
3190074.00000000	0.01643497	-0.01738959	-0.73319382
3185074.00000000	-0.07144769	-0.01927707	-0.72434354
3180074.00000000	-0.15813300	-0.02058401	-0.70311969
3175074.00000000	-0.24250497	-0.02037427	-0.67052258
3170074.00000000	-0.32206064	-0.01870480	-0.62821622
3165074.00000000	-0.39352289	-0.01591998	-0.57881052
3160074.00000000	-0.45781619	-0.01241486	-0.52278394
3155074.00000000	-0.51359338	-0.00856308	-0.46194199
3150074.00000000	-0.56055078	-0.00487952	-0.39777185
3145074.00000000	-0.60026898	-0.00131500	-0.32919324
3140074.00000000	-0.63161057	0.00198642	-0.25854321
3135074.00000000	-0.65575177	0.00528778	-0.18359073
3130074.00000000	-0.67153146	0.00844666	-0.10554120
3125074.00000000	-0.67836572	0.01134961	-0.02458038
3120074.00000000	-0.67531833	0.01398749	0.05913800
3115074.00000000	-0.66181497	0.01605505	0.14270312
3110074.00000000	-0.63707635	0.01735791	0.22666162
3105074.00000000	-0.60218680	0.01780109	0.30608606
3100074.00000000	-0.55804343	0.01741522	0.37964105
3095074.00000000	-0.50580612	0.01641266	0.44605862
3090074.00000000	-0.44716718	0.01528592	0.50435944
3085074.00000000	-0.38302264	0.01424127	0.55465872
3080074.00000000	-0.31452917	0.01377957	0.59712863
3075074.00000000	-0.24213187	0.01410455	0.63206366
3070074.00000000	-0.16500027	0.01552963	0.65981998
3065074.00000000	-0.08294012	0.01825290	0.68048563
3060074.00000000	0.00486115	0.02259521	0.69335846
3055074.00000000	0.09882587	0.02874423	0.69808032
3050074.00000000	0.19760083	0.03597931	0.69369666
3045074.00000000	0.30012491	0.04283002	0.67948886
3040074.00000000	0.40240979	0.04705643	0.65408243
3035074.00000000	0.49690604	0.04751495	0.61700519
3030074.00000000	0.57943219	0.04503543	0.56892651
3025074.00000000	0.64699545	0.04106210	0.51202945
3020074.00000000	0.70206406	0.03666449	0.44710916
3015074.00000000	0.74492099	0.03171524	0.37653229
3010074.00000000	0.77683487	0.02600919	0.30088641
3005074.00000000	0.79756830	0.01888968	0.21914560
3000074.00000000	0.80517889	0.00968857	0.13421460
2995074.00000000	0.79754352	-0.00155252	0.04298059
2990074.00000000	0.77258307	-0.01386292	-0.05036227
2985074.00000000	0.73077136	-0.02446317	-0.14404144
2980074.00000000	0.67552145	-0.03165054	-0.23445657
2975074.00000000	0.61214648	-0.03468900	-0.31797729
2970074.00000000	0.54486218	-0.03454181	-0.39237357
2965074.00000000	0.47531570	-0.03275388	-0.45718701
2960074.00000000	0.40510336	-0.03032312	-0.51200497
2955074.00000000	0.33341483	-0.02769489	-0.55820901
2950074.00000000	0.26020694	-0.02532419	-0.59585431
2945074.00000000	0.18462216	-0.02330917	-0.62543121
2940074.00000000	0.10733737	-0.02185727	-0.64650229
2935074.00000000	0.02809503	-0.02068042	-0.65876801
2930074.00000000	-0.05452322	-0.01970416	-0.66158603
