8038992.00000000	0.00740674	0.00177414	0.03487140
8035992.00000000	0.00770944	0.00190567	0.03727124
8032992.00000000	0.00804803	0.00206427	0.03990833
8029992.00000000	0.00835767	0.00227869	0.04281079
8026992.00000000	0.00870786	0.00250659	0.04607233
8023992.00000000	0.00907190	0.00272571	0.04961264
8020992.00000000	0.00945923	0.00298569	0.05347635
8017992.00000000	0.00983307	0.00327304	0.05770105
8014992.00000000	0.01026831	0.00361868	0.06247409
8011992.00000000	0.01068817	0.00399249	0.06771866
8008992.00000000	0.01114716	0.00441299	0.07344812
8005992.00000000	0.01159000	0.00484976	0.07962970
8002992.00000000	0.01203973	0.00531482	0.08647125
7999992.00000000	0.01251459	0.00580740	0.09387491
7996992.00000000	0.01306671	0.00625235	0.10178357
7993992.00000000	0.01367212	0.00667169	0.10996515
7990992.00000000	0.01441559	0.00697134	0.11840939
7987992.00000000	0.01533090	0.00708963	0.12693286
7984992.00000000	0.01647403	0.00701163	0.13492386
7981992.00000000	0.01783002	0.00661740	0.14205426
7978992.00000000	0.01951538	0.00592758	0.14795670
7975992.00000000	0.02168365	0.00477905	0.15219257
7972992.00000000	0.02420596	0.00334995	0.15431876
7969992.00000000	0.02723483	0.00162183	0.15415759
7966992.00000000	0.03084714	-0.00026007	0.15162906
7963992.00000000	0.03488214	-0.00233539	0.14685065
7960992.00000000	0.03948380	-0.00445837	0.14013544
7957992.00000000	0.04457855	-0.00659738	0.13182657
7954992.00000000	0.05022989	-0.00881863	0.12203555
7951992.00000000	0.05651550	-0.01113181	0.11083350
7948992.00000000	0.06348532	-0.01362350	0.09826611
7945992.00000000	0.07098822	-0.01622104	0.08450519
7942992.00000000	0.07908521	-0.01890817	0.06928134
7939992.00000000	0.08785135	-0.02159872	0.05233109
7936992.00000000	0.09730591	-0.02426199	0.03319421
7933992.00000000	0.10714346	-0.02656485	0.01213940
7930992.00000000	0.11738007	-0.02833466	-0.01122705
7927992.00000000	0.12769003	-0.02942419	-0.03657690
7924992.00000000	0.13804370	-0.02967468	-0.06435397
7921992.00000000	0.14770035	-0.02900363	-0.09353412
7918992.00000000	0.15627881	-0.02757822	-0.12365829
7915992.00000000	0.16341357	-0.02552567	-0.15432333
7912992.00000000	0.16896738	-0.02298572	-0.18581635
7909992.00000000	0.17258069	-0.02021213	-0.21705713
7906992.00000000	0.17404330	-0.01772086	-0.24775760
7903992.00000000	0.17352878	-0.01561749	-0.27742438
7900992.00000000	0.17129965	-0.01408215	-0.30646954
7897992.00000000	0.16752423	-0.01329630	-0.33512787
7894992.00000000	0.16239474	-0.01314172	-0.36298938
7891992.00000000	0.15612000	-0.01350400	-0.38968524
7888992.00000000	0.14877899	-0.01414252	-0.41565869
7885992.00000000	0.13993933	-0.01493069	-0.44097894
7882992.00000000	0.12955508	-0.01563666	-0.46499771
7879992.00000000	0.11772891	-0.01600122	-0.48710892
7876992.00000000	0.10393634	-0.01593341	-0.50716498
7873992.00000000	0.08731595	-0.01527454	-0.52514038
7870992.00000000	0.06815070	-0.01400708	-0.54029419
7867992.00000000	0.04627972	-0.01231009	-0.55223196
7864992.00000000	0.02163660	-0.01017590	-0.56081799
7861992.00000000	-0.00606903	-0.00764337	-0.56611639
7858992.00000000	-0.03626953	-0.00475146	-0.56776999
7855992.00000000	-0.06817752	-0.00176785	-0.56567969
7852992.00000000	-0.10115515	0.00125555	-0.55988242
7849992.00000000	-0.13495847	0.00441766	-0.55016095
7846992.00000000	-0.16955371	0.00753870	-0.53627988
7843992.00000000	-0.20350220	0.01064893	-0.51868265
7840992.00000000	-0.23641104	0.01356226	-0.49760806
7837992.00000000	-0.26885614	0.01628903	-0.47285480
7834992.00000000	-0.30036432	0.01873932	-0.44488501
7831992.00000000	-0.33120636	0.02083096	-0.41367413
7828992.00000000	-0.36087207	0.02240317	-0.38040097
7825992.00000000	-0.38976215	0.02336267	-0.34489728
7822992.00000000	-0.41793854	0.02389014	-0.30724234
7819992.00000000	-0.44556879	0.02369354	-0.26750269
7816992.00000000	-0.47109399	0.02307578	-0.22762091
7813992.00000000	-0.49503809	0.02209967	-0.18688892
7810992.00000000	-0.51686981	0.02097864	-0.14560483
7807992.00000000	-0.53665714	0.01978717	-0.10284470
7804992.00000000	-0.55328781	0.01876038	-0.05988846
7801992.00000000	-0.56650818	0.01799734	-0.01700674
7798992.00000000	-0.57646213	0.01754553	0.02691147
7795992.00000000	-0.58273911	0.01726260	0.07179391
7792992.00000000	-0.58498358	0.01739899	0.11666718
7789992.00000000	-0.58328412	0.01772119	0.16092535
7786992.00000000	-0.57742664	0.01826581	0.20561118
7783992.00000000	-0.56715924	0.01882745	0.25117163
7780992.00000000	-0.55263046	0.01934531	0.29607294
7777992.00000000	-0.53414914	0.01980548	0.33954315
7774992.00000000	-0.51195044	0.02010605	0.38138968
7771992.00000000	-0.48523813	0.01996863	0.42251559
7768992.00000000	-0.45470511	0.01945154	0.46164432
7765992.00000000	-0.42184970	0.01853897	0.49743912
7762992.00000000	-0.38650757	0.01726315	0.52986209
7759992.00000000	-0.34852756	0.01575412	0.55955179
7756992.00000000	-0.30738831	0.01391330	0.58662860
7753992.00000000	-0.26585706	0.01230902	0.60940524
7750992.00000000	-0.22359506	0.01037234	0.62870944
7747992.00000000	-0.18060791	0.00835199	0.64458130
7744992.00000000	-0.13566946	0.00639319	0.65752628
7741992.00000000	-0.09083466	0.00444177	0.66725375
7738992.00000000	-0.04580887	0.00254410	0.67380957
7735992.00000000	-0.00065591	0.00062650	0.67751004
7732992.00000000	0.04664532	-0.00155240	0.67818402
7729992.00000000	0.09392865	-0.00382419	0.67573465
7726992.00000000	0.14026782	-0.00623163	0.67012222
7723992.00000000	0.18654889	-0.00889664	0.66098926
7720992.00000000	0.23338364	-0.01184671	0.64810172
7717992.00000000	0.28000687	-0.01487216	0.63113007
7714992.00000000	0.32442184	-0.01789874	0.61066873
7711992.00000000	0.36672534	-0.02086877	0.58681653
7708992.00000000	0.40813593	-0.02366888	0.55879990
7705992.00000000	0.44923288	-0.02638101	0.52561771
7702992.00000000	0.48633487	-0.02852716	0.49015903
7699992.00000000	0.51997070	-0.03026563	0.45241492
7696992.00000000	0.55107999	-0.03138730	0.41180139
7693992.00000000	0.57953656	-0.03175531	0.36775272
7690992.00000000	0.60397989	-0.03183548	0.32316327
7687992.00000000	0.62462784	-0.03153983	0.27831241
7684992.00000000	0.64196194	-0.03101468	0.23257230
7681992.00000000	0.65627786	-0.03035593	0.18499756
7678992.00000000	0.66717264	-0.02972165	0.13740488
7675992.00000000	0.67466699	-0.02913684	0.09042636
7672992.00000000	0.67906601	-0.02848953	0.04402661
7669992.00000000	0.68031317	-0.02800729	-0.00412589
7666992.00000000	0.67833102	-0.02739111	-0.05287610
7663992.00000000	0.67299176	-0.02696295	-0.10065347
7660992.00000000	0.66431601	-0.02643314	-0.14784781
7657992.00000000	0.65187274	-0.02567099	-0.19588815
7654992.00000000	0.63512381	-0.02477246	-0.24501630
7651992.00000000	0.61467972	-0.02362875	-0.29220255
7648992.00000000	0.59109564	-0.02223178	-0.33697964
7645992.00000000	0.56349973	-0.02053281	-0.38064157
7642992.00000000	0.53170135	-0.01855786	-0.42319385
7639992.00000000	0.49699979	-0.01648026	-0.46247223
7636992.00000000	0.46074887	-0.01441644	-0.49776035
7633992.00000000	0.42134058	-0.01234012	-0.53045743
7630992.00000000	0.37794720	-0.01026373	-0.56099545
7627992.00000000	0.33420056	-0.00819730	-0.58702567
7624992.00000000	0.28964804	-0.00635068	-0.60919052
7621992.00000000	0.24482224	-0.00428870	-0.62752774
7618992.00000000	0.19771497	-0.00238846	-0.64303690
7615992.00000000	0.14991031	-0.00098788	-0.65540439
7612992.00000000	0.10256430	0.00039346	-0.66438846
7609992.00000000	0.05679205	0.00179071	-0.67012955
7606992.00000000	0.00943863	0.00336557	-0.67294791
7603992.00000000	-0.03963385	0.00498560	-0.67271234
7600992.00000000	-0.08720828	0.00673984	-0.66933685
7597992.00000000	-0.13385785	0.00863205	-0.66283420
7594992.00000000	-0.18051840	0.01068353	-0.65299506
7591992.00000000	-0.22793829	0.01302429	-0.63931525
7588992.00000000	-0.27417920	0.01561041	-0.62208109
7585992.00000000	-0.31883252	0.01826910	-0.60159641
7582992.00000000	-0.36150519	0.02096045	-0.57775134
7579992.00000000	-0.40408670	0.02371390	-0.54938400
7576992.00000000	-0.44392093	0.02636487	-0.51806180
7573992.00000000	-0.47985767	0.02849799	-0.48481100
7570992.00000000	-0.51355164	0.02970062	-0.44866037
7567992.00000000	-0.54499368	0.03124100	-0.40940512
7564992.00000000	-0.57347537	0.03251367	-0.36747678
7561992.00000000	-0.59774341	0.03335733	-0.32533099
7558992.00000000	-0.61814752	0.03461450	-0.28293472
7555992.00000000	-0.63556799	0.03544064	-0.23895203
7552992.00000000	-0.65032208	0.03613477	-0.19251227
7549992.00000000	-0.66161890	0.03639191	-0.14603455
7546992.00000000	-0.66935672	0.03642447	-0.10083023
7543992.00000000	-0.67419144	0.03635632	-0.05466183
7540992.00000000	-0.67602682	0.03642459	-0.00646631
7537992.00000000	-0.67462161	0.03635489	0.04188165
7534992.00000000	-0.66999295	0.03613672	0.08925110
7531992.00000000	-0.66211258	0.03569702	0.13693314
7528992.00000000	-0.65059402	0.03492480	0.18549222
7525992.00000000	-0.63524057	0.03369824	0.23438480
7522992.00000000	-0.61667062	0.03198511	0.28132153
7519992.00000000	-0.59468674	0.02978391	0.32659320
7516992.00000000	-0.56856329	0.02706717	0.37146893
7513992.00000000	-0.53837085	0.02384979	0.41474319
7510992.00000000	-0.50552740	0.02043106	0.45454340
7507992.00000000	-0.47042725	0.01693951	0.49044870
7504992.00000000	-0.43217880	0.01347580	0.52369598
7501992.00000000	-0.39088516	0.01009302	0.55381207
7498992.00000000	-0.34834186	0.00705951	0.57968512
7495992.00000000	-0.30584128	0.00440088	0.60125378
7492992.00000000	-0.26146149	0.00202335	0.61953610
7489992.00000000	-0.21536673	-0.00008273	0.63485056
7486992.00000000	-0.16813837	-0.00190207	0.64680780
7483992.00000000	-0.12143829	-0.00350470	0.65528494
7480992.00000000	-0.07441031	-0.00491650	0.66068286
7477992.00000000	-0.02629352	-0.00629657	0.66282034
7474992.00000000	0.02292722	-0.00764978	0.66178873
7471992.00000000	0.07137708	-0.00910413	0.65761115
7468992.00000000	0.11940341	-0.01064014	0.64994650
7465992.00000000	0.16795850	-0.01218738	0.63878375
7462992.00000000	0.21737241	-0.01388675	0.62354416
7459992.00000000	0.26511404	-0.01568213	0.60479031
7456992.00000000	0.31147839	-0.01752359	0.58254483
7453992.00000000	0.35636783	-0.01926337	0.55680408
7450992.00000000	0.40050653	-0.02090952	0.52679117
7447992.00000000	0.44227060	-0.02246149	0.49353586
7444992.00000000	0.48026788	-0.02380740	0.45831973
7441992.00000000	0.51531097	-0.02508313	0.42049609
7438992.00000000	0.54761377	-0.02622672	0.37988705
7435992.00000000	0.57669095	-0.02711594	0.33711612
7432992.00000000	0.60129807	-0.02774506	0.29432947
7429992.00000000	0.62219705	-0.02818845	0.25094791
7426992.00000000	0.63989282	-0.02847241	0.20650510
7423992.00000000	0.65460324	-0.02877112	0.16024307
7420992.00000000	0.66572601	-0.02908240	0.11440427
7417992.00000000	0.67349338	-0.02935678	0.06917197
7414992.00000000	0.67819995	-0.02966006	0.02310071
7411992.00000000	0.67967728	-0.03007910	-0.02467712
7408992.00000000	0.67778171	-0.03052133	-0.07153952
7405992.00000000	0.67244727	-0.03095102	-0.11791025
7402992.00000000	0.66362619	-0.03132764	-0.16467926
7399992.00000000	0.65080188	-0.03162057	-0.21190668
7396992.00000000	0.63402228	-0.03164780	-0.25886905
7393992.00000000	0.61384030	-0.03132108	-0.30364423
7390992.00000000	0.58991550	-0.03071243	-0.34688593
7387992.00000000	0.56125641	-0.02966550	-0.39005249
7384992.00000000	0.52844968	-0.02827011	-0.43154871
7381992.00000000	0.49287665	-0.02637314	-0.46959027
7378992.00000000	0.45495212	-0.02419955	-0.50419647
7375992.00000000	0.41416055	-0.02164899	-0.53607382
7372992.00000000	0.37003851	-0.01884634	-0.56512286
7369992.00000000	0.32551294	-0.01586551	-0.58987128
7366992.00000000	0.28031323	-0.01272302	-0.61083572
7363992.00000000	0.23399350	-0.00981500	-0.62854297
7360992.00000000	0.18580505	-0.00707980	-0.64329440
7357992.00000000	0.13806067	-0.00455817	-0.65439502
7354992.00000000	0.09144672	-0.00205881	-0.66226288
7351992.00000000	0.04434671	0.00039056	-0.66706229
7348992.00000000	-0.00456055	0.00292255	-0.66897626
7345992.00000000	-0.05356210	0.00547366	-0.66770587
7342992.00000000	-0.10135229	0.00815350	-0.66331451
7339992.00000000	-0.14879687	0.01085532	-0.65550671
7336992.00000000	-0.19722968	0.01392621	-0.64397504
7333992.00000000	-0.24479517	0.01707898	-0.62875198
7330992.00000000	-0.29019974	0.02005267	-0.61014325
7327992.00000000	-0.33428522	0.02274420	-0.58779712
7324992.00000000	-0.37807578	0.02546890	-0.56098303
7321992.00000000	-0.41990454	0.02804541	-0.53034024
7318992.00000000	-0.45852414	0.03031531	-0.49684320
7315992.00000000	-0.49384900	0.03210040	-0.46106326
7312992.00000000	-0.52664276	0.03353879	-0.42229395
7309992.00000000	-0.55665851	0.03455490	-0.38069794
7306992.00000000	-0.58319714	0.03525751	-0.33756491
7303992.00000000	-0.60567261	0.03564786	-0.29434274
7300992.00000000	-0.62508398	0.03575485	-0.24992450
7297992.00000000	-0.64172467	0.03574698	-0.20356372
7294992.00000000	-0.65497110	0.03556085	-0.15717847
7291992.00000000	-0.66486343	0.03540933	-0.11130939
7288992.00000000	-0.67175876	0.03527649	-0.06544324
7285992.00000000	-0.67575497	0.03520334	-0.01784189
7282992.00000000	-0.67657126	0.03516827	0.03000684
7279992.00000000	-0.67423523	0.03505148	0.07670731
7276992.00000000	-0.66877509	0.03481522	0.12323029
7273992.00000000	-0.65987766	0.03439932	0.17032953
7270992.00000000	-0.64721118	0.03356583	0.21791293
7267992.00000000	-0.63094196	0.03229245	0.26457770
7264992.00000000	-0.61103226	0.03053162	0.30998737
7261992.00000000	-0.58715714	0.02822250	0.35445432
7258992.00000000	-0.55911401	0.02529388	0.39773428
7255992.00000000	-0.52763852	0.02190417	0.43835507
7252992.00000000	-0.49323306	0.01811853	0.47583429
7249992.00000000	-0.45549973	0.01397650	0.51065366
7246992.00000000	-0.41492725	0.00968460	0.54254297
7243992.00000000	-0.37152872	0.00539795	0.57114182
7240992.00000000	-0.32762970	0.00151053	0.59537625
7237992.00000000	-0.28280594	-0.00198499	0.61576871
7234992.00000000	-0.23645313	-0.00520801	0.63299750
7231992.00000000	-0.18835907	-0.00814816	0.64700168
7228992.00000000	-0.14010281	-0.01074179	0.65760049
7225992.00000000	-0.09287759	-0.01302832	0.66477090
7222992.00000000	-0.04472992	-0.01511459	0.66904520
7219992.00000000	0.00500528	-0.01738666	0.67029291
7216992.00000000	0.05434122	-0.01965405	0.66834540
7213992.00000000	0.10229086	-0.02185132	0.66341638
7210992.00000000	0.15013907	-0.02416797	0.65521591
7207992.00000000	0.19905740	-0.02654431	0.64346582
7204992.00000000	0.24790286	-0.02899176	0.62797919
7201992.00000000	0.29488467	-0.03138309	0.60916092
7198992.00000000	0.33998898	-0.03356567	0.58699335
7195992.00000000	0.38519916	-0.03565222	0.56018372
7192992.00000000	0.42848273	-0.03744922	0.52975052
7189992.00000000	0.46796793	-0.03882578	0.49672729
7186992.00000000	0.50400601	-0.03994351	0.46150159
7183992.00000000	0.53746133	-0.04070889	0.42325461
7180992.00000000	0.56844788	-0.04113547	0.38160333
7177992.00000000	0.59499271	-0.04119577	0.33921399
7174992.00000000	0.61738004	-0.04108182	0.29673309
7171992.00000000	0.63668674	-0.04070828	0.25267728
7168992.00000000	0.65298459	-0.04029767	0.20634122
7165992.00000000	0.66559775	-0.03996014	0.16036447
7162992.00000000	0.67481131	-0.03963919	0.11496301
7159992.00000000	0.68089270	-0.03945425	0.06928049
7156992.00000000	0.68406879	-0.03938977	0.02180197
7153992.00000000	0.68398215	-0.03941248	-0.02604175
7150992.00000000	0.68070499	-0.03952209	-0.07290070
7147992.00000000	0.67419217	-0.03952109	-0.11973996
7144992.00000000	0.66414471	-0.03945514	-0.16757944
7141992.00000000	0.65010233	-0.03917151	-0.21594968
7138992.00000000	0.63279037	-0.03857172	-0.26254584
7135992.00000000	0.61195416	-0.03758401	-0.30795059
7132992.00000000	0.58699606	-0.03604712	-0.35279108
7129992.00000000	0.55786197	-0.03398938	-0.39652249
7126992.00000000	0.52565378	-0.03151788	-0.43753702
7123992.00000000	0.49056522	-0.02871149	-0.47540375
7120992.00000000	0.45250131	-0.02560876	-0.51035980
7117992.00000000	0.41156741	-0.02226895	-0.54220178
7114992.00000000	0.36880750	-0.01882056	-0.57034949
7111992.00000000	0.32535306	-0.01556143	-0.59452908
7108992.00000000	0.28096338	-0.01240433	-0.61487204
7105992.00000000	0.23434238	-0.00923657	-0.63245114
7102992.00000000	0.18670255	-0.00632983	-0.64653436
7099992.00000000	0.13971082	-0.00366953	-0.65710614
7096992.00000000	0.09299918	-0.00103400	-0.66457693
7093992.00000000	0.04479025	0.00161801	-0.66916925
7090992.00000000	-0.00437201	0.00440784	-0.67072943
7087992.00000000	-0.05296240	0.00740417	-0.66913077
7084992.00000000	-0.10085950	0.01054620	-0.66446582
7081992.00000000	-0.14915723	0.01415308	-0.65644086
7078992.00000000	-0.19855618	0.01823843	-0.64461368
7075992.00000000	-0.24674939	0.02251413	-0.62926331
7072992.00000000	-0.29342255	0.02676138	-0.61040851
7069992.00000000	-0.33896896	0.03113086	-0.58788049
7066992.00000000	-0.38397156	0.03551483	-0.56099164
7063992.00000000	-0.42660074	0.03953787	-0.53068015
7060992.00000000	-0.46638962	0.04308170	-0.49733759
7057992.00000000	-0.50313156	0.04606094	-0.46121292
7054992.00000000	-0.53710736	0.04837012	-0.42217920
7051992.00000000	-0.56825247	0.04979181	-0.38027765
7048992.00000000	-0.59512915	0.05048257	-0.33755893
7045992.00000000	-0.61801065	0.05058688	-0.29439517
7042992.00000000	-0.63757169	0.05020749	-0.24995688
7039992.00000000	-0.65412549	0.04945654	-0.20378317
7036992.00000000	-0.66722656	0.04850919	-0.15741019
7033992.00000000	-0.67678564	0.04748230	-0.11172632
7030992.00000000	-0.68339285	0.04636841	-0.06523178
7027992.00000000	-0.68700189	0.04529059	-0.01707687
7024992.00000000	-0.68740198	0.04411368	0.03111179
7021992.00000000	-0.68458517	0.04295245	0.07819397
7018992.00000000	-0.67875705	0.04155185	0.12532825
7015992.00000000	-0.66913297	0.03986380	0.17426907
7012992.00000000	-0.65579550	0.03786194	0.22283423
7009992.00000000	-0.63887695	0.03540387	0.27002411
7006992.00000000	-0.61863654	0.03250357	0.31535904
7003992.00000000	-0.59377423	0.02912433	0.36056363
7000992.00000000	-0.56485989	0.02532812	0.40411365
6997992.00000000	-0.53308371	0.02117590	0.44403415
6994992.00000000	-0.49886432	0.01705798	0.48010446
6991992.00000000	-0.46163638	0.01291068	0.51311273
6988992.00000000	-0.42077316	0.00893326	0.54344608
6985992.00000000	-0.37846011	0.00540915	0.56971411
6982992.00000000	-0.33496753	0.00229248	0.59219717
6979992.00000000	-0.29032706	-0.00039005	0.61111435
6976992.00000000	-0.24320972	-0.00266171	0.62706564
6973992.00000000	-0.19628513	-0.00468509	0.63948993
6970992.00000000	-0.14972797	-0.00617068	0.64850803
6967992.00000000	-0.10258041	-0.00749615	0.65463727
6964992.00000000	-0.05378055	-0.00881879	0.65808020
6961992.00000000	-0.00418704	-0.01033273	0.65832471
6958992.00000000	0.04446136	-0.01196234	0.65550623
6955992.00000000	0.09292154	-0.01376398	0.64960022
6952992.00000000	0.14182611	-0.01584482	0.64039355
6949992.00000000	0.19130719	-0.01814911	0.62742886
6946992.00000000	0.23864316	-0.02052649	0.61157242
6943992.00000000	0.28487274	-0.02305594	0.59232886
6940992.00000000	0.33056839	-0.02567358	0.56925067
6937992.00000000	0.37555844	-0.02804089	0.54195703
6934992.00000000	0.41795169	-0.03019360	0.51154697
6931992.00000000	0.45687305	-0.03213632	0.47883661
6928992.00000000	0.49312796	-0.03378018	0.44359293
6925992.00000000	0.52683148	-0.03478729	0.40487134
6922992.00000000	0.55665262	-0.03539645	0.36478552
6919992.00000000	0.58257462	-0.03556842	0.32387927
6916992.00000000	0.60521014	-0.03541748	0.28141147
6913992.00000000	0.62484430	-0.03499570	0.23686475
6910992.00000000	0.64109729	-0.03451501	0.19109677
6907992.00000000	0.65368311	-0.03387958	0.14568979
6904992.00000000	0.66279840	-0.03332373	0.10042038
6901992.00000000	0.66894269	-0.03272388	0.05426685
6898992.00000000	0.67192712	-0.03207831	0.00732541
6895992.00000000	0.67173572	-0.03146317	-0.03900833
6892992.00000000	0.66845578	-0.03078018	-0.08487518
6889992.00000000	0.66201465	-0.02993298	-0.13122217
6886992.00000000	0.65190613	-0.02875894	-0.17882925
6883992.00000000	0.63845035	-0.02710464	-0.22551309
6880992.00000000	0.62172934	-0.02478796	-0.27074905
6877992.00000000	0.60149048	-0.02215948	-0.31508380
6874992.00000000	0.57708377	-0.01954135	-0.35908438
6871992.00000000	0.54895020	-0.01659366	-0.40151624
6868992.00000000	0.51787628	-0.01330524	-0.44099484
6865992.00000000	0.48387335	-0.00989294	-0.47770175
6862992.00000000	0.44647244	-0.00629318	-0.51203464
6859992.00000000	0.40618747	-0.00268942	-0.54330719
6856992.00000000	0.36424503	0.00066306	-0.57087015
6853992.00000000	0.32187964	0.00379974	-0.59399918
6850992.00000000	0.27774066	0.00667975	-0.61409039
6847992.00000000	0.23140656	0.00934424	-0.63116159
6844992.00000000	0.18571494	0.01170282	-0.64441516
6841992.00000000	0.13980844	0.01385242	-0.65462589
6838992.00000000	0.09295578	0.01581796	-0.66190201
6835992.00000000	0.04542435	0.01783530	-0.66611221
6832992.00000000	-0.00213315	0.02004373	-0.66724057
6829992.00000000	-0.04915680	0.02197083	-0.66529053
6826992.00000000	-0.09634625	0.02375827	-0.66034412
6823992.00000000	-0.14428519	0.02564212	-0.65188129
6820992.00000000	-0.19236929	0.02755179	-0.63981320
6817992.00000000	-0.23910413	0.02935611	-0.62427231
6814992.00000000	-0.28476996	0.03092410	-0.60529156
6811992.00000000	-0.32983038	0.03224207	-0.58224915
6808992.00000000	-0.37342484	0.03328149	-0.55544879
6805992.00000000	-0.41472232	0.03386371	-0.52541394
6802992.00000000	-0.45313611	0.03392770	-0.49257635
6799992.00000000	-0.48949292	0.03363913	-0.45645618
6796992.00000000	-0.52302020	0.03295590	-0.41741931
6793992.00000000	-0.55299078	0.03187448	-0.37677954
6790992.00000000	-0.57950476	0.03064090	-0.33438434
6787992.00000000	-0.60229242	0.02925174	-0.29133017
6784992.00000000	-0.62210947	0.02776175	-0.24624164
6781992.00000000	-0.63837387	0.02638229	-0.20067664
6778992.00000000	-0.65109686	0.02506949	-0.15509546
6775992.00000000	-0.66061606	0.02390979	-0.10938947
6772992.00000000	-0.66714520	0.02289999	-0.06259689
6769992.00000000	-0.67056711	0.02197836	-0.01507190
6766992.00000000	-0.67073880	0.02125522	0.03171155
6763992.00000000	-0.66772308	0.02054419	0.07900940
6760992.00000000	-0.66131805	0.01978799	0.12677301
6757992.00000000	-0.65136719	0.01885077	0.17456097
6754992.00000000	-0.63802493	0.01770990	0.22146481
6751992.00000000	-0.62097617	0.01629395	0.26763852
6748992.00000000	-0.60014334	0.01444058	0.31281290
6745992.00000000	-0.57523322	0.01216739	0.35717557
6742992.00000000	-0.54649158	0.00958176	0.39957941
6739992.00000000	-0.51470959	0.00674442	0.43894547
6736992.00000000	-0.47979489	0.00374304	0.47543875
6733992.00000000	-0.44165695	0.00050534	0.50923666
6730992.00000000	-0.40083127	-0.00276346	0.53962073
6727992.00000000	-0.35885080	-0.00578143	0.56590656
6724992.00000000	-0.31515033	-0.00858701	0.58899991
6721992.00000000	-0.26939093	-0.01111734	0.60871213
6718992.00000000	-0.22258316	-0.01350928	0.62511969
6715992.00000000	-0.17595370	-0.01544266	0.63793112
6712992.00000000	-0.12873389	-0.01717163	0.64762918
6709992.00000000	-0.08085382	-0.01893710	0.65433167
6706992.00000000	-0.03180353	-0.02049152	0.65800003
6703992.00000000	0.01671585	-0.02200171	0.65872647
6700992.00000000	0.06545694	-0.02348126	0.65642026
6697992.00000000	0.11477014	-0.02486838	0.65088574
6694992.00000000	0.16487155	-0.02637210	0.64184821
6691992.00000000	0.21394479	-0.02780188	0.62953040
6688992.00000000	0.26239749	-0.02906070	0.61390390
6685992.00000000	0.30975201	-0.03004605	0.59470618
6682992.00000000	0.35632822	-0.03067294	0.57185196
6679992.00000000	0.40130032	-0.03124615	0.54546353
6676992.00000000	0.44327408	-0.03144003	0.51617661
6673992.00000000	0.48268686	-0.03125104	0.48382626
6670992.00000000	0.51936600	-0.03079575	0.44834924
6667992.00000000	0.55235654	-0.02981842	0.41065076
6664992.00000000	0.58134128	-0.02869208	0.37121198
6661992.00000000	0.60682401	-0.02743509	0.32974405
6658992.00000000	0.62820941	-0.02608609	0.28754745
6655992.00000000	0.64617798	-0.02475510	0.24356311
6652992.00000000	0.66056152	-0.02350583	0.19912830
6649992.00000000	0.67140662	-0.02219086	0.15414392
6646992.00000000	0.67902603	-0.02094733	0.10816754
6643992.00000000	0.68337006	-0.01971109	0.06127744
6640992.00000000	0.68425616	-0.01854816	0.01425906
6637992.00000000	0.68192059	-0.01731836	-0.03218695
6634992.00000000	0.67628406	-0.01593695	-0.07876532
6631992.00000000	0.66691742	-0.01436115	-0.12652466
6628992.00000000	0.65392902	-0.01261847	-0.17412247
6625992.00000000	0.63740079	-0.01052042	-0.22071021
6622992.00000000	0.61696423	-0.00806900	-0.26706931
6619992.00000000	0.59235645	-0.00525995	-0.31324445
6616992.00000000	0.56396457	-0.00207477	-0.35800189
6613992.00000000	0.53228363	0.00132193	-0.40041504
6610992.00000000	0.49784653	0.00472327	-0.44000909
6607992.00000000	0.46020013	0.00817303	-0.47730753
6604992.00000000	0.41950705	0.01141812	-0.51213675
6601992.00000000	0.37770700	0.01448834	-0.54289215
6598992.00000000	0.33423965	0.01713498	-0.57020349
6595992.00000000	0.28954126	0.01928488	-0.59407233
6592992.00000000	0.24321954	0.02093710	-0.61487613
6589992.00000000	0.19677032	0.02224942	-0.63190408
6586992.00000000	0.15057202	0.02317688	-0.64561163
6583992.00000000	0.10385657	0.02375797	-0.65618631
6580992.00000000	0.05632413	0.02426129	-0.66375858
6577992.00000000	0.00852188	0.02453772	-0.66835291
6574992.00000000	-0.03860587	0.02470532	-0.66999112
6571992.00000000	-0.08606326	0.02467294	-0.66861575
6568992.00000000	-0.13389810	0.02467957	-0.66410022
6565992.00000000	-0.18226016	0.02442880	-0.65613580
6562992.00000000	-0.22953430	0.02397220	-0.64491647
6559992.00000000	-0.27625208	0.02344711	-0.63002325
6556992.00000000	-0.32212057	0.02266614	-0.61155490
6553992.00000000	-0.36691016	0.02152002	-0.58923935
6550992.00000000	-0.40913708	0.02002054	-0.56393173
6547992.00000000	-0.44931699	0.01835501	-0.53494614
6544992.00000000	-0.48727686	0.01646622	-0.50256894
6541992.00000000	-0.52218146	0.01446252	-0.46723395
6538992.00000000	-0.55407095	0.01245584	-0.42904535
6535992.00000000	-0.58167322	0.01057428	-0.38972351
6532992.00000000	-0.60615634	0.00885553	-0.34826550
6529992.00000000	-0.62737747	0.00731409	-0.30468729
6526992.00000000	-0.64503287	0.00599551	-0.26016263
6523992.00000000	-0.65911154	0.00493576	-0.21554587
6520992.00000000	-0.66988593	0.00410400	-0.17068808
6517992.00000000	-0.67766852	0.00336462	-0.12449847
6514992.00000000	-0.68237817	0.00281119	-0.07764261
6511992.00000000	-0.68386017	0.00240970	-0.03146198
6508992.00000000	-0.68217148	0.00209866	0.01549988
6505992.00000000	-0.67728598	0.00169186	0.06243213
6502992.00000000	-0.66888608	0.00121390	0.11052164
6499992.00000000	-0.65701556	0.00051462	0.15818185
6496992.00000000	-0.64148758	-0.00030634	0.20550104
6493992.00000000	-0.62223880	-0.00138898	0.25212494
6490992.00000000	-0.59927371	-0.00278552	0.29801593
6487992.00000000	-0.57308780	-0.00450830	0.34173682
6484992.00000000	-0.54346909	-0.00646820	0.38386456
6481992.00000000	-0.51056610	-0.00846774	0.42382718
6478992.00000000	-0.47451602	-0.01056662	0.46121759
6475992.00000000	-0.43580219	-0.01262451	0.49573508
6472992.00000000	-0.39566614	-0.01453574	0.52632306
6469992.00000000	-0.35406259	-0.01637381	0.55340347
6466992.00000000	-0.31048950	-0.01791858	0.57719772
6463992.00000000	-0.26557632	-0.01913171	0.59761920
6460992.00000000	-0.22037024	-0.02020728	0.61423892
6457992.00000000	-0.17518518	-0.02100485	0.62748563
6454992.00000000	-0.12921313	-0.02164713	0.63764160
6451992.00000000	-0.08226660	-0.02218369	0.64488388
6448992.00000000	-0.03503607	-0.02262918	0.64896567
6445992.00000000	0.01158521	-0.02287360	0.65013562
6442992.00000000	0.05873483	-0.02308621	0.64825681
6439992.00000000	0.10677454	-0.02326666	0.64316107
6436992.00000000	0.15437680	-0.02335834	0.63487863
6433992.00000000	0.20131488	-0.02335043	0.62333801
6430992.00000000	0.24774231	-0.02319592	0.60836331
6427992.00000000	0.29404263	-0.02290186	0.58952173
6424992.00000000	0.33911917	-0.02249512	0.56709891
6421992.00000000	0.38230359	-0.02185437	0.54122360
6418992.00000000	0.42280783	-0.02107068	0.51254343
6415992.00000000	0.46106436	-0.02009161	0.48028613
6412992.00000000	0.49705225	-0.01891754	0.44491168
6409992.00000000	0.52929282	-0.01755469	0.40757761
6406992.00000000	0.55785419	-0.01611392	0.36854507
6403992.00000000	0.58324780	-0.01446625	0.32757178
6400992.00000000	0.60554138	-0.01279886	0.28438574
6397992.00000000	0.62384177	-0.01113135	0.24097540
6394992.00000000	0.63852588	-0.00956998	0.19755075
6391992.00000000	0.64986487	-0.00805786	0.15365494
6388992.00000000	0.65823611	-0.00650830	0.10789838
6385992.00000000	0.66330118	-0.00501260	0.06174133
6382992.00000000	0.66508987	-0.00357492	0.01617667
6379992.00000000	0.66363623	-0.00218961	-0.02950592
6376992.00000000	0.65877655	-0.00075656	-0.07614151
6373992.00000000	0.65034277	0.00073065	-0.12335855
6370992.00000000	0.63850424	0.00226675	-0.16919705
6367992.00000000	0.62318918	0.00388486	-0.21460443
6364992.00000000	0.60403806	0.00556546	-0.25995737
6361992.00000000	0.58065637	0.00740817	-0.30515543
6358992.00000000	0.55396548	0.00915448	-0.34834183
6355992.00000000	0.52425909	0.01084045	-0.38916391
6352992.00000000	0.49102994	0.01251627	-0.42826733
6349992.00000000	0.45459473	0.01417569	-0.46520847
6346992.00000000	0.41694553	0.01592834	-0.49818774
6343992.00000000	0.37709708	0.01729819	-0.52817120
6340992.00000000	0.33564450	0.01857401	-0.55503970
6337992.00000000	0.29192825	0.01968161	-0.57921637
6334992.00000000	0.24697299	0.02064127	-0.59997580
6331992.00000000	0.20209567	0.02143491	-0.61709247
6328992.00000000	0.15725421	0.02198276	-0.63082761
6325992.00000000	0.11061252	0.02241705	-0.64182626
6322992.00000000	0.06328934	0.02268875	-0.64986700
6319992.00000000	0.01620819	0.02288489	-0.65471378
6316992.00000000	-0.03018903	0.02309506	-0.65652118
6313992.00000000	-0.07749915	0.02304129	-0.65534088
6310992.00000000	-0.12596829	0.02308533	-0.65071564
6307992.00000000	-0.17314618	0.02290265	-0.64297681
6304992.00000000	-0.21966589	0.02263864	-0.63192532
6301992.00000000	-0.26571103	0.02215961	-0.61741953
6298992.00000000	-0.31208673	0.02148999	-0.59886667
6295992.00000000	-0.35674817	0.02058771	-0.57673615
6292992.00000000	-0.39862677	0.01934720	-0.55176254
6289992.00000000	-0.43853821	0.01788974	-0.52343140
6286992.00000000	-0.47661148	0.01608154	-0.49158890
6283992.00000000	-0.51209494	0.01397684	-0.45662439
6280992.00000000	-0.54372061	0.01177014	-0.42006516
6277992.00000000	-0.57188879	0.00944992	-0.38159125
6274992.00000000	-0.59686850	0.00712024	-0.34119040
6271992.00000000	-0.61843298	0.00481973	-0.29915060
6268992.00000000	-0.63646790	0.00252109	-0.25626294
6265992.00000000	-0.65088419	0.00035425	-0.21351944
6262992.00000000	-0.66231326	-0.00166092	-0.16917776
6259992.00000000	-0.67045587	-0.00350742	-0.12383316
6256992.00000000	-0.67537375	-0.00521344	-0.07849863
6253992.00000000	-0.67707938	-0.00668750	-0.03363412
6250992.00000000	-0.67559451	-0.00806403	0.01130515
6247992.00000000	-0.67089496	-0.00933383	0.05708740
6244992.00000000	-0.66271606	-0.01045853	0.10332086
6241992.00000000	-0.65104971	-0.01140799	0.14884946
6238992.00000000	-0.63586798	-0.01224271	0.19418246
6235992.00000000	-0.61672037	-0.01297147	0.23972070
6232992.00000000	-0.59382733	-0.01374445	0.28430380
6229992.00000000	-0.56755124	-0.01424521	0.32703387
6226992.00000000	-0.53844315	-0.01466183	0.36752054
6223992.00000000	-0.50575122	-0.01512488	0.40646359
6220992.00000000	-0.46918228	-0.01548303	0.44395129
6217992.00000000	-0.43064032	-0.01598468	0.47790344
6214992.00000000	-0.39061240	-0.01649338	0.50824667
6211992.00000000	-0.34893524	-0.01698969	0.53542963
6208992.00000000	-0.30515143	-0.01771783	0.55957016
6205992.00000000	-0.26013962	-0.01848215	0.58054938
6202992.00000000	-0.21540399	-0.01928876	0.59781696
6199992.00000000	-0.17003516	-0.02024374	0.61193399
6196992.00000000	-0.12290494	-0.02113184	0.62324188
6193992.00000000	-0.07516129	-0.02172968	0.63152829
6190992.00000000	-0.02818384	-0.02239227	0.63675262
6187992.00000000	0.01874960	-0.02293842	0.63896487
6184992.00000000	0.06661703	-0.02367014	0.63800662
6181992.00000000	0.11559848	-0.02428897	0.63395926
6178992.00000000	0.16372144	-0.02483380	0.62655780
6175992.00000000	0.21078317	-0.02519821	0.61594818
6172992.00000000	0.25858493	-0.02535452	0.60150565
6169992.00000000	0.30631363	-0.02521555	0.58325659
6166992.00000000	0.35236877	-0.02461530	0.56136804
6163992.00000000	0.39589612	-0.02358759	0.53641937
6160992.00000000	0.43785928	-0.02208173	0.50768085
6157992.00000000	0.47801965	-0.02008298	0.47510172
6154992.00000000	0.51493600	-0.01769370	0.43966479
6151992.00000000	0.54763882	-0.01506012	0.40270544
6148992.00000000	0.57690207	-0.01236932	0.36338617
6145992.00000000	0.60302924	-0.00961255	0.32158133
6142992.00000000	0.62551450	-0.00681369	0.27831668
6139992.00000000	0.64422119	-0.00411954	0.23452625
6136992.00000000	0.65920963	-0.00161716	0.19040448
6133992.00000000	0.67108859	0.00086298	0.14513379
6130992.00000000	0.67969785	0.00300665	0.09906454
6127992.00000000	0.68503433	0.00492792	0.05341602
6124992.00000000	0.68727029	0.00667078	0.00768530
6121992.00000000	0.68626715	0.00830020	-0.03879172
6118992.00000000	0.68197577	0.00980673	-0.08620627
6115992.00000000	0.67431494	0.01119437	-0.13326221
6112992.00000000	0.66331830	0.01251340	-0.17944730
6109992.00000000	0.64881284	0.01388055	-0.22521799
6106992.00000000	0.63023715	0.01516049	-0.27130136
6103992.00000000	0.60785208	0.01642697	-0.31650137
6100992.00000000	0.58193454	0.01747870	-0.35985666
6097992.00000000	0.55259375	0.01866794	-0.40111258
6094992.00000000	0.51958496	0.01959976	-0.44075616
6091992.00000000	0.48283752	0.02042126	-0.47814893
6088992.00000000	0.44388824	0.02107434	-0.51187683
6085992.00000000	0.40342480	0.02152231	-0.54175854
6082992.00000000	0.36080542	0.02185913	-0.56841785
6079992.00000000	0.31585818	0.02201352	-0.59201163
6076992.00000000	0.27047629	0.02196301	-0.61178336
6073992.00000000	0.22472562	0.02161938	-0.62811749
6070992.00000000	0.17824884	0.02129388	-0.64112149
6067992.00000000	0.13068402	0.02086636	-0.65116284
6064992.00000000	0.08296445	0.02040924	-0.65813226
6061992.00000000	0.03597275	0.02006339	-0.66203870
6058992.00000000	-0.01122369	0.01959845	-0.66300330
6055992.00000000	-0.05971631	0.01924747	-0.66095181
6052992.00000000	-0.10910233	0.01887247	-0.65550983
6049992.00000000	-0.15723630	0.01845114	-0.64693634
6046992.00000000	-0.20476825	0.01792746	-0.63500565
6043992.00000000	-0.25256833	0.01748969	-0.61938672
6040992.00000000	-0.29993118	0.01674536	-0.59996164
6037992.00000000	-0.34548398	0.01593994	-0.57711426
6034992.00000000	-0.38894122	0.01496326	-0.55111783
6031992.00000000	-0.43089844	0.01334659	-0.52141919
6028992.00000000	-0.47105649	0.01133017	-0.48809808
6025992.00000000	-0.50802103	0.00908807	-0.45224066
6022992.00000000	-0.54118625	0.00644675	-0.41477075
6019992.00000000	-0.57120575	0.00357501	-0.37506454
6016992.00000000	-0.59815775	0.00052106	-0.33320178
6013992.00000000	-0.62146173	-0.00264429	-0.28993152
6010992.00000000	-0.64097598	-0.00578918	-0.24627725
6007992.00000000	-0.65693515	-0.00876132	-0.20233649
6004992.00000000	-0.66989465	-0.01163428	-0.15701172
6001992.00000000	-0.67945584	-0.01431226	-0.11127643
5998992.00000000	-0.68589212	-0.01683514	-0.06560583
5995992.00000000	-0.68906656	-0.01913223	-0.02013406
5992992.00000000	-0.68928098	-0.02139755	0.02594760
5989992.00000000	-0.68613321	-0.02358072	0.07317661
5986992.00000000	-0.67962842	-0.02566296	0.11961194
5983992.00000000	-0.66999786	-0.02759872	0.16462897
5980992.00000000	-0.65654639	-0.02940939	0.21021680
5977992.00000000	-0.63895349	-0.03131482	0.25620288
5974992.00000000	-0.61752695	-0.03294748	0.30089578
5971992.00000000	-0.59278336	-0.03421268	0.34323282
5968992.00000000	-0.56431674	-0.03532166	0.38401678
5965992.00000000	-0.53172314	-0.03611676	0.42330182
5962992.00000000	-0.49603976	-0.03674850	0.45962271
5959992.00000000	-0.45818686	-0.03696970	0.49248303
5956992.00000000	-0.41796237	-0.03674728	0.52230615
5953992.00000000	-0.37483240	-0.03617761	0.54931033
5950992.00000000	-0.32974115	-0.03546637	0.57305325
5947992.00000000	-0.28364236	-0.03431552	0.59311993
5944992.00000000	-0.23744818	-0.03289392	0.60967545
5941992.00000000	-0.18991043	-0.03133200	0.62314114
5938992.00000000	-0.14168771	-0.02943329	0.63346344
5935992.00000000	-0.09371561	-0.02753833	0.64057187
5932992.00000000	-0.04463159	-0.02609805	0.64479349
5929992.00000000	0.00478516	-0.02418161	0.64592920
5926992.00000000	0.05475671	-0.02221854	0.64398898
5923992.00000000	0.10432022	-0.02031879	0.63875739
5920992.00000000	0.15321335	-0.01803006	0.63048981
5917992.00000000	0.20221814	-0.01569495	0.61880408
5914992.00000000	0.25120090	-0.01299518	0.60360193
5911992.00000000	0.29995209	-0.01001636	0.58443158
5908992.00000000	0.34679816	-0.00672641	0.56202039
5905992.00000000	0.39135114	-0.00337408	0.53636502
5902992.00000000	0.43457474	0.00027231	0.50704214
5899992.00000000	0.47569461	0.00414880	0.47393655
5896992.00000000	0.51310593	0.00814639	0.43872202
5893992.00000000	0.54667004	0.01210403	0.40158112
5890992.00000000	0.57700879	0.01600000	0.36201309
5887992.00000000	0.60412268	0.01990588	0.32005743
5884992.00000000	0.62716046	0.02357700	0.27727621
5881992.00000000	0.64613583	0.02710190	0.23422449
5878992.00000000	0.66171951	0.03034277	0.19019250
5875992.00000000	0.67399939	0.03350452	0.14482474
5872992.00000000	0.68273254	0.03643994	0.09931354
5869992.00000000	0.68803702	0.03913528	0.05440430
5866992.00000000	0.69030750	0.04177435	0.00911453
5863992.00000000	0.68933386	0.04419904	-0.03688766
5860992.00000000	0.68502930	0.04661267	-0.08352841
5857992.00000000	0.67741138	0.04882687	-0.12940936
5854992.00000000	0.66639285	0.05084857	-0.17444772
5851992.00000000	0.65144861	0.05240436	-0.22023175
5848992.00000000	0.63244775	0.05364392	-0.26576395
5845992.00000000	0.60982153	0.05427493	-0.30982526
5842992.00000000	0.58386664	0.05415527	-0.35156097
5839992.00000000	0.55401266	0.05337836	-0.39180402
5836992.00000000	0.52031522	0.05182239	-0.43036499
5833992.00000000	0.48360825	0.04936588	-0.46610226
5830992.00000000	0.44471484	0.04635077	-0.49840549
5827992.00000000	0.40339734	0.04284348	-0.52784390
5824992.00000000	0.35947589	0.03886417	-0.55438699
5821992.00000000	0.31455829	0.03482599	-0.57719214
5818992.00000000	0.26957333	0.03080344	-0.59630359
5815992.00000000	0.22339053	0.02655801	-0.61236929
5812992.00000000	0.17577917	0.02247397	-0.62570346
5809992.00000000	0.12770404	0.01865164	-0.63573792
5806992.00000000	0.07977979	0.01490854	-0.64269537
5803992.00000000	0.03190402	0.01130554	-0.64675598
5800992.00000000	-0.01653015	0.00777304	-0.64795935
5797992.00000000	-0.06614532	0.00425827	-0.64611673
5794992.00000000	-0.11513446	0.00081201	-0.64106323
5791992.00000000	-0.16343881	-0.00247421	-0.63308020
5788992.00000000	-0.21189453	-0.00577441	-0.62144003
5785992.00000000	-0.26053741	-0.00908368	-0.60651120
5782992.00000000	-0.30807147	-0.01208780	-0.58765439
5779992.00000000	-0.35308295	-0.01508292	-0.56594879
5776992.00000000	-0.39684399	-0.01787686	-0.54060867
5773992.00000000	-0.43882162	-0.02062799	-0.51153781
5770992.00000000	-0.47844751	-0.02328156	-0.47928598
5767992.00000000	-0.51418631	-0.02544916	-0.44458679
5764992.00000000	-0.54664905	-0.02742505	-0.40770151
5761992.00000000	-0.57636078	-0.02923499	-0.36783383
5758992.00000000	-0.60244467	-0.03078552	-0.32576599
5755992.00000000	-0.62446719	-0.03224762	-0.28320819
5752992.00000000	-0.64265915	-0.03348001	-0.23993436
5749992.00000000	-0.65762512	-0.03454663	-0.19560162
5746992.00000000	-0.66949805	-0.03553876	-0.15035895
5743992.00000000	-0.67792175	-0.03643845	-0.10505118
5740992.00000000	-0.68329047	-0.03721750	-0.05954926
5737992.00000000	-0.68563867	-0.03791144	-0.01356833
5734992.00000000	-0.68465213	-0.03848563	0.03392355
5731992.00000000	-0.68048672	-0.03903271	0.08100522
5728992.00000000	-0.67320325	-0.03952222	0.12739474
5725992.00000000	-0.66263699	-0.03985223	0.17340381
5722992.00000000	-0.64845804	-0.04017401	0.21997281
5719992.00000000	-0.63060992	-0.04032431	0.26577557
5716992.00000000	-0.60956476	-0.04036453	0.31001306
5713992.00000000	-0.58503864	-0.04003638	0.35288153
5710992.00000000	-0.55678265	-0.03961288	0.39445355
5707992.00000000	-0.52508279	-0.03891971	0.43411206
5704992.00000000	-0.49080865	-0.03809622	0.47075296
5701992.00000000	-0.45454858	-0.03719559	0.50394742
5698992.00000000	-0.41549689	-0.03597983	0.53433920
5695992.00000000	-0.37361743	-0.03455106	0.56202057
5692992.00000000	-0.33037387	-0.03306281	0.58609802
5689992.00000000	-0.28661450	-0.03137244	0.60618857
5686992.00000000	-0.24133929	-0.02954468	0.62310953
5683992.00000000	-0.19471115	-0.02749841	0.63686011
5680992.00000000	-0.14769009	-0.02528668	0.64750418
5677992.00000000	-0.10134531	-0.02330853	0.65460098
5674992.00000000	-0.05427359	-0.02101746	0.65895471
5671992.00000000	-0.00585797	-0.01852185	0.66031763
5668992.00000000	0.04304123	-0.01588480	0.65873843
5665992.00000000	0.09190750	-0.01297964	0.65395346
5662992.00000000	0.14070715	-0.00982489	0.64619778
5659992.00000000	0.19028021	-0.00622324	0.63502563
5656992.00000000	0.24101797	-0.00209784	0.61993344
5653992.00000000	0.29089206	0.00239035	0.60140216
5650992.00000000	0.33889334	0.00712802	0.57996472
5647992.00000000	0.38631131	0.01194299	0.55470694
5644992.00000000	0.43366544	0.01718484	0.52579639
5641992.00000000	0.47769977	0.02178098	0.49353387
5638992.00000000	0.51904306	0.02637448	0.45913373
5635992.00000000	0.55752484	0.03073108	0.42229352
5632992.00000000	0.59293121	0.03453040	0.38239566
5629992.00000000	0.62434644	0.03782095	0.34105429
5626992.00000000	0.65110040	0.04054742	0.29952670
5623992.00000000	0.67372964	0.04274832	0.25737527
5620992.00000000	0.69296533	0.04464459	0.21363031
5617992.00000000	0.70842792	0.04610498	0.16904581
5614992.00000000	0.71977777	0.04721454	0.12535349
5611992.00000000	0.72765216	0.04819614	0.08175082
5608992.00000000	0.73198950	0.04897501	0.03750238
5605992.00000000	0.73272873	0.04975327	-0.00716101
5602992.00000000	0.72974820	0.05035764	-0.05108292
5599992.00000000	0.72309097	0.05083478	-0.09433694
5596992.00000000	0.71248727	0.05127344	-0.13774469
5593992.00000000	0.69723633	0.05163351	-0.18174399
5590992.00000000	0.67771872	0.05168079	-0.22481409
5587992.00000000	0.65422864	0.05198560	-0.26594980
5584992.00000000	0.62676508	0.05196353	-0.30529492
5581992.00000000	0.59478482	0.05163544	-0.34352570
5578992.00000000	0.55919513	0.05110785	-0.37952090
5575992.00000000	0.52129260	0.05044492	-0.41195547
5572992.00000000	0.48104510	0.04934616	-0.44151434
5569992.00000000	0.43785049	0.04792932	-0.46819513
5566992.00000000	0.39316125	0.04593234	-0.49111871
5563992.00000000	0.34811383	0.04358163	-0.50995541
5560992.00000000	0.30317606	0.04092075	-0.52449835
5557992.00000000	0.25723547	0.03792535	-0.53536923
5554992.00000000	0.21016180	0.03455942	-0.54254437
5551992.00000000	0.16363269	0.03105014	-0.54576685
5548992.00000000	0.11763016	0.02743921	-0.54531412
5545992.00000000	0.07160236	0.02373804	-0.54127649
5542992.00000000	0.02458722	0.02010483	-0.53367050
5539992.00000000	-0.02164465	0.01647781	-0.52307077
5536992.00000000	-0.06724808	0.01305765	-0.50984299
5533992.00000000	-0.11266254	0.00978214	-0.49406741
5530992.00000000	-0.15784488	0.00659851	-0.47605170
5527992.00000000	-0.20254404	0.00332358	-0.45627454
5524992.00000000	-0.24500134	0.00023129	-0.43523907
5521992.00000000	-0.28601611	-0.00296982	-0.41304010
5518992.00000000	-0.32579349	-0.00638144	-0.38925955
5515992.00000000	-0.36380295	-0.01003189	-0.36364597
5512992.00000000	-0.39873843	-0.01395718	-0.33727374
5509992.00000000	-0.43068127	-0.01793875	-0.30974487
5506992.00000000	-0.45992255	-0.02205438	-0.28062659
5503992.00000000	-0.48636429	-0.02610550	-0.24974545
5500992.00000000	-0.50909402	-0.02994510	-0.21820148
5497992.00000000	-0.52756607	-0.03337155	-0.18739868
5494992.00000000	-0.54227725	-0.03625992	-0.15635184
5491992.00000000	-0.55313312	-0.03861603	-0.12555600
5488992.00000000	-0.55977429	-0.04041867	-0.09623322
5485992.00000000	-0.56196909	-0.04161618	-0.06973233
5482992.00000000	-0.56032898	-0.04247467	-0.04556381
5479992.00000000	-0.55450266	-0.04296576	-0.02297568
5476992.00000000	-0.54479102	-0.04339935	-0.00232019
5473992.00000000	-0.53152042	-0.04386649	0.01597058
5470992.00000000	-0.51533032	-0.04429907	0.03228091
5467992.00000000	-0.49568094	-0.04477295	0.04772653
5464992.00000000	-0.47316519	-0.04509927	0.06203427
5461992.00000000	-0.44879059	-0.04523380	0.07508130
5458992.00000000	-0.42320047	-0.04522205	0.08697934
5455992.00000000	-0.39576514	-0.04480984	0.09794009
5452992.00000000	-0.36585046	-0.04410803	0.10839569
5449992.00000000	-0.33495508	-0.04309149	0.11764743
5446992.00000000	-0.30332333	-0.04170541	0.12509369
5443992.00000000	-0.27070328	-0.03985025	0.13067606
5440992.00000000	-0.23640790	-0.03767584	0.13428424
5437992.00000000	-0.20186050	-0.03517172	0.13570187
5434992.00000000	-0.16794489	-0.03250540	0.13512878
5431992.00000000	-0.13500763	-0.02976123	0.13279553
5428992.00000000	-0.10225058	-0.02690915	0.12882825
5425992.00000000	-0.07088763	-0.02402432	0.12375140
5422992.00000000	-0.04229782	-0.02138284	0.11818719
5419992.00000000	-0.01640179	-0.01891153	0.11227716
5416992.00000000	0.00750067	-0.01657718	0.10613690
5413992.00000000	0.02943817	-0.01434784	0.10002301
5410992.00000000	0.04858401	-0.01252625	0.09429855
5407992.00000000	0.06546777	-0.01086908	0.08909766
5404992.00000000	0.08099316	-0.00936032	0.08414670
5401992.00000000	0.09542520	-0.00801566	0.07948441
5398992.00000000	0.10873880	-0.00662860	0.07526456
5395992.00000000	0.12067981	-0.00512692	0.07154898
5392992.00000000	0.13154694	-0.00348489	0.06809882
5389992.00000000	0.14131308	-0.00154407	0.06484732
5386992.00000000	0.14935056	0.00066010	0.06178918
5383992.00000000	0.15518988	0.00302753	0.05903983
5380992.00000000	0.15864307	0.00545645	0.05636365
5377992.00000000	0.15965222	0.00783136	0.05370181
5374992.00000000	0.15798111	0.00994641	0.05106354
5371992.00000000	0.15377405	0.01149182	0.04839880
5368992.00000000	0.14776172	0.01253610	0.04588565
5365992.00000000	0.14015399	0.01300485	0.04335971
5362992.00000000	0.13140424	0.01292981	0.04081104
5359992.00000000	0.12228656	0.01246695	0.03843753
5356992.00000000	0.11328647	0.01176215	0.03619101
5353992.00000000	0.10450018	0.01086453	0.03403714
5350992.00000000	0.09583490	0.00984113	0.03190457
5347992.00000000	0.08793890	0.00888367	0.03001239
5344992.00000000	0.08071265	0.00793799	0.02822641
5341992.00000000	0.07413641	0.00707077	0.02654355
5338992.00000000	0.06810907	0.00629764	0.02504370
5335992.00000000	0.06257260	0.00559055	0.02361002
5332992.00000000	0.05759277	0.00490570	0.02225717
5329992.00000000	0.05328696	0.00440601	0.02110934
5326992.00000000	0.04922537	0.00388776	0.01997253
5323992.00000000	0.04548627	0.00341437	0.01891037
5320992.00000000	0.04217673	0.00305188	0.01794836
5317992.00000000	0.03920078	0.00271710	0.01705215
5314992.00000000	0.03649042	0.00241888	0.01622156
5311992.00000000	0.03393744	0.00214355	0.01538312
5308992.00000000	0.03162512	0.00194290	0.01462698
5305992.00000000	0.02957849	0.00173193	0.01392706
5302992.00000000	0.02771841	0.00155722	0.01328021
5299992.00000000	0.02592831	0.00140570	0.01261896
5296992.00000000	0.02435501	0.00129767	0.01210269
5293992.00000000	0.02280429	0.00107666	0.01147235
5290992.00000000	0.02152298	0.00099991	0.01098190
5287992.00000000	0.02028122	0.00089926	0.01049652
5284992.00000000	0.01902554	0.00073944	0.00994467
5281992.00000000	0.01793286	0.00063043	0.00947928
