8062992.00000000	0.00378363	0.00161353	0.01611606
8059992.00000000	0.00383344	0.00155984	0.01687756
8056992.00000000	0.00397141	0.00166510	0.01784851
8053992.00000000	0.00412183	0.00173517	0.01883066
8050992.00000000	0.00428058	0.00188217	0.01995776
8047992.00000000	0.00441876	0.00198911	0.02110925
8044992.00000000	0.00459109	0.00215784	0.02240228
8041992.00000000	0.00474988	0.00231232	0.02380936
8038992.00000000	0.00496051	0.00251581	0.02537927
8035992.00000000	0.00517535	0.00267596	0.02705905
8032992.00000000	0.00537820	0.00286423	0.02888232
8029992.00000000	0.00563272	0.00309396	0.03084320
8026992.00000000	0.00590424	0.00334845	0.03307590
8023992.00000000	0.00609796	0.00359299	0.03544531
8020992.00000000	0.00634488	0.00396884	0.03810989
8017992.00000000	0.00656870	0.00422549	0.04094440
8014992.00000000	0.00688730	0.00468411	0.04424405
8011992.00000000	0.00702817	0.00502124	0.04772458
8008992.00000000	0.00730051	0.00549908	0.05173590
8005992.00000000	0.00752457	0.00604218	0.05607352
8002992.00000000	0.00775848	0.00664136	0.06103091
7999992.00000000	0.00802963	0.00740427	0.06676666
7996992.00000000	0.00819284	0.00814798	0.07298965
7993992.00000000	0.00836417	0.00906396	0.08014398
7990992.00000000	0.00849826	0.01012546	0.08813626
7987992.00000000	0.00858289	0.01136984	0.09755493
7984992.00000000	0.00858417	0.01266452	0.10806924
7981992.00000000	0.00851971	0.01404718	0.11972375
7978992.00000000	0.00852823	0.01551520	0.13288513
7975992.00000000	0.00848474	0.01686047	0.14729477
7972992.00000000	0.00854724	0.01790152	0.16276443
7969992.00000000	0.00874442	0.01840042	0.17840387
7966992.00000000	0.00925958	0.01807822	0.19380017
7963992.00000000	0.01005832	0.01657773	0.20734332
7960992.00000000	0.01155878	0.01397610	0.21806302
7957992.00000000	0.01394678	0.01046927	0.22465140
7954992.00000000	0.01721466	0.00640048	0.22655365
7951992.00000000	0.02162833	0.00237329	0.22394449
7948992.00000000	0.02658624	-0.00141766	0.21708307
7945992.00000000	0.03257474	-0.00462729	0.20709201
7942992.00000000	0.03914090	-0.00726965	0.19545901
7939992.00000000	0.04653693	-0.00954990	0.18269406
7936992.00000000	0.05473361	-0.01193893	0.16934879
7933992.00000000	0.06405811	-0.01464325	0.15563245
7930992.00000000	0.07456134	-0.01803629	0.14128717
7927992.00000000	0.08597400	-0.02224750	0.12592441
7924992.00000000	0.09936523	-0.02710437	0.10833395
7921992.00000000	0.11458725	-0.03225256	0.08786539
7918992.00000000	0.13188226	-0.03728168	0.06345975
7915992.00000000	0.15083273	-0.04116843	0.03561905
7912992.00000000	0.17187311	-0.04342133	0.00332486
7909992.00000000	0.19472604	-0.04324954	-0.03311081
7906992.00000000	0.21761517	-0.04052759	-0.07188043
7903992.00000000	0.23934772	-0.03542032	-0.11224878
7900992.00000000	0.25784161	-0.02880673	-0.15276172
7897992.00000000	0.27270871	-0.02060440	-0.19435867
7894992.00000000	0.28136124	-0.01264569	-0.23324261
7891992.00000000	0.28418167	-0.00514310	-0.26994052
7888992.00000000	0.28150793	0.00076431	-0.30331848
7885992.00000000	0.27459677	0.00527557	-0.33500174
7882992.00000000	0.26512976	0.00789709	-0.36351740
7879992.00000000	0.25462506	0.00883969	-0.38941327
7876992.00000000	0.24386774	0.00856503	-0.41376474
7873992.00000000	0.23350659	0.00738156	-0.43671411
7870992.00000000	0.22329532	0.00535394	-0.45881268
7867992.00000000	0.21342212	0.00314798	-0.47895667
7864992.00000000	0.20257965	0.00067935	-0.49766409
7861992.00000000	0.18967755	-0.00172928	-0.51497763
7858992.00000000	0.17337314	-0.00393970	-0.53055118
7855992.00000000	0.15244022	-0.00579517	-0.54398560
7852992.00000000	0.12629636	-0.00726373	-0.55495432
7849992.00000000	0.09354184	-0.00813406	-0.56375174
7846992.00000000	0.05505273	-0.00844827	-0.56963171
7843992.00000000	0.01146875	-0.00820596	-0.57275031
7840992.00000000	-0.03487195	-0.00747360	-0.57266794
7837992.00000000	-0.08434680	-0.00629019	-0.56913010
7834992.00000000	-0.13519086	-0.00451004	-0.56169595
7831992.00000000	-0.18359000	-0.00252969	-0.55069681
7828992.00000000	-0.22984164	-0.00003220	-0.53553021
7825992.00000000	-0.27261380	0.00216129	-0.51641742
7822992.00000000	-0.31166229	0.00462131	-0.49308575
7819992.00000000	-0.34662024	0.00645447	-0.46618146
7816992.00000000	-0.37726773	0.00821277	-0.43643604
7813992.00000000	-0.40559872	0.00929379	-0.40383939
7810992.00000000	-0.43175333	0.00994901	-0.36891678
7807992.00000000	-0.45710318	0.00987256	-0.33115799
7804992.00000000	-0.48074200	0.00902283	-0.29318054
7801992.00000000	-0.50349002	0.00758069	-0.25372495
7798992.00000000	-0.52477414	0.00573230	-0.21349393
7795992.00000000	-0.54507202	0.00332208	-0.17138074
7792992.00000000	-0.56277631	0.00084140	-0.12922235
7789992.00000000	-0.57808060	-0.00176791	-0.08650638
7786992.00000000	-0.59086340	-0.00440573	-0.04315433
7783992.00000000	-0.60041882	-0.00683041	0.00135321
7780992.00000000	-0.60664127	-0.00915253	0.04654938
7777992.00000000	-0.60929730	-0.01139709	0.09231235
7774992.00000000	-0.60820871	-0.01351257	0.13887027
7771992.00000000	-0.60307745	-0.01530023	0.18619412
7768992.00000000	-0.59380817	-0.01697263	0.23447607
7765992.00000000	-0.58086557	-0.01853299	0.28199771
7762992.00000000	-0.56399765	-0.01977057	0.32911514
7759992.00000000	-0.54305273	-0.02096664	0.37663745
7756992.00000000	-0.51818060	-0.02206659	0.42334241
7753992.00000000	-0.48992371	-0.02289465	0.46835587
7750992.00000000	-0.45928067	-0.02352792	0.51005035
7747992.00000000	-0.42534030	-0.02391406	0.54989050
7744992.00000000	-0.38870486	-0.02423868	0.58645807
7741992.00000000	-0.35043057	-0.02398422	0.61897742
7738992.00000000	-0.31049719	-0.02366962	0.64755139
7735992.00000000	-0.26938351	-0.02321341	0.67211514
7732992.00000000	-0.22607935	-0.02267688	0.69326218
7729992.00000000	-0.18233377	-0.02194412	0.71041974
7726992.00000000	-0.13756097	-0.02113132	0.72409396
7723992.00000000	-0.09292355	-0.02046994	0.73413751
7720992.00000000	-0.04619629	-0.01963626	0.74112793
7717992.00000000	0.00136349	-0.01900287	0.74473425
7714992.00000000	0.04913174	-0.01829395	0.74474243
7711992.00000000	0.09749524	-0.01754596	0.74128632
7708992.00000000	0.14638748	-0.01679477	0.73405554
7705992.00000000	0.19769183	-0.01594257	0.72233221
7702992.00000000	0.24757922	-0.01516205	0.70619928
7699992.00000000	0.29687439	-0.01427774	0.68583969
7696992.00000000	0.34599771	-0.01320044	0.66080811
7693992.00000000	0.39588211	-0.01180368	0.63065182
7690992.00000000	0.44370349	-0.01043170	0.59598526
7687992.00000000	0.48786508	-0.00872168	0.55895654
7684992.00000000	0.53003043	-0.00671097	0.51808536
7681992.00000000	0.56957678	-0.00443338	0.47373276
7678992.00000000	0.60575980	-0.00191522	0.42670380
7675992.00000000	0.63693118	0.00072699	0.37965283
7672992.00000000	0.66419333	0.00323703	0.33155814
7669992.00000000	0.68787335	0.00559991	0.28168448
7666992.00000000	0.70769385	0.00776883	0.23047348
7663992.00000000	0.72345847	0.00987378	0.17994977
7660992.00000000	0.73515793	0.01176233	0.13042746
7657992.00000000	0.74366919	0.01367569	0.07928427
7654992.00000000	0.74861935	0.01553253	0.02733466
7651992.00000000	0.74971149	0.01733502	-0.02449353
7648992.00000000	0.74726990	0.01924750	-0.07524368
7645992.00000000	0.74075452	0.02122998	-0.12746945
7642992.00000000	0.72960107	0.02352188	-0.18155331
7639992.00000000	0.71424863	0.02567093	-0.23396133
7636992.00000000	0.69432974	0.02801740	-0.28584332
7633992.00000000	0.67013824	0.03021381	-0.33615088
7630992.00000000	0.64028305	0.03221643	-0.38709421
7627992.00000000	0.60640762	0.03386356	-0.43541144
7624992.00000000	0.56968237	0.03514166	-0.47988397
7621992.00000000	0.52935120	0.03598724	-0.52159845
7618992.00000000	0.48569040	0.03635989	-0.56037387
7615992.00000000	0.43879916	0.03612839	-0.59591989
7612992.00000000	0.39156442	0.03570773	-0.62626624
7609992.00000000	0.34297028	0.03485217	-0.65264661
7606992.00000000	0.29380405	0.03388196	-0.67483719
7603992.00000000	0.24225757	0.03266107	-0.69390872
7600992.00000000	0.19138022	0.03133252	-0.70881302
7597992.00000000	0.14067865	0.02970435	-0.72028452
7594992.00000000	0.08960861	0.02862607	-0.72831854
7591992.00000000	0.03813885	0.02752606	-0.73312753
7588992.00000000	-0.01481680	0.02647571	-0.73481818
7585992.00000000	-0.06628613	0.02533109	-0.73317010
7582992.00000000	-0.11774313	0.02435886	-0.72798712
7579992.00000000	-0.16956363	0.02340915	-0.71917892
7576992.00000000	-0.22259143	0.02242969	-0.70615414
7573992.00000000	-0.27351608	0.02146674	-0.68945093
7570992.00000000	-0.32284216	0.02049326	-0.66876584
7567992.00000000	-0.37265115	0.01947971	-0.64354434
7564992.00000000	-0.42050372	0.01837411	-0.61403970
7561992.00000000	-0.46597665	0.01721780	-0.58106119
7558992.00000000	-0.50761804	0.01584027	-0.54594785
7555992.00000000	-0.54677615	0.01438641	-0.50704507
7552992.00000000	-0.58376074	0.01281244	-0.46432693
7549992.00000000	-0.61649078	0.01130402	-0.42047928
7546992.00000000	-0.64469028	0.00959305	-0.37544342
7543992.00000000	-0.66878253	0.00810413	-0.32999017
7540992.00000000	-0.68998975	0.00641333	-0.28132825
7537992.00000000	-0.70704507	0.00471301	-0.23295795
7534992.00000000	-0.72044281	0.00305548	-0.18463965
7531992.00000000	-0.73033786	0.00160983	-0.13645520
7528992.00000000	-0.73700467	0.00005682	-0.08651678
7525992.00000000	-0.74060254	-0.00143076	-0.03532434
7522992.00000000	-0.74073105	-0.00293472	0.01517731
7519992.00000000	-0.73733258	-0.00454172	0.06625500
7516992.00000000	-0.73047919	-0.00634009	0.11824994
7513992.00000000	-0.71934988	-0.00866357	0.17275015
7510992.00000000	-0.70452789	-0.01108035	0.22582837
7507992.00000000	-0.68553677	-0.01390735	0.27902420
7504992.00000000	-0.66263278	-0.01690622	0.33112674
7501992.00000000	-0.63456665	-0.02012744	0.38424780
7498992.00000000	-0.60301404	-0.02341104	0.43446329
7495992.00000000	-0.56867886	-0.02642938	0.48107233
7492992.00000000	-0.53058215	-0.02929889	0.52543527
7489992.00000000	-0.48919022	-0.03171118	0.56648364
7486992.00000000	-0.44464801	-0.03381625	0.60397739
7483992.00000000	-0.39926062	-0.03521936	0.63598370
7480992.00000000	-0.35295227	-0.03611496	0.66329108
7477992.00000000	-0.30498157	-0.03653659	0.68651590
7474992.00000000	-0.25569492	-0.03661081	0.70586469
7471992.00000000	-0.20580869	-0.03649026	0.72095245
7468992.00000000	-0.15699551	-0.03622626	0.73215283
7465992.00000000	-0.10593579	-0.03590369	0.74006091
7462992.00000000	-0.05461908	-0.03569342	0.74437518
7459992.00000000	-0.00241193	-0.03557529	0.74504352
7456992.00000000	0.04827756	-0.03554517	0.74229803
7453992.00000000	0.10060364	-0.03550977	0.73554773
7450992.00000000	0.15445108	-0.03600732	0.72457071
7447992.00000000	0.20737189	-0.03641693	0.70958185
7444992.00000000	0.26031540	-0.03669498	0.68987476
7441992.00000000	0.31177472	-0.03650992	0.66623639
7438992.00000000	0.36418765	-0.03617294	0.63712097
7435992.00000000	0.41467590	-0.03543213	0.60429166
7432992.00000000	0.46239001	-0.03430002	0.56807172
7429992.00000000	0.50693759	-0.03276154	0.52906299
7426992.00000000	0.54859741	-0.03090768	0.48704861
7423992.00000000	0.58784515	-0.02868924	0.44130899
7420992.00000000	0.62134042	-0.02626236	0.39572266
7417992.00000000	0.65078223	-0.02360300	0.34882870
7414992.00000000	0.67623328	-0.02093951	0.30079211
7411992.00000000	0.69829929	-0.01809076	0.25069812
7408992.00000000	0.71573642	-0.01543414	0.20197824
7405992.00000000	0.72940277	-0.01303461	0.15322226
7402992.00000000	0.73988773	-0.01054089	0.10354221
7399992.00000000	0.74666553	-0.00834885	0.05341751
7396992.00000000	0.74995496	-0.00603287	0.00217853
7393992.00000000	0.74966669	-0.00389377	-0.04714755
7390992.00000000	0.74553433	-0.00173300	-0.09839246
7387992.00000000	0.73732224	0.00063968	-0.15022144
7384992.00000000	0.72456888	0.00318323	-0.20291479
7381992.00000000	0.70755911	0.00580161	-0.25432593
7378992.00000000	0.68629523	0.00839542	-0.30467831
7375992.00000000	0.65964603	0.01104404	-0.35563751
7372992.00000000	0.62826663	0.01373355	-0.40547583
7369992.00000000	0.59316122	0.01643842	-0.45261014
7366992.00000000	0.55538879	0.01880615	-0.49619681
7363992.00000000	0.51306259	0.02118228	-0.53831934
7360992.00000000	0.46754572	0.02357837	-0.57695840
7357992.00000000	0.42082043	0.02584024	-0.61111459
7354992.00000000	0.37345859	0.02798508	-0.64051450
7351992.00000000	0.32535513	0.03011063	-0.66562390
7348992.00000000	0.27477304	0.03199222	-0.68773825
7345992.00000000	0.22459796	0.03354596	-0.70546786
7342992.00000000	0.17441052	0.03490460	-0.71939841
7339992.00000000	0.12469739	0.03598517	-0.72997153
7336992.00000000	0.07315030	0.03712692	-0.73747614
7333992.00000000	0.02172321	0.03831497	-0.74143945
7330992.00000000	-0.02863684	0.03954382	-0.74210263
7327992.00000000	-0.07985727	0.04083673	-0.73941257
7324992.00000000	-0.13180627	0.04223376	-0.73297733
7321992.00000000	-0.18491888	0.04373499	-0.72222498
7318992.00000000	-0.23555682	0.04511768	-0.70771017
7315992.00000000	-0.28623013	0.04620511	-0.68885812
7312992.00000000	-0.33530945	0.04665707	-0.66579211
7309992.00000000	-0.38505286	0.04674313	-0.63711548
7306992.00000000	-0.43242740	0.04634814	-0.60429913
7303992.00000000	-0.47603531	0.04526218	-0.56860535
7300992.00000000	-0.51787424	0.04352689	-0.52887674
7297992.00000000	-0.55644992	0.04129144	-0.48626532
7294992.00000000	-0.59212967	0.03848700	-0.44049777
7291992.00000000	-0.62275146	0.03561343	-0.39452820
7288992.00000000	-0.64972006	0.03250299	-0.34728412
7285992.00000000	-0.67366281	0.02930933	-0.29789944
7282992.00000000	-0.69370300	0.02628036	-0.24753458
7279992.00000000	-0.70973303	0.02349017	-0.19776492
7276992.00000000	-0.72209723	0.02096024	-0.14919775
7273992.00000000	-0.73149792	0.01847708	-0.09898010
7270992.00000000	-0.73763342	0.01619449	-0.04821146
7267992.00000000	-0.74040695	0.01399036	0.00296201
7264992.00000000	-0.73976660	0.01183704	0.05292587
7261992.00000000	-0.73583148	0.00942316	0.10373099
7258992.00000000	-0.72781409	0.00665128	0.15641736
7255992.00000000	-0.71596710	0.00358176	0.20815219
7252992.00000000	-0.69992929	-0.00002795	0.25955197
7249992.00000000	-0.68016644	-0.00400793	0.30931424
7246992.00000000	-0.65464252	-0.00872662	0.36087140
7243992.00000000	-0.62522443	-0.01375833	0.40990018
7240992.00000000	-0.59198026	-0.01889587	0.45633948
7237992.00000000	-0.55522552	-0.02403922	0.49995636
7234992.00000000	-0.51471036	-0.02896182	0.54085144
7231992.00000000	-0.47029791	-0.03372159	0.57898157
7228992.00000000	-0.42534610	-0.03773987	0.61180627
7225992.00000000	-0.37818649	-0.04106427	0.64089066
7222992.00000000	-0.33013828	-0.04374036	0.66567200
7219992.00000000	-0.27958340	-0.04575961	0.68708139
7216992.00000000	-0.22947543	-0.04716718	0.70404306
7213992.00000000	-0.17941922	-0.04818631	0.71727594
7210992.00000000	-0.12937811	-0.04898767	0.72706647
7207992.00000000	-0.07806500	-0.04975464	0.73361044
7204992.00000000	-0.02602502	-0.05044977	0.73700256
7201992.00000000	0.02484958	-0.05125436	0.73700162
7198992.00000000	0.07663544	-0.05202951	0.73379752
7195992.00000000	0.12942590	-0.05282874	0.72699768
7192992.00000000	0.18310251	-0.05370175	0.71632974
7189992.00000000	0.23568091	-0.05447412	0.70176740
7186992.00000000	0.28689487	-0.05503632	0.68350476
7183992.00000000	0.33907159	-0.05522171	0.66048041
7180992.00000000	0.39029794	-0.05510593	0.63298853
7177992.00000000	0.43946536	-0.05450046	0.60139462
7174992.00000000	0.48492636	-0.05329575	0.56721307
7171992.00000000	0.52833279	-0.05153464	0.52903928
7168992.00000000	0.56869821	-0.04921609	0.48736469
7165992.00000000	0.60515494	-0.04639078	0.44299622
7162992.00000000	0.63688757	-0.04306723	0.39789011
7159992.00000000	0.66393866	-0.03966943	0.35199701
7156992.00000000	0.68777200	-0.03591232	0.30340097
7153992.00000000	0.70723575	-0.03234750	0.25444107
7150992.00000000	0.72268399	-0.02893582	0.20556454
7147992.00000000	0.73440628	-0.02571930	0.15709750
7144992.00000000	0.74291705	-0.02257257	0.10679034
7141992.00000000	0.74795187	-0.01952374	0.05550421
7138992.00000000	0.74937375	-0.01672003	0.00537366
7135992.00000000	0.74749265	-0.01366260	-0.04525992
7132992.00000000	0.74196875	-0.01045093	-0.09672308
7129992.00000000	0.73232794	-0.00683270	-0.14979288
7126992.00000000	0.71867932	-0.00296024	-0.20237329
7123992.00000000	0.70088211	0.00138699	-0.25465140
7120992.00000000	0.67846442	0.00589893	-0.30698221
7117992.00000000	0.65125659	0.01074509	-0.35917148
7114992.00000000	0.61967554	0.01584341	-0.40985760
7111992.00000000	0.58536487	0.02037341	-0.45650739
7108992.00000000	0.54736249	0.02462268	-0.50089529
7105992.00000000	0.50590677	0.02851175	-0.54249680
7102992.00000000	0.46113672	0.03188455	-0.58087088
7099992.00000000	0.41623163	0.03465656	-0.61368524
7096992.00000000	0.36992654	0.03685663	-0.64251102
7093992.00000000	0.32171539	0.03865363	-0.66765823
7090992.00000000	0.27211630	0.04005063	-0.68882437
7087992.00000000	0.22289755	0.04109167	-0.70589935
7084992.00000000	0.17408524	0.04186035	-0.71900519
7081992.00000000	0.12423056	0.04248615	-0.72897354
7078992.00000000	0.07322003	0.04288321	-0.73568719
7075992.00000000	0.02172797	0.04352368	-0.73904834
7072992.00000000	-0.02905295	0.04475681	-0.73892834
7069992.00000000	-0.07973553	0.04591385	-0.73545020
7066992.00000000	-0.13274850	0.04742471	-0.72804498
7063992.00000000	-0.18523102	0.04920712	-0.71671002
7060992.00000000	-0.23747861	0.05124664	-0.70128888
7057992.00000000	-0.28857172	0.05299655	-0.68195618
7054992.00000000	-0.34020557	0.05484070	-0.65727341
7051992.00000000	-0.39071964	0.05626569	-0.62842709
7048992.00000000	-0.43842078	0.05716708	-0.59582053
7045992.00000000	-0.48304242	0.05740823	-0.56026675
7042992.00000000	-0.52473059	0.05701154	-0.52155072
7039992.00000000	-0.56457797	0.05568475	-0.47887958
7036992.00000000	-0.59928094	0.05372208	-0.43531525
7033992.00000000	-0.62990488	0.05092184	-0.39047656
7030992.00000000	-0.65618301	0.04786044	-0.34513181
7027992.00000000	-0.67959360	0.04439825	-0.29659189
7024992.00000000	-0.69853030	0.04081689	-0.24886652
7021992.00000000	-0.71366251	0.03736273	-0.20102280
7018992.00000000	-0.72537097	0.03394482	-0.15292963
7015992.00000000	-0.73403000	0.03050476	-0.10342187
7012992.00000000	-0.73937839	0.02720068	-0.05341974
7009992.00000000	-0.74134094	0.02399588	-0.00356427
7006992.00000000	-0.73996487	0.02067770	0.04682959
7003992.00000000	-0.73512610	0.01708240	0.09851941
7000992.00000000	-0.72653223	0.01293445	0.15136905
6997992.00000000	-0.71389966	0.00867319	0.20426669
6994992.00000000	-0.69751779	0.00386514	0.25637274
6991992.00000000	-0.67659036	-0.00147614	0.30926041
6988992.00000000	-0.65062387	-0.00734674	0.36278564
6985992.00000000	-0.62067780	-0.01343509	0.41412961
6982992.00000000	-0.58777856	-0.01945743	0.46191159
6979992.00000000	-0.55091650	-0.02553598	0.50767529
6976992.00000000	-0.51002908	-0.03132303	0.55064703
6973992.00000000	-0.46758377	-0.03660742	0.58847571
6970992.00000000	-0.42324326	-0.04104324	0.62183359
6967992.00000000	-0.37782178	-0.04445673	0.65053833
6964992.00000000	-0.32978427	-0.04723276	0.67569315
6961992.00000000	-0.28112057	-0.04908447	0.69640817
6958992.00000000	-0.23241281	-0.05055789	0.71302121
6955992.00000000	-0.18393668	-0.05175500	0.72572754
6952992.00000000	-0.13352051	-0.05243649	0.73547452
6949992.00000000	-0.08192075	-0.05321439	0.74171445
6946992.00000000	-0.03105228	-0.05381894	0.74468881
6943992.00000000	0.02080533	-0.05483249	0.74398251
6940992.00000000	0.07266061	-0.05593600	0.73999219
6937992.00000000	0.12695987	-0.05736075	0.73185358
6934992.00000000	0.17999561	-0.05876138	0.71985391
6931992.00000000	0.23319098	-0.06027509	0.70361221
6928992.00000000	0.28546921	-0.06155252	0.68331845
6925992.00000000	0.33848865	-0.06252255	0.65810855
6922992.00000000	0.39054608	-0.06296957	0.62839630
6919992.00000000	0.43926260	-0.06263824	0.59581494
6916992.00000000	0.48633551	-0.06139734	0.55932413
6913992.00000000	0.53047574	-0.05932156	0.51974133
6910992.00000000	0.57213129	-0.05639355	0.47644843
6907992.00000000	0.60841983	-0.05295526	0.43242560
6904992.00000000	0.64040970	-0.04907065	0.38736517
6901992.00000000	0.66827588	-0.04455542	0.34067801
6898992.00000000	0.69243970	-0.04008731	0.29222180
6895992.00000000	0.71248096	-0.03581992	0.24301926
6892992.00000000	0.72814319	-0.03188754	0.19442743
6889992.00000000	0.74050140	-0.02827722	0.14477518
6886992.00000000	0.74928500	-0.02488272	0.09467139
6883992.00000000	0.75450653	-0.02168338	0.04361270
6880992.00000000	0.75632999	-0.01855646	-0.00659225
6877992.00000000	0.75456104	-0.01543698	-0.05717056
6874992.00000000	0.74910815	-0.01207468	-0.10927176
6871992.00000000	0.73962350	-0.00835168	-0.16209918
6868992.00000000	0.72594742	-0.00419791	-0.21463004
6865992.00000000	0.70866373	0.00055820	-0.26506335
6862992.00000000	0.68657028	0.00575775	-0.31633395
6859992.00000000	0.65902380	0.01072876	-0.36827496
6856992.00000000	0.62746002	0.01593250	-0.41758722
6853992.00000000	0.59250632	0.02095630	-0.46379782
6850992.00000000	0.55382758	0.02580267	-0.50734735
6847992.00000000	0.51087704	0.03061713	-0.54868658
6844992.00000000	0.46664627	0.03501453	-0.58477197
6841992.00000000	0.42027911	0.03900620	-0.61694434
6838992.00000000	0.37324384	0.04246317	-0.64444464
6835992.00000000	0.32346399	0.04546918	-0.66876901
6832992.00000000	0.27385159	0.04790079	-0.68866129
6829992.00000000	0.22445523	0.04987659	-0.70455499
6826992.00000000	0.17453400	0.05162732	-0.71724738
6823992.00000000	0.12361990	0.05343442	-0.72659274
6820992.00000000	0.07200967	0.05525485	-0.73273679
6817992.00000000	0.02166907	0.05739417	-0.73564844
6814992.00000000	-0.02966156	0.05935034	-0.73544894
6811992.00000000	-0.08162643	0.06149414	-0.73196078
6808992.00000000	-0.13464478	0.06375885	-0.72464209
6805992.00000000	-0.18710181	0.06593402	-0.71364603
6802992.00000000	-0.23861282	0.06799319	-0.69872946
6799992.00000000	-0.29105600	0.06968671	-0.67927386
6796992.00000000	-0.34228851	0.07073083	-0.65570190
6793992.00000000	-0.39254462	0.07103296	-0.62756940
6790992.00000000	-0.43978711	0.07031378	-0.59633731
6787992.00000000	-0.48564410	0.06856885	-0.56073083
6784992.00000000	-0.52911423	0.06564359	-0.52199435
6781992.00000000	-0.56833322	0.06218872	-0.47977759
6778992.00000000	-0.60361816	0.05792303	-0.43586044
6775992.00000000	-0.63487476	0.05313812	-0.39034543
6772992.00000000	-0.66256406	0.04799576	-0.34229532
6769992.00000000	-0.68565097	0.04280679	-0.29393848
6766992.00000000	-0.70451855	0.03792111	-0.24486288
6763992.00000000	-0.71953339	0.03337277	-0.19573297
6760992.00000000	-0.73117612	0.02893588	-0.14567273
6757992.00000000	-0.73921082	0.02491177	-0.09472006
6754992.00000000	-0.74379218	0.02118906	-0.04416562
6751992.00000000	-0.74487048	0.01770316	0.00720398
6748992.00000000	-0.74250674	0.01421045	0.05814731
6745992.00000000	-0.73622583	0.01045374	0.11204013
6742992.00000000	-0.72642148	0.00652811	0.16439258
6739992.00000000	-0.71224811	0.00217078	0.21767819
6736992.00000000	-0.69386456	-0.00259070	0.27062668
6733992.00000000	-0.67087384	-0.00784610	0.32373550
6730992.00000000	-0.64330582	-0.01347150	0.37603943
6727992.00000000	-0.61233115	-0.01895166	0.42545126
6724992.00000000	-0.57743341	-0.02446741	0.47279959
6721992.00000000	-0.53912143	-0.02981964	0.51741733
6718992.00000000	-0.49748978	-0.03510226	0.55895874
6715992.00000000	-0.45425201	-0.03966721	0.59577048
6712992.00000000	-0.40954636	-0.04374402	0.62826865
6709992.00000000	-0.36348535	-0.04722968	0.65650803
6706992.00000000	-0.31582965	-0.05008737	0.68078632
6703992.00000000	-0.26764279	-0.05256390	0.70080472
6700992.00000000	-0.21972955	-0.05440732	0.71671185
6697992.00000000	-0.17048511	-0.05605252	0.72927240
6694992.00000000	-0.12088632	-0.05764075	0.73846201
6691992.00000000	-0.07064001	-0.05910452	0.74422623
6688992.00000000	-0.02091113	-0.06054175	0.74666977
6685992.00000000	0.02960593	-0.06226022	0.74582697
6682992.00000000	0.08197864	-0.06401285	0.74129587
6679992.00000000	0.13456656	-0.06585175	0.73323434
6676992.00000000	0.18732803	-0.06765729	0.72119888
6673992.00000000	0.24005377	-0.06916580	0.70548563
6670992.00000000	0.29368500	-0.07033560	0.68501505
6667992.00000000	0.34690970	-0.07070984	0.66037674
6664992.00000000	0.39899884	-0.07031027	0.63193097
6661992.00000000	0.44934967	-0.06889102	0.59989160
6658992.00000000	0.49771338	-0.06635382	0.56447507
6655992.00000000	0.54440240	-0.06284494	0.52455505
6652992.00000000	0.58482516	-0.05843750	0.48401245
6649992.00000000	0.62143808	-0.05360709	0.44099139
6646992.00000000	0.65354507	-0.04849310	0.39648401
6643992.00000000	0.68166837	-0.04326288	0.34934393
6640992.00000000	0.70451071	-0.03843784	0.30268076
6637992.00000000	0.72326834	-0.03405930	0.25527579
6634992.00000000	0.73831522	-0.02984390	0.20705896
6631992.00000000	0.74980383	-0.02600500	0.15731448
6628992.00000000	0.75768399	-0.02231778	0.10706824
6625992.00000000	0.76183765	-0.01897119	0.05757809
6622992.00000000	0.76239044	-0.01551016	0.00713516
6619992.00000000	0.75918451	-0.01188324	-0.04391486
6616992.00000000	0.75194778	-0.00780215	-0.09597046
6613992.00000000	0.74042236	-0.00333276	-0.14799057
6610992.00000000	0.72440167	0.00156418	-0.19975714
6607992.00000000	0.70334692	0.00718771	-0.25261551
6604992.00000000	0.67709955	0.01332602	-0.30546661
6601992.00000000	0.64622391	0.01961536	-0.35678070
6598992.00000000	0.61116672	0.02587277	-0.40608759
6595992.00000000	0.57176245	0.03196521	-0.45364740
6592992.00000000	0.52860342	0.03784930	-0.49856204
6589992.00000000	0.48304361	0.04304562	-0.53962744
6586992.00000000	0.43581421	0.04762155	-0.57649222
6583992.00000000	0.38797937	0.05148035	-0.60876733
6580992.00000000	0.33759335	0.05473001	-0.63783081
6577992.00000000	0.28763107	0.05720621	-0.66229712
6574992.00000000	0.23697055	0.05922598	-0.68300424
6571992.00000000	0.18661697	0.06086362	-0.69988635
6568992.00000000	0.13524289	0.06221216	-0.71364053
6565992.00000000	0.08413165	0.06346341	-0.72401718
6562992.00000000	0.03310413	0.06468704	-0.73119461
6559992.00000000	-0.01792343	0.06590195	-0.73521909
6556992.00000000	-0.06954675	0.06715457	-0.73613571
6553992.00000000	-0.12260886	0.06845520	-0.73353812
6550992.00000000	-0.17537363	0.06955972	-0.72750330
6547992.00000000	-0.22778479	0.07047177	-0.71738815
6544992.00000000	-0.28031174	0.07086301	-0.70336188
6541992.00000000	-0.33204245	0.07054715	-0.68485016
6538992.00000000	-0.38193588	0.06929544	-0.66200330
6535992.00000000	-0.42901028	0.06693906	-0.63569086
6532992.00000000	-0.47439194	0.06370233	-0.60498865
6529992.00000000	-0.51678137	0.05965222	-0.57064352
6526992.00000000	-0.55633759	0.05495029	-0.53205429
6523992.00000000	-0.59135776	0.04980893	-0.49153778
6520992.00000000	-0.62239212	0.04463275	-0.44852863
6517992.00000000	-0.64961734	0.03932321	-0.40356952
6514992.00000000	-0.67319147	0.03420532	-0.35649988
6511992.00000000	-0.69287418	0.02943643	-0.30886386
6508992.00000000	-0.70858194	0.02525043	-0.26111142
6505992.00000000	-0.72118887	0.02126456	-0.21241736
6502992.00000000	-0.73077814	0.01751031	-0.16235922
6499992.00000000	-0.73701691	0.01407047	-0.11237772
6496992.00000000	-0.74014828	0.01083841	-0.06251334
6493992.00000000	-0.74006543	0.00771616	-0.01185425
6490992.00000000	-0.73671725	0.00428262	0.04044034
6487992.00000000	-0.72979700	0.00074976	0.09273993
6484992.00000000	-0.71907553	-0.00302716	0.14585229
6481992.00000000	-0.70468176	-0.00717026	0.19827438
6478992.00000000	-0.68597495	-0.01175531	0.25186502
6475992.00000000	-0.66296552	-0.01660928	0.30511636
6472992.00000000	-0.63599719	-0.02162802	0.35734381
6469992.00000000	-0.60560651	-0.02665955	0.40744696
6466992.00000000	-0.57137091	-0.03166077	0.45587186
6463992.00000000	-0.53303897	-0.03648239	0.50272766
6460992.00000000	-0.49288290	-0.04094217	0.54487653
6457992.00000000	-0.45093158	-0.04500311	0.58274948
6454992.00000000	-0.40699066	-0.04849091	0.61661777
6451992.00000000	-0.36022906	-0.05155789	0.64679385
6448992.00000000	-0.31280630	-0.05401135	0.67219495
6445992.00000000	-0.26565549	-0.05597681	0.69286417
6442992.00000000	-0.21713687	-0.05761011	0.70987418
6439992.00000000	-0.16804828	-0.05898843	0.72313846
6436992.00000000	-0.11790320	-0.06015817	0.73310803
6433992.00000000	-0.06884161	-0.06134631	0.73940244
6430992.00000000	-0.01815717	-0.06249023	0.74247055
6427992.00000000	0.03321454	-0.06377927	0.74216406
6424992.00000000	0.08585385	-0.06506265	0.73839807
6421992.00000000	0.13786160	-0.06648303	0.73097812
6418992.00000000	0.18992236	-0.06771057	0.72006085
6415992.00000000	0.24338544	-0.06884500	0.70440952
6412992.00000000	0.29667911	-0.06945572	0.68463040
6409992.00000000	0.34952289	-0.06950928	0.66039481
6406992.00000000	0.40060995	-0.06890668	0.63200705
6403992.00000000	0.45040714	-0.06749829	0.59956390
6400992.00000000	0.49822128	-0.06503378	0.56302576
6397992.00000000	0.54216794	-0.06173853	0.52395264
6394992.00000000	0.58246173	-0.05758258	0.48236029
6391992.00000000	0.61806396	-0.05288370	0.43917606
6388992.00000000	0.65062204	-0.04761517	0.39261813
6385992.00000000	0.67814203	-0.04223328	0.34571924
6382992.00000000	0.70109689	-0.03703470	0.29815689
6379992.00000000	0.71957855	-0.03216980	0.25113544
6376992.00000000	0.73472086	-0.02742609	0.20242215
6373992.00000000	0.74615097	-0.02292825	0.15300317
6370992.00000000	0.75379001	-0.01859048	0.10408542
6367992.00000000	0.75790121	-0.01441422	0.05500342
6364992.00000000	0.75853964	-0.01019281	0.00535492
6361992.00000000	0.75527972	-0.00575995	-0.04677954
6358992.00000000	0.74809146	-0.00123444	-0.09765396
6355992.00000000	0.73696136	0.00367136	-0.14828275
6352992.00000000	0.72134451	0.00874756	-0.19953506
6349992.00000000	0.70057538	0.01422003	-0.25213834
6346992.00000000	0.67529663	0.01967203	-0.30361365
6343992.00000000	0.64586206	0.02484470	-0.35336234
6340992.00000000	0.61264651	0.02970343	-0.40142715
6337992.00000000	0.57488919	0.03424396	-0.44848929
6334992.00000000	0.53335617	0.03831976	-0.49343863
6331992.00000000	0.49076968	0.04208252	-0.53349112
6328992.00000000	0.44610904	0.04518716	-0.57025604
6325992.00000000	0.39905411	0.04801938	-0.60370697
6322992.00000000	0.35002264	0.05040094	-0.63372437
6319992.00000000	0.30054312	0.05228030	-0.65951965
6316992.00000000	0.25198721	0.05376334	-0.68074469
6313992.00000000	0.20194330	0.05504660	-0.69882062
6310992.00000000	0.15088113	0.05614969	-0.71360794
6307992.00000000	0.09992621	0.05718765	-0.72506009
6304992.00000000	0.04976959	0.05820734	-0.73299231
6301992.00000000	-0.00172122	0.05923203	-0.73803012
6298992.00000000	-0.05469266	0.06039548	-0.73975333
6295992.00000000	-0.10705768	0.06157224	-0.73805746
6292992.00000000	-0.15959387	0.06271411	-0.73281567
6289992.00000000	-0.21168036	0.06368091	-0.72389050
6286992.00000000	-0.26510413	0.06443683	-0.71067645
6283992.00000000	-0.31783289	0.06486618	-0.69308267
6280992.00000000	-0.36856842	0.06454150	-0.67140817
6277992.00000000	-0.41742136	0.06360187	-0.64554340
6274992.00000000	-0.46476123	0.06184305	-0.61512274
6271992.00000000	-0.50985297	0.05926480	-0.58019363
6268992.00000000	-0.55093854	0.05589481	-0.54225391
6265992.00000000	-0.58792682	0.05173593	-0.50163528
6262992.00000000	-0.62115427	0.04704089	-0.45837921
6259992.00000000	-0.65080389	0.04179483	-0.41225293
6256992.00000000	-0.67607172	0.03645200	-0.36492343
6253992.00000000	-0.69657678	0.03120227	-0.31814038
6250992.00000000	-0.71368427	0.02592917	-0.27020715
6247992.00000000	-0.72702283	0.02110617	-0.22179169
6244992.00000000	-0.73718063	0.01631616	-0.17188586
6241992.00000000	-0.74380969	0.01183298	-0.12319116
6238992.00000000	-0.74741306	0.00741205	-0.07273962
6235992.00000000	-0.74747238	0.00318811	-0.02207208
6232992.00000000	-0.74398642	-0.00127570	0.03098383
6229992.00000000	-0.73666248	-0.00579834	0.08353214
6226992.00000000	-0.72569659	-0.01028925	0.13547702
6223992.00000000	-0.71031744	-0.01499020	0.18924667
6220992.00000000	-0.69027939	-0.01958960	0.24369983
6217992.00000000	-0.66591901	-0.02409219	0.29781802
6214992.00000000	-0.63834412	-0.02815027	0.34935532
6211992.00000000	-0.60649051	-0.03179227	0.40034412
6208992.00000000	-0.57010916	-0.03518134	0.45049719
6205992.00000000	-0.53120578	-0.03808432	0.49718701
6202992.00000000	-0.49007086	-0.04067456	0.54007285
6199992.00000000	-0.44746628	-0.04306216	0.57856058
6196992.00000000	-0.40090356	-0.04542590	0.61466046
6193992.00000000	-0.35324921	-0.04733667	0.64582968
6190992.00000000	-0.30526083	-0.04892856	0.67236197
6187992.00000000	-0.25771115	-0.05029730	0.69407095
6184992.00000000	-0.20803619	-0.05129514	0.71265533
6181992.00000000	-0.15765039	-0.05222336	0.72750360
6178992.00000000	-0.10770718	-0.05307120	0.73853091
6175992.00000000	-0.05799603	-0.05417221	0.74592264
6172992.00000000	-0.00726257	-0.05527551	0.75024539
6169992.00000000	0.04526288	-0.05666904	0.75111145
6166992.00000000	0.09702875	-0.05809222	0.74827942
6163992.00000000	0.14859064	-0.05964343	0.74150748
6160992.00000000	0.20131042	-0.06112570	0.73056067
6157992.00000000	0.25447455	-0.06242621	0.71488458
6154992.00000000	0.30756403	-0.06324332	0.69435394
6151992.00000000	0.35860101	-0.06353696	0.66949973
6148992.00000000	0.40887091	-0.06292520	0.63976300
6145992.00000000	0.45707498	-0.06121973	0.60561780
6142992.00000000	0.50321225	-0.05852197	0.56711478
6139992.00000000	0.54501575	-0.05490347	0.52626938
6136992.00000000	0.58314236	-0.05060910	0.48266519
6133992.00000000	0.61767331	-0.04581482	0.43655539
6130992.00000000	0.64789655	-0.04079422	0.38885358
6127992.00000000	0.67366202	-0.03576202	0.34061530
6124992.00000000	0.69528809	-0.03088083	0.29206332
6121992.00000000	0.71336243	-0.02626004	0.24265952
6118992.00000000	0.72779498	-0.02194821	0.19277441
6115992.00000000	0.73868393	-0.01788113	0.14304663
6112992.00000000	0.74633658	-0.01427112	0.09340494
6109992.00000000	0.75075525	-0.01081683	0.04347366
6106992.00000000	0.75200388	-0.00737823	-0.00780582
6103992.00000000	0.74984351	-0.00393268	-0.05877164
6100992.00000000	0.74413675	-0.00024899	-0.11028439
6097992.00000000	0.73497287	0.00344495	-0.16056046
6094992.00000000	0.72134241	0.00752966	-0.21342993
6091992.00000000	0.70374570	0.01210040	-0.26545633
6088992.00000000	0.68157355	0.01671283	-0.31734702
6085992.00000000	0.65569571	0.02141083	-0.36692017
6082992.00000000	0.62574643	0.02622412	-0.41497592
6079992.00000000	0.59091336	0.03099008	-0.46199216
6076992.00000000	0.55266559	0.03532236	-0.50570251
6073992.00000000	0.51174216	0.03926089	-0.54543130
6070992.00000000	0.46861386	0.04261542	-0.58102991
6067992.00000000	0.42243970	0.04544894	-0.61350705
6064992.00000000	0.37470432	0.04757007	-0.64167023
6061992.00000000	0.32687698	0.04917407	-0.66508841
6058992.00000000	0.27828680	0.05015042	-0.68494910
6055992.00000000	0.22809000	0.05082843	-0.70162183
6052992.00000000	0.17653860	0.05128061	-0.71492017
6049992.00000000	0.12623965	0.05156793	-0.72450925
6046992.00000000	0.07541040	0.05193021	-0.73113821
6043992.00000000	0.02414124	0.05234644	-0.73465152
6040992.00000000	-0.02904050	0.05308081	-0.73477972
6037992.00000000	-0.08196207	0.05379745	-0.73155005
6034992.00000000	-0.13346506	0.05458640	-0.72480200
6031992.00000000	-0.18625479	0.05536926	-0.71421317
6028992.00000000	-0.23970035	0.05611880	-0.69929871
6025992.00000000	-0.29282870	0.05664493	-0.68013739
6022992.00000000	-0.34325464	0.05669025	-0.65723853
6019992.00000000	-0.39291452	0.05626404	-0.63010803
6016992.00000000	-0.44157193	0.05486969	-0.59807553
6013992.00000000	-0.48770709	0.05254272	-0.56257779
6010992.00000000	-0.53027472	0.04949521	-0.52422198
6007992.00000000	-0.56837866	0.04571948	-0.48405142
6004992.00000000	-0.60398340	0.04117361	-0.44008765
6001992.00000000	-0.63519254	0.03621008	-0.39502539
5998992.00000000	-0.66201889	0.03137985	-0.34871716
5995992.00000000	-0.68418683	0.02636105	-0.30287299
5992992.00000000	-0.70320758	0.02134686	-0.25475696
5989992.00000000	-0.71872818	0.01650259	-0.20524127
5986992.00000000	-0.73022861	0.01203271	-0.15665472
5983992.00000000	-0.73829370	0.00791318	-0.10812100
5980992.00000000	-0.74320404	0.00382901	-0.05861490
5977992.00000000	-0.74472879	-0.00015176	-0.00711151
5974992.00000000	-0.74279840	-0.00382285	0.04331436
5971992.00000000	-0.73742148	-0.00760931	0.09422720
5968992.00000000	-0.72827103	-0.01164246	0.14641315
5965992.00000000	-0.71494333	-0.01577029	0.19926340
5962992.00000000	-0.69735172	-0.02025433	0.25253989
5959992.00000000	-0.67628372	-0.02480502	0.30368924
5956992.00000000	-0.65061868	-0.02941888	0.35517197
5953992.00000000	-0.62097949	-0.03410675	0.40549640
5950992.00000000	-0.58633112	-0.03860962	0.45549210
5947992.00000000	-0.54930771	-0.04259793	0.50129257
5944992.00000000	-0.50956949	-0.04612119	0.54355136
5941992.00000000	-0.46711234	-0.04922321	0.58222931
5938992.00000000	-0.42256473	-0.05174017	0.61678329
5935992.00000000	-0.37670230	-0.05357913	0.64680377
5932992.00000000	-0.33020129	-0.05457162	0.67211435
5929992.00000000	-0.28216278	-0.05502219	0.69363422
5926992.00000000	-0.23348767	-0.05509131	0.71119244
5923992.00000000	-0.18377563	-0.05484424	0.72515405
5920992.00000000	-0.13514160	-0.05453125	0.73522571
5917992.00000000	-0.08486234	-0.05421402	0.74213898
5914992.00000000	-0.03290494	-0.05402823	0.74563910
5911992.00000000	0.01846664	-0.05364758	0.74555411
5908992.00000000	0.07062546	-0.05352032	0.74178549
5905992.00000000	0.12236392	-0.05323019	0.73449478
5902992.00000000	0.17602570	-0.05284833	0.72276688
5899992.00000000	0.22987906	-0.05220084	0.70664853
5896992.00000000	0.28354898	-0.05130582	0.68615530
5893992.00000000	0.33614169	-0.04987476	0.66126465
5890992.00000000	0.38749661	-0.04782327	0.63212378
5887992.00000000	0.43925537	-0.04516446	0.59763297
5884992.00000000	0.48721295	-0.04185065	0.56033267
5881992.00000000	0.53180356	-0.03789679	0.52026932
5878992.00000000	0.57286636	-0.03329605	0.47746362
5875992.00000000	0.61072705	-0.02817157	0.43141205
5872992.00000000	0.64359772	-0.02280518	0.38439008
5869992.00000000	0.67161624	-0.01753818	0.33681494
5866992.00000000	0.69552371	-0.01242612	0.28817010
5863992.00000000	0.71522867	-0.00748862	0.23897250
5860992.00000000	0.73124069	-0.00269290	0.18805984
5857992.00000000	0.74286456	0.00165253	0.13887491
5854992.00000000	0.75094586	0.00570969	0.08901736
5851992.00000000	0.75555533	0.00969757	0.03839828
5848992.00000000	0.75674908	0.01386456	-0.01350406
5845992.00000000	0.75408417	0.01795389	-0.06548712
5842992.00000000	0.74762946	0.02140039	-0.11685107
5839992.00000000	0.73705341	0.02495996	-0.16948434
5836992.00000000	0.72198618	0.02837817	-0.22225522
5833992.00000000	0.70223770	0.03124252	-0.27478259
5830992.00000000	0.67864014	0.03465778	-0.32528461
5827992.00000000	0.64978278	0.03699188	-0.37576801
5824992.00000000	0.61690125	0.04049670	-0.42436984
5821992.00000000	0.58049927	0.04343213	-0.47024423
5818992.00000000	0.54105646	0.04539496	-0.51295264
5815992.00000000	0.49934952	0.04671933	-0.55198282
5812992.00000000	0.45425949	0.04736386	-0.58828391
5809992.00000000	0.40778903	0.04754208	-0.62041962
5806992.00000000	0.35988614	0.04735425	-0.64843613
5803992.00000000	0.31188553	0.04690848	-0.67210794
5800992.00000000	0.26245450	0.04608179	-0.69209479
5797992.00000000	0.21174902	0.04508502	-0.70866150
5794992.00000000	0.16246140	0.04412390	-0.72116895
5791992.00000000	0.11192343	0.04309576	-0.73057623
5788992.00000000	0.06166162	0.04215555	-0.73674347
5785992.00000000	0.00941931	0.04130734	-0.73983566
5782992.00000000	-0.04178363	0.04050815	-0.73957611
5779992.00000000	-0.09350858	0.03983987	-0.73584900
5776992.00000000	-0.14566006	0.03904687	-0.72852814
5773992.00000000	-0.19892319	0.03811700	-0.71724472
5770992.00000000	-0.25181253	0.03699423	-0.70171606
5767992.00000000	-0.30326361	0.03568552	-0.68217755
5764992.00000000	-0.35391733	0.03388086	-0.65839981
5761992.00000000	-0.40290210	0.03167218	-0.63036642
5758992.00000000	-0.45054745	0.02892603	-0.59765823
5755992.00000000	-0.49486716	0.02564771	-0.56184985
5752992.00000000	-0.53564386	0.02217670	-0.52316653
5749992.00000000	-0.57301016	0.01846063	-0.48155554
5746992.00000000	-0.60670001	0.01462106	-0.43780435
5743992.00000000	-0.63683740	0.01077811	-0.39181577
5740992.00000000	-0.66234741	0.00703281	-0.34580942
5737992.00000000	-0.68421350	0.00355029	-0.29804623
5734992.00000000	-0.70241846	0.00030811	-0.24953842
5731992.00000000	-0.71718127	-0.00272754	-0.20014587
5728992.00000000	-0.72830640	-0.00542499	-0.15180579
5725992.00000000	-0.73613312	-0.00784821	-0.10336514
5722992.00000000	-0.74106900	-0.01023792	-0.05348071
5719992.00000000	-0.74265509	-0.01231134	-0.00285666
5716992.00000000	-0.74094440	-0.01447931	0.04806796
5713992.00000000	-0.73588626	-0.01644934	0.09851382
5710992.00000000	-0.72723779	-0.01851730	0.14994394
5707992.00000000	-0.71466180	-0.02057947	0.20240082
5704992.00000000	-0.69821405	-0.02259241	0.25432898
5701992.00000000	-0.67816660	-0.02449368	0.30508777
5698992.00000000	-0.65444702	-0.02632175	0.35469620
5695992.00000000	-0.62545737	-0.02815814	0.40557297
5692992.00000000	-0.59358401	-0.02980161	0.45294446
5689992.00000000	-0.55859055	-0.03129453	0.49752054
5686992.00000000	-0.52089069	-0.03269553	0.53863034
5683992.00000000	-0.47914545	-0.03396970	0.57724545
5680992.00000000	-0.43508334	-0.03497449	0.61176361
5677992.00000000	-0.39003561	-0.03565472	0.64116840
5674992.00000000	-0.34316318	-0.03602890	0.66669061
5671992.00000000	-0.29481775	-0.03615103	0.68792850
5668992.00000000	-0.24493875	-0.03607608	0.70538699
5665992.00000000	-0.19555582	-0.03586752	0.71852725
5662992.00000000	-0.14546942	-0.03542276	0.72813168
5659992.00000000	-0.09425235	-0.03497375	0.73436282
5656992.00000000	-0.04133478	-0.03451593	0.73720288
5653992.00000000	0.01078375	-0.03406885	0.73636157
5650992.00000000	0.06338123	-0.03337683	0.73199142
5647992.00000000	0.11700165	-0.03267563	0.72385587
5644992.00000000	0.17250986	-0.03161783	0.71119974
5641992.00000000	0.22758060	-0.03037033	0.69454736
5638992.00000000	0.28185645	-0.02856671	0.67379785
5635992.00000000	0.33541461	-0.02629825	0.64871594
5632992.00000000	0.38949576	-0.02351126	0.61867621
5629992.00000000	0.44125702	-0.02027411	0.58503403
5626992.00000000	0.49001138	-0.01689618	0.54852014
5623992.00000000	0.53503448	-0.01338260	0.50995490
5620992.00000000	0.57783823	-0.00964569	0.46805112
5617992.00000000	0.61609683	-0.00605814	0.42502448
5614992.00000000	0.64982147	-0.00267239	0.38099805
5611992.00000000	0.67846140	0.00045096	0.33741302
5608992.00000000	0.70332211	0.00332141	0.29236816
5605992.00000000	0.72391391	0.00579337	0.24693771
5602992.00000000	0.74012970	0.00792438	0.20207553
5599992.00000000	0.75242917	0.00989920	0.15776541
5596992.00000000	0.76110513	0.01157870	0.11315817
5593992.00000000	0.76630212	0.01329456	0.06769064
5590992.00000000	0.76753339	0.01483783	0.02274445
5587992.00000000	0.76493771	0.01643167	-0.02196216
5584992.00000000	0.75853281	0.01815359	-0.06585513
5581992.00000000	0.74748431	0.01991830	-0.11091360
5578992.00000000	0.73184534	0.02196890	-0.15554025
5575992.00000000	0.71178592	0.02392303	-0.19918085
5572992.00000000	0.68729965	0.02627051	-0.24148553
5569992.00000000	0.65787268	0.02865613	-0.28310959
5566992.00000000	0.62382355	0.03111249	-0.32360303
5563992.00000000	0.58683636	0.03336646	-0.36113217
5560992.00000000	0.54732144	0.03555167	-0.39571576
5557992.00000000	0.50448969	0.03745074	-0.42822287
5554992.00000000	0.45949380	0.03910507	-0.45778555
5551992.00000000	0.41348846	0.04036862	-0.48356085
5548992.00000000	0.36808408	0.04121588	-0.50504520
5545992.00000000	0.32100589	0.04169391	-0.52331461
5542992.00000000	0.27344125	0.04189313	-0.53798477
5539992.00000000	0.22551572	0.04179440	-0.54887524
5536992.00000000	0.17891934	0.04137567	-0.55595294
5533992.00000000	0.13156958	0.04084744	-0.55980795
5530992.00000000	0.08368250	0.04013934	-0.56030972
5527992.00000000	0.03571786	0.03942297	-0.55773972
5524992.00000000	-0.01141336	0.03853214	-0.55243753
5521992.00000000	-0.05794736	0.03757132	-0.54476453
5518992.00000000	-0.10465091	0.03628381	-0.53477325
5515992.00000000	-0.15071399	0.03497873	-0.52303281
5512992.00000000	-0.19521762	0.03368933	-0.50952692
5509992.00000000	-0.23828705	0.03255508	-0.49454150
5506992.00000000	-0.27984845	0.03157971	-0.47757462
5503992.00000000	-0.32066147	0.03066681	-0.45759750
5500992.00000000	-0.35853732	0.02974863	-0.43482840
5497992.00000000	-0.39418497	0.02855795	-0.40831339
5494992.00000000	-0.42680838	0.02656528	-0.37820142
5491992.00000000	-0.45784027	0.02400497	-0.34272586
5488992.00000000	-0.48681854	0.02078168	-0.30241678
5485992.00000000	-0.51224741	0.01664218	-0.25974664
5482992.00000000	-0.53423941	0.01181232	-0.21542151
5479992.00000000	-0.55296487	0.00608679	-0.17020074
5476992.00000000	-0.56785880	-0.00015616	-0.12564209
5473992.00000000	-0.57821844	-0.00646515	-0.08572629
5470992.00000000	-0.58449298	-0.01266821	-0.04975998
5467992.00000000	-0.58678238	-0.01846933	-0.01806302
5464992.00000000	-0.58494235	-0.02358716	0.00920117
5461992.00000000	-0.57932465	-0.02774557	0.03179428
5458992.00000000	-0.57041528	-0.03093228	0.05022131
5455992.00000000	-0.55828323	-0.03321262	0.06646848
5452992.00000000	-0.54315240	-0.03465836	0.08164230
5449992.00000000	-0.52523013	-0.03530005	0.09666241
5446992.00000000	-0.50595432	-0.03545474	0.11142438
5443992.00000000	-0.48393826	-0.03547662	0.12736374
5440992.00000000	-0.45896637	-0.03572833	0.14433859
5437992.00000000	-0.43053476	-0.03658600	0.16198453
5434992.00000000	-0.39925671	-0.03827493	0.17853790
5431992.00000000	-0.36483957	-0.04062851	0.19254327
5428992.00000000	-0.32480878	-0.04345865	0.20319901
5425992.00000000	-0.28088934	-0.04618399	0.20918109
5422992.00000000	-0.23410101	-0.04805740	0.20962885
5419992.00000000	-0.18715503	-0.04857834	0.20519727
5416992.00000000	-0.13887778	-0.04771075	0.19673502
5413992.00000000	-0.09107559	-0.04540347	0.18545270
5410992.00000000	-0.04755258	-0.04208536	0.17337231
5407992.00000000	-0.00793561	-0.03829285	0.16094510
5404992.00000000	0.02600107	-0.03422861	0.14932407
5401992.00000000	0.05638184	-0.03001974	0.13795877
5398992.00000000	0.08103470	-0.02623755	0.12783292
5395992.00000000	0.10161728	-0.02294592	0.11881415
5392992.00000000	0.11906329	-0.02015720	0.11089963
5389992.00000000	0.13508698	-0.01778882	0.10381070
5386992.00000000	0.15036261	-0.01577682	0.09763684
5383992.00000000	0.16499493	-0.01403189	0.09258221
5380992.00000000	0.18005209	-0.01219019	0.08836377
5377992.00000000	0.19559494	-0.01000296	0.08489124
5374992.00000000	0.21128934	-0.00718176	0.08185129
5371992.00000000	0.22539182	-0.00368924	0.07927219
5368992.00000000	0.23641891	0.00043060	0.07694507
5365992.00000000	0.24337076	0.00497662	0.07423462
5362992.00000000	0.24469440	0.00941364	0.07126642
5359992.00000000	0.23991910	0.01313910	0.06807367
5356992.00000000	0.22985019	0.01552353	0.06446088
5353992.00000000	0.21539807	0.01655466	0.06044006
5350992.00000000	0.19802350	0.01636710	0.05625125
5347992.00000000	0.17948404	0.01518802	0.05210849
5344992.00000000	0.16171512	0.01355701	0.04834186
5341992.00000000	0.14508041	0.01172488	0.04474954
5338992.00000000	0.12934622	0.00979465	0.04126367
5335992.00000000	0.11550290	0.00809619	0.03817569
5332992.00000000	0.10343893	0.00662900	0.03538922
5329992.00000000	0.09313510	0.00542606	0.03295718
5326992.00000000	0.08384113	0.00436691	0.03062900
5323992.00000000	0.07570819	0.00351038	0.02851880
5320992.00000000	0.06866507	0.00281949	0.02663419
5317992.00000000	0.06255057	0.00225226	0.02493045
5314992.00000000	0.05718701	0.00177957	0.02346405
5311992.00000000	0.05226694	0.00134027	0.02204779
5308992.00000000	0.04797263	0.00102762	0.02076437
5305992.00000000	0.04419125	0.00078186	0.01958035
5302992.00000000	0.04084973	0.00055124	0.01847708
5299992.00000000	0.03769684	0.00035068	0.01749109
5296992.00000000	0.03493268	0.00022787	0.01652838
5293992.00000000	0.03246658	0.00007764	0.01564859
5290992.00000000	0.03023633	-0.00001215	0.01483798
5287992.00000000	0.02817181	-0.00012161	0.01405493
5284992.00000000	0.02630746	-0.00020480	0.01333276
5281992.00000000	0.02457455	-0.00027530	0.01266113
5278992.00000000	0.02304593	-0.00034964	0.01203439
5275992.00000000	0.02162186	-0.00040863	0.01145486
5272992.00000000	0.02026282	-0.00047055	0.01086499
5269992.00000000	0.01903482	-0.00050214	0.01034167
5266992.00000000	0.01795398	-0.00053494	0.00987476
5263992.00000000	0.01689844	-0.00054745	0.00941806
5260992.00000000	0.01591052	-0.00059302	0.00893900
5257992.00000000	0.01498877	-0.00063370	0.00850620
5254992.00000000	0.01418201	-0.00059436	0.00808066
5251992.00000000	0.01342639	-0.00063593	0.00771094
5248992.00000000	0.01266791	-0.00063812	0.00731870
5245992.00000000	0.01198645	-0.00066528	0.00698605
5242992.00000000	0.01131262	-0.00070679	0.00661621
5239992.00000000	0.01077832	-0.00067905	0.00633942
5236992.00000000	0.01022034	-0.00070682	0.00599103
5233992.00000000	0.00977121	-0.00071744	0.00571234
5230992.00000000	0.00936203	-0.00074719	0.00540848
5227992.00000000	0.00905029	-0.00076584	0.00513721
