8054694.00000000	0.00536829	0.00058398	0.01779816
8049694.00000000	0.00565472	0.00061560	0.01941055
8044694.00000000	0.00597409	0.00063950	0.02120325
8039694.00000000	0.00629224	0.00064737	0.02319052
8034694.00000000	0.00664624	0.00069803	0.02539923
8029694.00000000	0.00696844	0.00073083	0.02780072
8024694.00000000	0.00730655	0.00078503	0.03066855
8019694.00000000	0.00768942	0.00081363	0.03384967
8014694.00000000	0.00809656	0.00082230	0.03760291
8009694.00000000	0.00851474	0.00086911	0.04189011
8004694.00000000	0.00889993	0.00091824	0.04678314
7999694.00000000	0.00930612	0.00092844	0.05258878
7994694.00000000	0.00965042	0.00096313	0.05923361
7989694.00000000	0.00997668	0.00095337	0.06712918
7984694.00000000	0.01025833	0.00098779	0.07635251
7979694.00000000	0.01044568	0.00097827	0.08694940
7974694.00000000	0.01051630	0.00093903	0.09945639
7969694.00000000	0.01037073	0.00078629	0.11330649
7964694.00000000	0.01042160	0.00050555	0.12821152
7959694.00000000	0.01077609	0.00013956	0.14299747
7954694.00000000	0.01214926	-0.00036859	0.15536731
7949694.00000000	0.01496341	-0.00083029	0.16366959
7944694.00000000	0.01950546	-0.00109470	0.16593427
7939694.00000000	0.02606171	-0.00106808	0.16152628
7934694.00000000	0.03475656	-0.00078751	0.15080215
7929694.00000000	0.04517191	-0.00044370	0.13516467
7924694.00000000	0.05757965	-0.00022025	0.11503406
7919694.00000000	0.07204700	-0.00037473	0.09051141
7914694.00000000	0.08840005	-0.00111929	0.06136380
7909694.00000000	0.10721768	-0.00255084	0.02579257
7904694.00000000	0.12725504	-0.00447043	-0.01488693
7899694.00000000	0.14825589	-0.00659277	-0.06154077
7894694.00000000	0.16829758	-0.00852228	-0.11232318
7889694.00000000	0.18480087	-0.00951926	-0.16407489
7884694.00000000	0.19660916	-0.00940530	-0.21758667
7879694.00000000	0.20191122	-0.00817368	-0.26882532
7874694.00000000	0.20129733	-0.00667331	-0.31882501
7869694.00000000	0.19562036	-0.00568054	-0.36719855
7864694.00000000	0.18560001	-0.00506946	-0.41213220
7859694.00000000	0.17055045	-0.00484485	-0.45477652
7854694.00000000	0.15027710	-0.00477615	-0.49194028
7849694.00000000	0.12256259	-0.00453748	-0.52324808
7844694.00000000	0.08650629	-0.00389252	-0.54700485
7839694.00000000	0.04259372	-0.00284824	-0.56198651
7834694.00000000	-0.00979855	-0.00155569	-0.56781342
7829694.00000000	-0.06682117	0.00034402	-0.56336374
7824694.00000000	-0.12674203	0.00252780	-0.54830139
7819694.00000000	-0.18851483	0.00511093	-0.52199228
7814694.00000000	-0.24788217	0.00776672	-0.48633405
7809694.00000000	-0.30648929	0.01049045	-0.44129559
7804694.00000000	-0.36294739	0.01301263	-0.38898758
7799694.00000000	-0.41614813	0.01535785	-0.33170267
7794694.00000000	-0.46619962	0.01734662	-0.26909476
7789694.00000000	-0.50974789	0.01871005	-0.20411127
7784694.00000000	-0.54667905	0.01983740	-0.13551395
7779694.00000000	-0.57494363	0.02070163	-0.06423877
7774694.00000000	-0.59367731	0.02079398	0.00871204
7769694.00000000	-0.60278891	0.02023260	0.08604230
7764694.00000000	-0.60167825	0.01921716	0.16416965
7759694.00000000	-0.59026877	0.01742245	0.24465405
7754694.00000000	-0.56809787	0.01460376	0.32629419
7749694.00000000	-0.53588199	0.01172495	0.40454883
7744694.00000000	-0.49261093	0.00862781	0.47977158
7739694.00000000	-0.44085693	0.00583774	0.54626218
7734694.00000000	-0.38080984	0.00335300	0.60387622
7729694.00000000	-0.31280338	0.00135889	0.65254782
7724694.00000000	-0.24234720	-0.00069867	0.68979916
7719694.00000000	-0.16701932	-0.00240833	0.71849240
7714694.00000000	-0.08956512	-0.00330579	0.73826831
7709694.00000000	-0.01029559	-0.00351398	0.74927740
7704694.00000000	0.07398514	-0.00516656	0.75158395
7699694.00000000	0.15714313	-0.00675888	0.74406348
7694694.00000000	0.24379935	-0.00900858	0.72550424
7689694.00000000	0.32857288	-0.01113498	0.69529489
7684694.00000000	0.40883997	-0.01279468	0.65358307
7679694.00000000	0.48574933	-0.01460794	0.59902768
7674694.00000000	0.55171304	-0.01635965	0.53670654
7669694.00000000	0.60883063	-0.01775595	0.46596539
7664694.00000000	0.65549591	-0.01911081	0.39015579
7659694.00000000	0.69172879	-0.01992416	0.31213373
7654694.00000000	0.71968106	-0.02068283	0.22929800
7649694.00000000	0.73797482	-0.02150684	0.14702432
7644694.00000000	0.74768640	-0.02266132	0.06269275
7639694.00000000	0.74822211	-0.02415820	-0.02542245
7634694.00000000	0.73845010	-0.02589081	-0.11339352
7629694.00000000	0.71688498	-0.02800345	-0.20412006
7624694.00000000	0.68390970	-0.03033807	-0.29125519
7619694.00000000	0.63910327	-0.03190265	-0.37558646
7614694.00000000	0.58273337	-0.03192850	-0.45537988
7609694.00000000	0.52004288	-0.03100333	-0.52426804
7604694.00000000	0.44764658	-0.02760767	-0.58640204
7599694.00000000	0.37150198	-0.02312073	-0.63695416
7594694.00000000	0.29298511	-0.01814474	-0.67683316
7589694.00000000	0.20968149	-0.01279456	-0.70771909
7584694.00000000	0.12794296	-0.00801233	-0.72866922
7579694.00000000	0.04147629	-0.00253854	-0.74136264
7574694.00000000	-0.04623276	0.00359521	-0.74463422
7569694.00000000	-0.13419476	0.01040704	-0.73816830
7564694.00000000	-0.22552750	0.01802026	-0.72005875
7559694.00000000	-0.31270505	0.02540720	-0.69055444
7554694.00000000	-0.39711215	0.03187518	-0.64850433
7549694.00000000	-0.47715894	0.03693396	-0.59357147
7544694.00000000	-0.54600739	0.04008624	-0.53061530
7539694.00000000	-0.60584885	0.04138220	-0.45820782
7534694.00000000	-0.65287112	0.04116684	-0.38301981
7529694.00000000	-0.69010104	0.03993417	-0.30329584
7524694.00000000	-0.71797916	0.03867368	-0.21912744
7519694.00000000	-0.73523221	0.03745526	-0.13680917
7514694.00000000	-0.74383203	0.03629648	-0.04801352
7509694.00000000	-0.74212119	0.03543155	0.04096198
7504694.00000000	-0.72952567	0.03404483	0.13267117
7499694.00000000	-0.70422726	0.03255182	0.22871643
7494694.00000000	-0.66788828	0.02994296	0.32010092
7489694.00000000	-0.61866693	0.02652750	0.41028214
7484694.00000000	-0.56054013	0.02180182	0.49117294
7479694.00000000	-0.49464380	0.01690250	0.56157074
7474694.00000000	-0.42167337	0.01204535	0.62129260
7469694.00000000	-0.34680276	0.00758841	0.66755661
7464694.00000000	-0.26767297	0.00361694	0.70350562
7459694.00000000	-0.18672382	0.00013556	0.72884607
7454694.00000000	-0.10503369	-0.00333484	0.74430246
7449694.00000000	-0.01995410	-0.00704562	0.75034253
7444694.00000000	0.06657895	-0.01113287	0.74618945
7439694.00000000	0.15537482	-0.01600687	0.73070886
7434694.00000000	0.24387741	-0.02155026	0.70322620
7429694.00000000	0.32973007	-0.02731747	0.66452377
7424694.00000000	0.41481616	-0.03272141	0.61302283
7419694.00000000	0.49079330	-0.03683469	0.55356955
7414694.00000000	0.55827588	-0.03964719	0.48645621
7409694.00000000	0.61677194	-0.04122614	0.41191739
7404694.00000000	0.66243039	-0.04160498	0.33638766
7399694.00000000	0.69892676	-0.04146500	0.25592548
7394694.00000000	0.72498895	-0.04080676	0.17485968
7389694.00000000	0.74156033	-0.04002728	0.09274747
7384694.00000000	0.74881253	-0.03945212	0.00601767
7379694.00000000	0.74576584	-0.03938913	-0.08023093
7374694.00000000	0.73112527	-0.03892255	-0.16996680
7369694.00000000	0.70409644	-0.03797678	-0.26016937
7364694.00000000	0.66495105	-0.03627942	-0.34763184
7359694.00000000	0.61237027	-0.03376709	-0.43353412
7354694.00000000	0.55203323	-0.03055157	-0.50874686
7349694.00000000	0.48252057	-0.02604205	-0.57571158
7344694.00000000	0.40794144	-0.02082672	-0.63111258
7339694.00000000	0.33167221	-0.01585907	-0.67420029
7334694.00000000	0.25080582	-0.01125656	-0.70793362
7329694.00000000	0.17025867	-0.00703860	-0.73106488
7324694.00000000	0.08686346	-0.00251508	-0.74511017
7319694.00000000	0.00199121	0.00235187	-0.74954047
7314694.00000000	-0.08281430	0.00783075	-0.74384363
7309694.00000000	-0.17114340	0.01440967	-0.72642813
7304694.00000000	-0.25654718	0.02090445	-0.69727109
7299694.00000000	-0.34045892	0.02740286	-0.65593063
7294694.00000000	-0.42179297	0.03318726	-0.60220139
7289694.00000000	-0.49415738	0.03767465	-0.54100967
7284694.00000000	-0.55949399	0.04050766	-0.47144656
7279694.00000000	-0.61435861	0.04204587	-0.39784241
7274694.00000000	-0.65900604	0.04250177	-0.32094138
7269694.00000000	-0.69442139	0.04241895	-0.24051352
7264694.00000000	-0.71981799	0.04203442	-0.16020599
7259694.00000000	-0.73668445	0.04142987	-0.07677670
7254694.00000000	-0.74433093	0.04095160	0.00819263
7249694.00000000	-0.74217191	0.04067526	0.09405997
7244694.00000000	-0.72863324	0.04068738	0.18396716
7239694.00000000	-0.70317957	0.03971625	0.27232556
7234694.00000000	-0.66515790	0.03805191	0.35903943
7229694.00000000	-0.61505405	0.03549164	0.44110645
7224694.00000000	-0.55653848	0.03247079	0.51362375
7219694.00000000	-0.48760666	0.02859055	0.57910043
7214694.00000000	-0.41482773	0.02421066	0.63203680
7209694.00000000	-0.33862936	0.01986563	0.67403040
7204694.00000000	-0.25774683	0.01541876	0.70698660
7199694.00000000	-0.17684109	0.01185355	0.72968607
7194694.00000000	-0.09173032	0.00861453	0.74391934
7189694.00000000	-0.00599994	0.00527972	0.74837909
7184694.00000000	0.08103030	0.00168307	0.74268747
7179694.00000000	0.17227551	-0.00275284	0.72531833
7174694.00000000	0.26006946	-0.00754449	0.69642459
7169694.00000000	0.34779813	-0.01291254	0.65436746
7164694.00000000	0.42938522	-0.01800909	0.60171957
7159694.00000000	0.50306577	-0.02237759	0.54046945
7154694.00000000	0.56901538	-0.02590057	0.47049789
7149694.00000000	0.62246667	-0.02813013	0.39817697
7144694.00000000	0.66651099	-0.02953336	0.32091446
7139694.00000000	0.70033661	-0.03050702	0.24172348
7134694.00000000	0.72439917	-0.03168353	0.16182373
7129694.00000000	0.73990143	-0.03324448	0.07712396
7124694.00000000	0.74570938	-0.03503296	-0.00755142
7119694.00000000	0.74137756	-0.03716705	-0.09540701
7114694.00000000	0.72535544	-0.03934033	-0.18593994
7109694.00000000	0.69783841	-0.04099814	-0.27356494
7104694.00000000	0.65666824	-0.04163144	-0.36247461
7099694.00000000	0.60510376	-0.04101746	-0.44412463
7094694.00000000	0.54497067	-0.03925494	-0.51695905
7089694.00000000	0.47533270	-0.03628653	-0.58205807
7084694.00000000	0.40278748	-0.03292502	-0.63415710
7079694.00000000	0.32500595	-0.02930554	-0.67661063
7074694.00000000	0.24637714	-0.02575616	-0.70816684
7069694.00000000	0.16604352	-0.02246991	-0.73006015
7064694.00000000	0.08154898	-0.01888293	-0.74335565
7059694.00000000	-0.00332736	-0.01490176	-0.74681201
7054694.00000000	-0.09208157	-0.00991333	-0.73961652
7049694.00000000	-0.18176999	-0.00434540	-0.72070511
7044694.00000000	-0.26968378	0.00168680	-0.69012238
7039694.00000000	-0.35813766	0.00792941	-0.64643787
7034694.00000000	-0.43912131	0.01356104	-0.59341098
7029694.00000000	-0.51255658	0.01846942	-0.53194901
7024694.00000000	-0.57756592	0.02280145	-0.46234305
7019694.00000000	-0.63000110	0.02633853	-0.39010797
7014694.00000000	-0.67322006	0.02902652	-0.31234448
7009694.00000000	-0.70563306	0.03131729	-0.23347925
7004694.00000000	-0.72841397	0.03357947	-0.15282956
6999694.00000000	-0.74225061	0.03620313	-0.06812790
6994694.00000000	-0.74605322	0.03896420	0.01651395
6989694.00000000	-0.73890765	0.04186368	0.10641232
6984694.00000000	-0.72001547	0.04443527	0.19589597
6979694.00000000	-0.68918646	0.04608984	0.28416129
6974694.00000000	-0.64523380	0.04643036	0.37234552
6969694.00000000	-0.59137103	0.04480356	0.45290570
6964694.00000000	-0.52826929	0.04146310	0.52553549
6959694.00000000	-0.45807959	0.03742828	0.58783496
6954694.00000000	-0.38382059	0.03345096	0.63881079
6949694.00000000	-0.30409906	0.02978607	0.68007452
6944694.00000000	-0.22391977	0.02684616	0.71041660
6939694.00000000	-0.14036600	0.02406732	0.73189429
6934694.00000000	-0.05403497	0.02156384	0.74387448
6929694.00000000	0.03293271	0.01884158	0.74601254
6924694.00000000	0.12477289	0.01519861	0.73717764
6919694.00000000	0.21527771	0.01094760	0.71648563
6914694.00000000	0.30645343	0.00585779	0.68278317
6909694.00000000	0.39366537	0.00018204	0.63665009
6904694.00000000	0.47216522	-0.00543555	0.58090298
6899694.00000000	0.54323227	-0.01046301	0.51481064
6894694.00000000	0.60177628	-0.01466580	0.44409656
6889694.00000000	0.64947137	-0.01808148	0.36923981
6884694.00000000	0.68791168	-0.02082620	0.28958704
6879694.00000000	0.71586017	-0.02307297	0.21002136
6874694.00000000	0.73537439	-0.02552313	0.12625821
6869694.00000000	0.74528683	-0.02835696	0.04129962
6864694.00000000	0.74516840	-0.03169421	-0.04545575
6859694.00000000	0.73360300	-0.03485107	-0.13622314
6854694.00000000	0.71046756	-0.03763718	-0.22476395
6849694.00000000	0.67444202	-0.03961349	-0.31428488
6844694.00000000	0.62712164	-0.04042563	-0.39950070
6839694.00000000	0.57041849	-0.04087970	-0.47772733
6834694.00000000	0.50474103	-0.04011652	-0.54813235
6829694.00000000	0.43488870	-0.03882712	-0.60641235
6824694.00000000	0.35946436	-0.03730746	-0.65479822
6819694.00000000	0.28070651	-0.03606821	-0.69250006
6814694.00000000	0.19997556	-0.03471945	-0.72034872
6809694.00000000	0.11523657	-0.03339008	-0.73900098
6804694.00000000	0.02944354	-0.03199139	-0.74775967
6799694.00000000	-0.06053604	-0.02979965	-0.74629382
6794694.00000000	-0.15305698	-0.02633438	-0.73328482
6789694.00000000	-0.24350766	-0.02158008	-0.70858130
6784694.00000000	-0.33439175	-0.01549588	-0.67055890
6779694.00000000	-0.41891986	-0.00855588	-0.62179156
6774694.00000000	-0.49592355	-0.00153394	-0.56337952
6769694.00000000	-0.56322064	0.00444550	-0.49708920
6764694.00000000	-0.61885245	0.00949899	-0.42620947
6759694.00000000	-0.66421759	0.01362823	-0.35064456
6754694.00000000	-0.69902530	0.01680225	-0.27310452
6749694.00000000	-0.72344513	0.01924719	-0.19598697
6744694.00000000	-0.73988998	0.02213620	-0.11337451
6739694.00000000	-0.74656714	0.02538852	-0.02891632
6734694.00000000	-0.74280798	0.02956985	0.05999744
6729694.00000000	-0.72753693	0.03463788	0.14937332
6724694.00000000	-0.70064694	0.03921957	0.23791614
6719694.00000000	-0.66089395	0.04336551	0.32765717
6714694.00000000	-0.61095441	0.04651529	0.41163486
6709694.00000000	-0.55177817	0.04801639	0.48880420
6704694.00000000	-0.48501755	0.04754187	0.55697684
6699694.00000000	-0.41420486	0.04597604	0.61356470
6694694.00000000	-0.33867526	0.04361343	0.66001602
6689694.00000000	-0.26162405	0.04116699	0.69544394
6684694.00000000	-0.18096762	0.03878204	0.72178555
6679694.00000000	-0.09743521	0.03635767	0.73880099
6674694.00000000	-0.01331970	0.03362204	0.74611160
6669694.00000000	0.07646442	0.03015512	0.74295453
6664694.00000000	0.16504376	0.02575400	0.72850247
6659694.00000000	0.25460541	0.02051712	0.70146646
6654694.00000000	0.34272559	0.01474460	0.66189209
6649694.00000000	0.42518060	0.00950903	0.61155533
6644694.00000000	0.50088342	0.00456351	0.55161282
6639694.00000000	0.56720816	-0.00000601	0.48442807
6634694.00000000	0.62189087	-0.00430438	0.41309610
6629694.00000000	0.66638248	-0.00813126	0.33729965
6624694.00000000	0.70004825	-0.01116776	0.26019382
6619694.00000000	0.72459311	-0.01454556	0.17962552
6614694.00000000	0.73977423	-0.01783643	0.09745178
6609694.00000000	0.74548547	-0.02119333	0.01328577
6604694.00000000	0.74070834	-0.02509039	-0.07457001
6599694.00000000	0.72482993	-0.02917978	-0.16241754
6594694.00000000	0.69681915	-0.03357669	-0.25139542
6589694.00000000	0.65699628	-0.03695026	-0.33819025
6584694.00000000	0.60729742	-0.03928894	-0.41902774
6579694.00000000	0.54751752	-0.04035992	-0.49421341
6574694.00000000	0.48158896	-0.04093533	-0.55885123
6569694.00000000	0.41024399	-0.04032416	-0.61350513
6564694.00000000	0.33390549	-0.03910648	-0.65875467
6559694.00000000	0.25747995	-0.03796759	-0.69301968
6554694.00000000	0.17631613	-0.03695612	-0.71930112
6549694.00000000	0.09369879	-0.03575516	-0.73639206
6544694.00000000	0.00835849	-0.03420853	-0.74416745
6539694.00000000	-0.08052698	-0.03205624	-0.74190274
6534694.00000000	-0.16940201	-0.02916000	-0.72860095
6529694.00000000	-0.26066306	-0.02506000	-0.70294785
6524694.00000000	-0.34866714	-0.01978232	-0.66572772
6519694.00000000	-0.43122113	-0.01409085	-0.61790237
6514694.00000000	-0.50587482	-0.00817215	-0.56066010
6509694.00000000	-0.56906592	-0.00262296	-0.49779926
6504694.00000000	-0.62273282	0.00271194	-0.42802811
6499694.00000000	-0.66624722	0.00700745	-0.35358365
6494694.00000000	-0.69913773	0.01053787	-0.27786987
6489694.00000000	-0.72357944	0.01390375	-0.19801035
6484694.00000000	-0.73902798	0.01775171	-0.11678827
6479694.00000000	-0.74525577	0.02130209	-0.03196594
6474694.00000000	-0.74121249	0.02572174	0.05623203
6469694.00000000	-0.72585947	0.03010620	0.14529153
6464694.00000000	-0.69790018	0.03500003	0.23656131
6459694.00000000	-0.65825504	0.03923364	0.32502243
6454694.00000000	-0.60781265	0.04238272	0.40911942
6449694.00000000	-0.54784396	0.04370682	0.48675565
6444694.00000000	-0.48160376	0.04394522	0.55391718
6439694.00000000	-0.40935849	0.04375482	0.61146161
6434694.00000000	-0.33375854	0.04247131	0.65787054
6429694.00000000	-0.25632877	0.04121106	0.69378607
6424694.00000000	-0.17379276	0.03996982	0.72111304
6419694.00000000	-0.09062796	0.03894421	0.73843228
6414694.00000000	-0.00326001	0.03743060	0.74617560
6409694.00000000	0.08623627	0.03521945	0.74336285
6404694.00000000	0.17747052	0.03183044	0.72865564
6399694.00000000	0.27052805	0.02718542	0.70082779
6394694.00000000	0.35818695	0.02162292	0.66149924
6389694.00000000	0.44095224	0.01578879	0.61113571
6384694.00000000	0.51559900	0.01022696	0.55131378
6379694.00000000	0.57826907	0.00504541	0.48614786
6374694.00000000	0.63130246	0.00021524	0.41427444
6369694.00000000	0.67282498	-0.00356320	0.33965347
6364694.00000000	0.70441483	-0.00671701	0.26235162
6359694.00000000	0.72711832	-0.00983990	0.18037213
6354694.00000000	0.73991364	-0.01326089	0.09877942
6349694.00000000	0.74326233	-0.01737195	0.01238818
6344694.00000000	0.73594775	-0.02229626	-0.07564117
6339694.00000000	0.71738147	-0.02776785	-0.16500821
6334694.00000000	0.68631143	-0.03329230	-0.25660757
6329694.00000000	0.64480289	-0.03853622	-0.34385916
6324694.00000000	0.59190433	-0.04233139	-0.42824231
6319694.00000000	0.53095276	-0.04475241	-0.50400046
6314694.00000000	0.46421432	-0.04560788	-0.56896228
6309694.00000000	0.39160199	-0.04572485	-0.62379428
6304694.00000000	0.31735849	-0.04503857	-0.66678738
6299694.00000000	0.23881570	-0.04424896	-0.70040210
6294694.00000000	0.15814328	-0.04342581	-0.72436362
6289694.00000000	0.07631607	-0.04281790	-0.73874100
6284694.00000000	-0.01102808	-0.04207632	-0.74342847
6279694.00000000	-0.09977820	-0.04073788	-0.73699506
6274694.00000000	-0.19059705	-0.03839380	-0.71838696
6269694.00000000	-0.28081506	-0.03470959	-0.68724829
6264694.00000000	-0.36726819	-0.02980795	-0.64438510
6259694.00000000	-0.44936746	-0.02362482	-0.58984735
6254694.00000000	-0.52181000	-0.01714639	-0.52736395
6249694.00000000	-0.58393439	-0.01059769	-0.45861874
6244694.00000000	-0.63589645	-0.00479596	-0.38445731
6239694.00000000	-0.67648938	0.00010522	-0.30839917
6234694.00000000	-0.70836157	0.00464090	-0.22793170
6229694.00000000	-0.73056229	0.00867566	-0.14641748
6224694.00000000	-0.74370901	0.01315408	-0.06325491
6219694.00000000	-0.74750800	0.01833832	0.02502686
6214694.00000000	-0.74052310	0.02349673	0.11340060
6209694.00000000	-0.72159348	0.02923651	0.20384741
6204694.00000000	-0.69073392	0.03468201	0.29189255
6199694.00000000	-0.64833041	0.03943408	0.37607721
6194694.00000000	-0.59395004	0.04203281	0.45606384
6189694.00000000	-0.53212070	0.04297537	0.52565631
6184694.00000000	-0.46306558	0.04311194	0.58581113
6179694.00000000	-0.38940414	0.04273969	0.63531763
6174694.00000000	-0.31330801	0.04165131	0.67456894
6169694.00000000	-0.23222458	0.04107251	0.70546130
6164694.00000000	-0.15062378	0.04124536	0.72674164
6159694.00000000	-0.06513824	0.04142896	0.73923114
6154694.00000000	0.02489392	0.04127417	0.74194250
6149694.00000000	0.11471579	0.04016129	0.73394833
6144694.00000000	0.20856976	0.03761795	0.71396011
6139694.00000000	0.29955228	0.03353729	0.68230429
6134694.00000000	0.38735693	0.02830215	0.63912881
6129694.00000000	0.46864404	0.02210910	0.58564471
6124694.00000000	0.53852167	0.01653482	0.52588632
6119694.00000000	0.59944415	0.01138214	0.45826776
6114694.00000000	0.64886005	0.00738220	0.38675574
6109694.00000000	0.68760699	0.00424054	0.31218643
6104694.00000000	0.71722931	0.00118307	0.23340967
6099694.00000000	0.73702765	-0.00199249	0.15383115
6094694.00000000	0.74763196	-0.00560776	0.06996735
6089694.00000000	0.74768292	-0.01027573	-0.01780893
6084694.00000000	0.73640567	-0.01569281	-0.10578619
6079694.00000000	0.71202191	-0.02201230	-0.19805399
6074694.00000000	0.67566849	-0.02856094	-0.28800970
6069694.00000000	0.62754941	-0.03395789	-0.37568887
6064694.00000000	0.56950275	-0.03869620	-0.45769235
6059694.00000000	0.50561203	-0.04187683	-0.52926688
6054694.00000000	0.43497922	-0.04399750	-0.59190265
6049694.00000000	0.36181882	-0.04495288	-0.64270639
6044694.00000000	0.28586121	-0.04542340	-0.68315341
6039694.00000000	0.20666153	-0.04534183	-0.71402713
6034694.00000000	0.12735580	-0.04501999	-0.73476047
6029694.00000000	0.04340732	-0.04403354	-0.74616382
6024694.00000000	-0.04245120	-0.04242258	-0.74644968
6019694.00000000	-0.12819824	-0.03985864	-0.73495258
6014694.00000000	-0.21634570	-0.03621243	-0.71029105
6009694.00000000	-0.30079224	-0.03171014	-0.67373938
6004694.00000000	-0.38296295	-0.02682010	-0.62539359
5999694.00000000	-0.45908783	-0.02174585	-0.56819977
5994694.00000000	-0.52633145	-0.01646423	-0.50520483
5989694.00000000	-0.58576233	-0.01115231	-0.43545065
5984694.00000000	-0.63412039	-0.00638882	-0.36368082
5979694.00000000	-0.67355771	-0.00208142	-0.28817941
5974694.00000000	-0.70419016	0.00163498	-0.20927704
5969694.00000000	-0.72602838	0.00495703	-0.12868738
5964694.00000000	-0.73968518	0.00864313	-0.04279605
5959694.00000000	-0.74397745	0.01244897	0.04454739
5954694.00000000	-0.73820825	0.01709802	0.13502029
5949694.00000000	-0.72099719	0.02264252	0.22809088
5944694.00000000	-0.69225037	0.02829605	0.31859869
5939694.00000000	-0.65094241	0.03342746	0.40601736
5934694.00000000	-0.59870499	0.03754547	0.48504037
5929694.00000000	-0.53720840	0.04050226	0.55381583
5924694.00000000	-0.46754987	0.04207770	0.61199112
5919694.00000000	-0.39432736	0.04267310	0.65796747
5914694.00000000	-0.31678421	0.04266931	0.69386990
5909694.00000000	-0.23540198	0.04272241	0.72023642
5904694.00000000	-0.15260828	0.04287219	0.73648062
5899694.00000000	-0.06496255	0.04303055	0.74276001
5894694.00000000	0.02439883	0.04292227	0.73782343
5889694.00000000	0.11776672	0.04197540	0.72084070
5884694.00000000	0.21221402	0.03985739	0.69158441
5879694.00000000	0.30430115	0.03630811	0.65170889
5874694.00000000	0.39297711	0.03121634	0.60147107
5869694.00000000	0.47252805	0.02514523	0.54451251
5864694.00000000	0.54257941	0.01890170	0.48142267
5859694.00000000	0.60233530	0.01276245	0.41267419
5854694.00000000	0.64939322	0.00745102	0.34291910
5849694.00000000	0.68784604	0.00289606	0.26747864
5844694.00000000	0.71637244	-0.00094238	0.19042175
5839694.00000000	0.73584781	-0.00494589	0.11088708
5834694.00000000	0.74624866	-0.00929526	0.02689014
5829694.00000000	0.74632660	-0.01420456	-0.05776581
5824694.00000000	0.73499188	-0.01965305	-0.14549564
5819694.00000000	0.71188272	-0.02599954	-0.23253058
5814694.00000000	0.67662924	-0.03164346	-0.31800006
5809694.00000000	0.62945572	-0.03715320	-0.40030270
5804694.00000000	0.57322861	-0.04057343	-0.47428500
5799694.00000000	0.50830963	-0.04346994	-0.54060312
5794694.00000000	0.43775388	-0.04451532	-0.59684634
5789694.00000000	0.36377023	-0.04465253	-0.64255655
5784694.00000000	0.28442746	-0.04400281	-0.67996365
5779694.00000000	0.20484686	-0.04368875	-0.70729178
5774694.00000000	0.12162817	-0.04274890	-0.72619489
5769694.00000000	0.03590671	-0.04137595	-0.73575458
5764694.00000000	-0.05063019	-0.03973019	-0.73534436
5759694.00000000	-0.14118890	-0.03718073	-0.72388223
5754694.00000000	-0.23045999	-0.03373233	-0.70135181
5749694.00000000	-0.31796185	-0.03001392	-0.66745926
5744694.00000000	-0.40149902	-0.02598795	-0.62246344
5739694.00000000	-0.47590878	-0.02182935	-0.56966290
5734694.00000000	-0.54285580	-0.01765802	-0.50805032
5729694.00000000	-0.59850601	-0.01371573	-0.44184512
5724694.00000000	-0.64400055	-0.01018106	-0.37152878
5719694.00000000	-0.68120541	-0.00689325	-0.29569934
5714694.00000000	-0.70835629	-0.00341446	-0.21960849
5709694.00000000	-0.72750299	0.00035422	-0.13966122
5704694.00000000	-0.73797205	0.00463684	-0.05709586
5699694.00000000	-0.73912604	0.00986771	0.02912119
5694694.00000000	-0.72946234	0.01635251	0.11902072
5689694.00000000	-0.70847433	0.02301645	0.20830670
5684694.00000000	-0.67459671	0.02941846	0.29933838
5679694.00000000	-0.62948538	0.03450543	0.38574557
5674694.00000000	-0.57479318	0.03806100	0.46477655
5669694.00000000	-0.51090924	0.04019421	0.53618826
5664694.00000000	-0.44226575	0.04103171	0.59565891
5659694.00000000	-0.36820288	0.04110336	0.64543546
5654694.00000000	-0.29108731	0.04103857	0.68484619
5649694.00000000	-0.21147693	0.04086102	0.71459561
5644694.00000000	-0.12659637	0.04066241	0.73553943
5639694.00000000	-0.03999356	0.04039597	0.74638620
5634694.00000000	0.05039517	0.03946576	0.74653116
5629694.00000000	0.14496439	0.03787775	0.73451715
5624694.00000000	0.23798633	0.03557321	0.71003741
5619694.00000000	0.33086630	0.03249710	0.67203668
5614694.00000000	0.41568610	0.02904532	0.62371118
5609694.00000000	0.49182825	0.02513126	0.56647598
5604694.00000000	0.55843240	0.02091397	0.50128574
5599694.00000000	0.61288309	0.01677759	0.43239569
5594694.00000000	0.65771194	0.01289417	0.35869196
5589694.00000000	0.69256577	0.00938440	0.28253305
5584694.00000000	0.71814514	0.00599536	0.20486859
5579694.00000000	0.73529846	0.00231485	0.12291757
5574694.00000000	0.74279553	-0.00184424	0.03906696
5569694.00000000	0.74008350	-0.00688101	-0.04868018
5564694.00000000	0.72614441	-0.01272235	-0.13818820
5559694.00000000	0.70090460	-0.01879880	-0.22736914
5554694.00000000	0.66354492	-0.02496082	-0.31651114
5549694.00000000	0.61642291	-0.03010284	-0.39955621
5544694.00000000	0.56013751	-0.03437164	-0.47533926
5539694.00000000	0.49519800	-0.03704678	-0.54303918
5534694.00000000	0.42691763	-0.03842899	-0.59864536
5529694.00000000	0.35225687	-0.03894012	-0.64579514
5524694.00000000	0.27496933	-0.03911673	-0.68281552
5519694.00000000	0.19518839	-0.03942218	-0.71062009
5514694.00000000	0.10932333	-0.03970587	-0.73030405
5509694.00000000	0.02247147	-0.03993741	-0.74010901
5504694.00000000	-0.07098740	-0.03991202	-0.73992169
5499694.00000000	-0.16611963	-0.03911551	-0.72815720
5494694.00000000	-0.26105109	-0.03702747	-0.70478552
5489694.00000000	-0.35540002	-0.03350201	-0.66878094
5484694.00000000	-0.44063547	-0.02886127	-0.62309772
5479694.00000000	-0.51776007	-0.02351111	-0.56728595
5474694.00000000	-0.58274600	-0.01829239	-0.50460065
5469694.00000000	-0.63553842	-0.01368524	-0.43705414
5464694.00000000	-0.67837244	-0.00947824	-0.36379718
5459694.00000000	-0.71007581	-0.00581754	-0.28908588
5454694.00000000	-0.73249963	-0.00207016	-0.21039212
5449694.00000000	-0.74501599	0.00208624	-0.12698679
5444694.00000000	-0.74650159	0.00673901	-0.04280734
5439694.00000000	-0.73562039	0.01219601	0.04874472
5434694.00000000	-0.71190472	0.01779489	0.14084293
5429694.00000000	-0.67502502	0.02295828	0.23507333
5424694.00000000	-0.62634375	0.02724469	0.32811679
5419694.00000000	-0.57002042	0.03036337	0.41375049
5414694.00000000	-0.50539062	0.03269702	0.49318689
5409694.00000000	-0.43618567	0.03409897	0.56160400
5404694.00000000	-0.36398526	0.03469818	0.61820752
5399694.00000000	-0.28698828	0.03506427	0.66506702
5394694.00000000	-0.21001639	0.03555072	0.70035324
5389694.00000000	-0.12872321	0.03602820	0.72689703
5384694.00000000	-0.04402692	0.03636902	0.74387140
5379694.00000000	0.04151135	0.03624536	0.75020184
5374694.00000000	0.13056912	0.03552631	0.74532297
5369694.00000000	0.21726440	0.03437042	0.72855252
5364694.00000000	0.30369537	0.03189575	0.69896851
5359694.00000000	0.38625638	0.02850656	0.65723914
5354694.00000000	0.46024597	0.02490228	0.60664307
5349694.00000000	0.52699954	0.02107971	0.54698022
5344694.00000000	0.58346814	0.01717340	0.48174896
5339694.00000000	0.63073932	0.01369028	0.41163470
5334694.00000000	0.66918011	0.01045395	0.33749799
5329694.00000000	0.69817548	0.00735092	0.26293884
5324694.00000000	0.72008997	0.00385681	0.18264453
5319694.00000000	0.73313193	-0.00006674	0.09978186
5314694.00000000	0.73692194	-0.00460773	0.01427780
5309694.00000000	0.73013998	-0.00999832	-0.07668253
5304694.00000000	0.71259503	-0.01587442	-0.16665707
5299694.00000000	0.68316095	-0.02204495	-0.25905704
5294694.00000000	0.64300906	-0.02754572	-0.34829816
5289694.00000000	0.59379877	-0.03181384	-0.43051978
5284694.00000000	0.53465421	-0.03486606	-0.50637814
5279694.00000000	0.47079785	-0.03682370	-0.56973462
5274694.00000000	0.40105081	-0.03775989	-0.62312646
5269694.00000000	0.32677972	-0.03822690	-0.66626865
5264694.00000000	0.24979294	-0.03816095	-0.69944363
5259694.00000000	0.16742847	-0.03863614	-0.72373062
5254694.00000000	0.08297519	-0.03849854	-0.73792227
5249694.00000000	-0.00630048	-0.03823926	-0.74226270
5244694.00000000	-0.10055170	-0.03756738	-0.73501096
5239694.00000000	-0.19307748	-0.03632520	-0.71618015
5234694.00000000	-0.28733664	-0.03391052	-0.68490845
5229694.00000000	-0.37615411	-0.02983133	-0.64318155
5224694.00000000	-0.45623697	-0.02526877	-0.59288159
5219694.00000000	-0.52812579	-0.01993546	-0.53386060
5214694.00000000	-0.58774976	-0.01476373	-0.46961679
5209694.00000000	-0.63743692	-0.01000919	-0.39946844
5204694.00000000	-0.67676489	-0.00596616	-0.32610159
5199694.00000000	-0.70625684	-0.00246408	-0.25053461
5194694.00000000	-0.72741931	0.00082727	-0.16911737
5189694.00000000	-0.73849680	0.00397968	-0.08751947
5184694.00000000	-0.73969650	0.00751111	0.00013379
5179694.00000000	-0.72918420	0.01120221	0.09105521
5174694.00000000	-0.70686990	0.01481476	0.18230353
5169694.00000000	-0.67182101	0.01840860	0.27569720
5164694.00000000	-0.62715289	0.02174625	0.36301910
5159694.00000000	-0.57225922	0.02475311	0.44535995
5154694.00000000	-0.50991995	0.02746674	0.51825034
5149694.00000000	-0.44369952	0.02942017	0.57884195
5144694.00000000	-0.37044974	0.03066400	0.63092361
5139694.00000000	-0.29629361	0.03145230	0.67121396
5134694.00000000	-0.21824878	0.03193661	0.70278885
5129694.00000000	-0.13621225	0.03234933	0.72557086
5124694.00000000	-0.05301962	0.03279630	0.73890878
5119694.00000000	0.03463831	0.03289844	0.74237912
5114694.00000000	0.12370154	0.03275305	0.73489774
5109694.00000000	0.21487665	0.03171790	0.71536172
5104694.00000000	0.30332193	0.03020850	0.68421246
5099694.00000000	0.38939362	0.02704251	0.64046066
5094694.00000000	0.46687421	0.02333990	0.58722647
5089694.00000000	0.53503061	0.01946533	0.52588687
5084694.00000000	0.59243875	0.01564362	0.45884668
5079694.00000000	0.64077838	0.01274854	0.38567560
5074694.00000000	0.67798782	0.00978726	0.31147519
5069694.00000000	0.70673294	0.00750964	0.23302875
5064694.00000000	0.72677048	0.00526944	0.15115527
5059694.00000000	0.73758594	0.00263251	0.06551245
5054694.00000000	0.73843457	-0.00093369	-0.02469208
5049694.00000000	0.72832089	-0.00458511	-0.11730585
5044694.00000000	0.70658490	-0.00905807	-0.21237994
5039694.00000000	0.67331076	-0.01336093	-0.30694983
5034694.00000000	0.63023419	-0.01805481	-0.39561633
5029694.00000000	0.57676630	-0.02126678	-0.47810059
5024694.00000000	0.51670746	-0.02383649	-0.54851199
5019694.00000000	0.44986923	-0.02462457	-0.60789014
5014694.00000000	0.37819980	-0.02557333	-0.65589896
5009694.00000000	0.30439642	-0.02599930	-0.69245587
5004694.00000000	0.22432169	-0.02641675	-0.72007785
4999694.00000000	0.14182996	-0.02673767	-0.73737219
4994694.00000000	0.05521234	-0.02749243	-0.74403067
4989694.00000000	-0.03709674	-0.02810498	-0.73891498
4984694.00000000	-0.12949878	-0.02834061	-0.72159897
4979694.00000000	-0.22709000	-0.02773715	-0.69057761
4974694.00000000	-0.32017017	-0.02621765	-0.64873227
4969694.00000000	-0.40723679	-0.02365097	-0.59752972
4964694.00000000	-0.48698450	-0.02020590	-0.53780032
4959694.00000000	-0.55426193	-0.01657175	-0.47363217
4954694.00000000	-0.61120926	-0.01317090	-0.40386316
4949694.00000000	-0.65720563	-0.00943115	-0.33052875
4944694.00000000	-0.69214243	-0.00655066	-0.25612616
4939694.00000000	-0.71818005	-0.00389212	-0.17791663
4934694.00000000	-0.73464865	-0.00129398	-0.09828485
4929694.00000000	-0.74165878	0.00133456	-0.01425473
4924694.00000000	-0.73772388	0.00505719	0.07293997
4919694.00000000	-0.72224506	0.00831680	0.15964093
4914694.00000000	-0.69397635	0.01191998	0.24822015
4909694.00000000	-0.65463925	0.01448050	0.33240088
4904694.00000000	-0.60497437	0.01692300	0.41210532
4899694.00000000	-0.54549020	0.01856451	0.48617325
4894694.00000000	-0.48193607	0.01946210	0.54850449
4889694.00000000	-0.41116122	0.01947147	0.60381555
4884694.00000000	-0.33804587	0.01923422	0.64856937
4879694.00000000	-0.26289752	0.01898416	0.68402307
4874694.00000000	-0.18308939	0.01867758	0.71158423
4869694.00000000	-0.10260992	0.01863635	0.72967807
4864694.00000000	-0.01651373	0.01858578	0.73876053
4859694.00000000	0.07262372	0.01864536	0.73694278
4854694.00000000	0.16245383	0.01850171	0.72367606
4849694.00000000	0.25399988	0.01862900	0.69794104
4844694.00000000	0.34046265	0.01767059	0.66115656
4839694.00000000	0.42259412	0.01602319	0.61313644
4834694.00000000	0.49569986	0.01389658	0.55675076
4829694.00000000	0.55797766	0.01187607	0.49462320
4824694.00000000	0.61150839	0.00970154	0.42575192
4819694.00000000	0.65446976	0.00797012	0.35390131
4814694.00000000	0.68854105	0.00618353	0.27866910
4809694.00000000	0.71424774	0.00464960	0.19898428
4804694.00000000	0.73065717	0.00297485	0.11776511
4799694.00000000	0.73779562	0.00097299	0.03090137
4794694.00000000	0.73433701	-0.00152148	-0.05743353
4789694.00000000	0.71931152	-0.00432828	-0.14916949
4784694.00000000	0.69204495	-0.00716360	-0.24230576
4779694.00000000	0.65449326	-0.00983704	-0.33016177
4774694.00000000	0.60542343	-0.01225049	-0.41569907
4769694.00000000	0.54923810	-0.01415244	-0.49065457
4764694.00000000	0.48633176	-0.01580707	-0.55578046
4759694.00000000	0.41683685	-0.01680692	-0.61167288
4754694.00000000	0.34518216	-0.01766946	-0.65600717
4749694.00000000	0.26915320	-0.01864001	-0.69152039
4744694.00000000	0.19044427	-0.02007559	-0.71732639
4739694.00000000	0.10835159	-0.02145413	-0.73368347
4734694.00000000	0.02170901	-0.02293719	-0.73993112
4729694.00000000	-0.06564160	-0.02404471	-0.73516605
4724694.00000000	-0.15671439	-0.02450125	-0.71829041
4719694.00000000	-0.24825473	-0.02388647	-0.68937149
4714694.00000000	-0.33531207	-0.02231955	-0.65028537
4709694.00000000	-0.41944086	-0.02004141	-0.60053958
4704694.00000000	-0.49336780	-0.01744556	-0.54404315
4699694.00000000	-0.55866071	-0.01476813	-0.48048376
4694694.00000000	-0.61371265	-0.01226294	-0.41162595
4689694.00000000	-0.65733673	-0.01023010	-0.34084277
4684694.00000000	-0.69318082	-0.00854202	-0.26360486
4679694.00000000	-0.71910739	-0.00703156	-0.18489096
4674694.00000000	-0.73625943	-0.00541797	-0.10157620
4669694.00000000	-0.74352826	-0.00343057	-0.01377197
4664694.00000000	-0.73978683	-0.00105206	0.07550418
4659694.00000000	-0.72357303	0.00202631	0.16975458
4654694.00000000	-0.69511890	0.00519946	0.26212796
4649694.00000000	-0.65515479	0.00843546	0.35049719
4644694.00000000	-0.60322086	0.01151703	0.43449194
4639694.00000000	-0.54417328	0.01423383	0.50720404
4634694.00000000	-0.47638788	0.01622299	0.57114474
4629694.00000000	-0.40437479	0.01768335	0.62353421
4624694.00000000	-0.32952277	0.01874341	0.66522672
4619694.00000000	-0.24904709	0.01958731	0.69830826
4614694.00000000	-0.16675046	0.02066037	0.72158530
4609694.00000000	-0.08015170	0.02228601	0.73518271
4604694.00000000	0.01066171	0.02367346	0.73808328
4599694.00000000	0.10155725	0.02500705	0.72972165
4594694.00000000	0.19739456	0.02568033	0.70861752
4589694.00000000	0.28870575	0.02536359	0.67622177
4584694.00000000	0.37603238	0.02387643	0.63283530
4579694.00000000	0.45627054	0.02148526	0.57996967
4574694.00000000	0.52527921	0.01848740	0.52063177
4569694.00000000	0.58493958	0.01545505	0.45432465
4564694.00000000	0.63283362	0.01260950	0.38534283
4559694.00000000	0.67121884	0.01019138	0.31279590
4554694.00000000	0.70127286	0.00809436	0.23557239
4549694.00000000	0.72223154	0.00618039	0.15622345
4544694.00000000	0.73446869	0.00415591	0.07232108
4539694.00000000	0.73681247	0.00197284	-0.01461646
4534694.00000000	0.72841434	-0.00037088	-0.10398160
4529694.00000000	0.70824329	-0.00313483	-0.19615573
4524694.00000000	0.67732370	-0.00560104	-0.28511093
4519694.00000000	0.63466785	-0.00792966	-0.37254205
4514694.00000000	0.58299512	-0.01012820	-0.45218311
4509694.00000000	0.52513922	-0.01209332	-0.52088217
4504694.00000000	0.45846390	-0.01348703	-0.58216376
4499694.00000000	0.38906845	-0.01431836	-0.63162689
4494694.00000000	0.31489435	-0.01487418	-0.67206421
4489694.00000000	0.23707483	-0.01560660	-0.70351630
4484694.00000000	0.15670490	-0.01661151	-0.72564502
4479694.00000000	0.07062756	-0.01781177	-0.73884454
4474694.00000000	-0.01794330	-0.01894122	-0.74112555
4469694.00000000	-0.10953125	-0.01954724	-0.73167294
4464694.00000000	-0.20368024	-0.01973788	-0.70962546
4459694.00000000	-0.29390018	-0.01939169	-0.67613818
4454694.00000000	-0.38180127	-0.01816721	-0.63081100
4449694.00000000	-0.46065207	-0.01625253	-0.57694360
4444694.00000000	-0.52974597	-0.01431528	-0.51633731
4439694.00000000	-0.58923724	-0.01255075	-0.44931784
4434694.00000000	-0.63707126	-0.01099896	-0.38026010
4429694.00000000	-0.67663443	-0.00951822	-0.30565646
4424694.00000000	-0.70683600	-0.00826913	-0.22791006
4419694.00000000	-0.72768103	-0.00679935	-0.14756439
4414694.00000000	-0.73913187	-0.00511978	-0.06216608
4409694.00000000	-0.73980969	-0.00309766	0.02494293
4404694.00000000	-0.72896671	-0.00075723	0.11641098
4399694.00000000	-0.70589584	0.00174463	0.20960220
4394694.00000000	-0.67204697	0.00422650	0.29960962
4389694.00000000	-0.62659741	0.00674588	0.38754861
4384694.00000000	-0.57352432	0.00921213	0.46562866
4379694.00000000	-0.51312125	0.01141583	0.53405231
4374694.00000000	-0.44680893	0.01332071	0.59218436
4369694.00000000	-0.37725354	0.01454111	0.63919196
4364694.00000000	-0.30251871	0.01560144	0.67732321
4359694.00000000	-0.22605634	0.01669980	0.70580725
4354694.00000000	-0.14627109	0.01741476	0.72551941
4349694.00000000	-0.06096945	0.01799496	0.73620029
4344694.00000000	0.02550424	0.01825058	0.73626410
4339694.00000000	0.11571106	0.01791159	0.72462970
4334694.00000000	0.20585385	0.01703342	0.70128165
4329694.00000000	0.29307990	0.01561026	0.66686676
4324694.00000000	0.37813306	0.01393420	0.62149423
4319694.00000000	0.45377936	0.01231796	0.56926541
4314694.00000000	0.52203104	0.01087051	0.50963904
4309694.00000000	0.58086093	0.00980896	0.44440347
4304694.00000000	0.62827753	0.00914087	0.37795740
4299694.00000000	0.66824011	0.00877859	0.30592215
4294694.00000000	0.69914331	0.00852441	0.23137006
4289694.00000000	0.72167010	0.00822888	0.15331537
4284694.00000000	0.73532571	0.00773221	0.07025702
4279694.00000000	0.73864139	0.00700925	-0.01431293
4274694.00000000	0.73056693	0.00581717	-0.10447083
4269694.00000000	0.71032321	0.00403333	-0.19500491
4264694.00000000	0.67778186	0.00178168	-0.28527646
4259694.00000000	0.63329877	-0.00113599	-0.37286490
4254694.00000000	0.58042224	-0.00367395	-0.45153348
4249694.00000000	0.51803839	-0.00596738	-0.52336801
4244694.00000000	0.45071225	-0.00770618	-0.58372470
4239694.00000000	0.37926361	-0.00903171	-0.63352521
4234694.00000000	0.30328638	-0.00995306	-0.67426617
4229694.00000000	0.22516779	-0.01066287	-0.70519760
4224694.00000000	0.14291071	-0.01136481	-0.72731717
4219694.00000000	0.05751270	-0.01204834	-0.73972229
4214694.00000000	-0.03027829	-0.01274991	-0.74141086
4209694.00000000	-0.12206989	-0.01332141	-0.73100937
4204694.00000000	-0.21253055	-0.01343884	-0.70843771
4199694.00000000	-0.30108224	-0.01321228	-0.67393558
4194694.00000000	-0.38560883	-0.01274036	-0.62826398
4189694.00000000	-0.46015939	-0.01228955	-0.57532846
4184694.00000000	-0.52780930	-0.01210672	-0.51374274
4179694.00000000	-0.58457108	-0.01173602	-0.44809119
4174694.00000000	-0.63146921	-0.01152933	-0.37885519
4169694.00000000	-0.67018073	-0.01140933	-0.30501407
4164694.00000000	-0.69947772	-0.01150162	-0.23024277
4159694.00000000	-0.72091968	-0.01144806	-0.15019937
4154694.00000000	-0.73310437	-0.01102509	-0.06733148
4149694.00000000	-0.73520740	-0.00987177	0.01789340
4144694.00000000	-0.72620264	-0.00752130	0.10706769
4139694.00000000	-0.70591711	-0.00403186	0.19503842
4134694.00000000	-0.67360379	0.00070044	0.28362631
4129694.00000000	-0.63057376	0.00533633	0.36754492
4124694.00000000	-0.57849869	0.00896704	0.44416718
4119694.00000000	-0.51760660	0.01178445	0.51362561
4114694.00000000	-0.45166956	0.01359866	0.57252997
4109694.00000000	-0.38030280	0.01442130	0.62297000
4104694.00000000	-0.30521146	0.01475885	0.66408713
4099694.00000000	-0.22718658	0.01499689	0.69642282
4094694.00000000	-0.14396890	0.01536356	0.72058029
4089694.00000000	-0.05825552	0.01568689	0.73524310
4084694.00000000	0.03122696	0.01598398	0.73963797
4079694.00000000	0.12380634	0.01632480	0.73255267
4074694.00000000	0.21563626	0.01647232	0.71316763
4069694.00000000	0.30654965	0.01615018	0.68109116
4064694.00000000	0.39113803	0.01508066	0.63785669
4059694.00000000	0.46724756	0.01345486	0.58491901
4054694.00000000	0.53391687	0.01168372	0.52382068
4049694.00000000	0.58966425	0.00964648	0.45745428
4044694.00000000	0.63665900	0.00784567	0.38518939
4039694.00000000	0.67416397	0.00625659	0.30955716
4034694.00000000	0.70261685	0.00489023	0.23070789
4029694.00000000	0.72276248	0.00356247	0.14647424
4024694.00000000	0.73322955	0.00211765	0.05908728
4019694.00000000	0.73342062	0.00063440	-0.03299268
4014694.00000000	0.72232999	-0.00111075	-0.12793991
4009694.00000000	0.69987683	-0.00281650	-0.22202734
4004694.00000000	0.66559085	-0.00444565	-0.31508936
3999694.00000000	0.62147604	-0.00572589	-0.40051685
3994694.00000000	0.56815222	-0.00670200	-0.47745963
3989694.00000000	0.50698566	-0.00713937	-0.54446085
3984694.00000000	0.44163004	-0.00775949	-0.59960703
3979694.00000000	0.37029916	-0.00824222	-0.64589383
3974694.00000000	0.29572565	-0.00888620	-0.68253305
3969694.00000000	0.21650305	-0.00987683	-0.71034235
3964694.00000000	0.13318414	-0.01143179	-0.72877554
3959694.00000000	0.04698788	-0.01321582	-0.73715283
3954694.00000000	-0.04465027	-0.01517477	-0.73426514
3949694.00000000	-0.13734952	-0.01690225	-0.71938678
3944694.00000000	-0.23050317	-0.01790039	-0.69197617
3939694.00000000	-0.32122351	-0.01808224	-0.65255780
3934694.00000000	-0.40467795	-0.01725314	-0.60333926
3929694.00000000	-0.48182941	-0.01553067	-0.54392590
3924694.00000000	-0.54816989	-0.01348807	-0.47829825
3919694.00000000	-0.60465445	-0.01137415	-0.40760046
3914694.00000000	-0.65223129	-0.00941339	-0.33185895
3909694.00000000	-0.69038962	-0.00757089	-0.25339450
3904694.00000000	-0.72045883	-0.00581223	-0.16989316
3899694.00000000	-0.74127124	-0.00401569	-0.08291125
3894694.00000000	-0.75207642	-0.00225024	0.00678024
3889694.00000000	-0.75159476	-0.00040521	0.10161520
3884694.00000000	-0.73822235	0.00127048	0.19607108
3879694.00000000	-0.71177759	0.00270035	0.28880130
3874694.00000000	-0.67269495	0.00415051	0.37628867
3869694.00000000	-0.62385205	0.00531024	0.45422650
3864694.00000000	-0.56486853	0.00623077	0.52400092
3859694.00000000	-0.49933884	0.00673743	0.58253336
3854694.00000000	-0.43054239	0.00766287	0.62946469
3849694.00000000	-0.35647318	0.00805804	0.66776904
3844694.00000000	-0.28159738	0.00886249	0.69595633
3839694.00000000	-0.20063800	0.00936731	0.71643030
3834694.00000000	-0.11788678	0.00990881	0.72738779
3829694.00000000	-0.03087531	0.01059082	0.72840137
3824694.00000000	0.05963425	0.01101923	0.71845990
3819694.00000000	0.15037982	0.01106671	0.69755063
3814694.00000000	0.24173453	0.01073962	0.66577084
3809694.00000000	0.32852600	0.01033572	0.62528152
3804694.00000000	0.40989667	0.00982587	0.57685083
3799694.00000000	0.48424887	0.00948642	0.52108304
3794694.00000000	0.54824042	0.00926364	0.46055460
3789694.00000000	0.60325928	0.00926431	0.39454065
3784694.00000000	0.64828177	0.00925650	0.32519104
3779694.00000000	0.68411911	0.00936700	0.25284012
3774694.00000000	0.71192007	0.00923813	0.17558435
3769694.00000000	0.73048837	0.00888956	0.09530170
3764694.00000000	0.73957324	0.00780844	0.01014697
3759694.00000000	0.73777628	0.00598694	-0.07961142
3754694.00000000	0.72419775	0.00350793	-0.17047534
3749694.00000000	0.69787320	0.00033414	-0.26329034
3744694.00000000	0.65976785	-0.00241257	-0.35225003
3739694.00000000	0.61044922	-0.00471848	-0.43514941
3734694.00000000	0.55178522	-0.00609036	-0.50899915
3729694.00000000	0.48704562	-0.00651663	-0.57128955
3724694.00000000	0.41591776	-0.00605579	-0.62396619
3719694.00000000	0.34155542	-0.00537701	-0.66601486
3714694.00000000	0.26324347	-0.00430957	-0.69900983
3709694.00000000	0.18049979	-0.00341348	-0.72297803
3704694.00000000	0.09524789	-0.00274249	-0.73687454
3699694.00000000	0.00431750	-0.00225024	-0.73995905
3694694.00000000	-0.08892801	-0.00243445	-0.73059415
3689694.00000000	-0.18164050	-0.00351688	-0.70825958
3684694.00000000	-0.27378806	-0.00471329	-0.67283130
3679694.00000000	-0.35952774	-0.00612961	-0.62663562
3674694.00000000	-0.43879755	-0.00741760	-0.57058749
3669694.00000000	-0.50866879	-0.00809903	-0.50768353
3664694.00000000	-0.56744080	-0.00862967	-0.44131445
3659694.00000000	-0.61765170	-0.00890491	-0.37009836
3654694.00000000	-0.65784540	-0.00917465	-0.29780615
3649694.00000000	-0.69043240	-0.00917163	-0.22162741
3644694.00000000	-0.71483862	-0.00892447	-0.14225784
3639694.00000000	-0.73038480	-0.00843121	-0.06055844
3634694.00000000	-0.73656421	-0.00733777	0.02412238
3629694.00000000	-0.73228198	-0.00542258	0.10951083
3624694.00000000	-0.71685510	-0.00274326	0.19507962
3619694.00000000	-0.68929602	0.00014542	0.28107062
3614694.00000000	-0.65112463	0.00253226	0.36139795
3609694.00000000	-0.60132605	0.00438342	0.43799387
3604694.00000000	-0.54244495	0.00481207	0.50651306
3599694.00000000	-0.47688153	0.00487967	0.56556357
3594694.00000000	-0.40542068	0.00436560	0.61584589
3589694.00000000	-0.33081464	0.00348819	0.65661893
3584694.00000000	-0.25035971	0.00283023	0.69002896
3579694.00000000	-0.16637863	0.00219760	0.71496530
3574694.00000000	-0.07867038	0.00207672	0.73127216
3569694.00000000	0.01436868	0.00248965	0.73770367
3564694.00000000	0.10849216	0.00303683	0.73306247
3559694.00000000	0.20299051	0.00419354	0.71625751
3554694.00000000	0.29434528	0.00577991	0.68722031
3549694.00000000	0.37968835	0.00695734	0.64655212
3544694.00000000	0.45738083	0.00824609	0.59531137
3539694.00000000	0.52506409	0.00874915	0.53560733
3534694.00000000	0.58254053	0.00927472	0.46943195
3529694.00000000	0.62976547	0.00979367	0.39897577
3524694.00000000	0.66730518	0.01035608	0.32596353
3519694.00000000	0.69740973	0.01062637	0.24660260
3514694.00000000	0.71795761	0.01049026	0.16570264
3509694.00000000	0.72959448	0.00998697	0.07947894
3504694.00000000	0.73102087	0.00882309	-0.01159903
3499694.00000000	0.72128323	0.00750592	-0.10456497
3494694.00000000	0.70055914	0.00535257	-0.19850662
3489694.00000000	0.66911465	0.00311975	-0.29072525
3484694.00000000	0.62835464	0.00029144	-0.37693643
3479694.00000000	0.57832077	-0.00241095	-0.45595352
3474694.00000000	0.52063278	-0.00446021	-0.52500473
3469694.00000000	0.45700436	-0.00655301	-0.58339966
3464694.00000000	0.38773587	-0.00738235	-0.63216101
3459694.00000000	0.31506888	-0.00819345	-0.67098767
3454694.00000000	0.23741379	-0.00881583	-0.70132126
3449694.00000000	0.15602545	-0.00898169	-0.72244104
3444694.00000000	0.07040503	-0.00899658	-0.73395520
3439694.00000000	-0.02002576	-0.00894940	-0.73496039
3434694.00000000	-0.11237350	-0.00869946	-0.72435025
3429694.00000000	-0.20662653	-0.00834491	-0.70174274
3424694.00000000	-0.29743167	-0.00766934	-0.66820187
3419694.00000000	-0.38288495	-0.00671027	-0.62442694
3414694.00000000	-0.46042136	-0.00602356	-0.57165402
3409694.00000000	-0.52769415	-0.00539874	-0.51202878
3404694.00000000	-0.58490710	-0.00484879	-0.44634177
3399694.00000000	-0.63192026	-0.00452002	-0.37650000
3394694.00000000	-0.67000726	-0.00413541	-0.30254214
3389694.00000000	-0.69960397	-0.00395685	-0.22415854
3384694.00000000	-0.72050790	-0.00351663	-0.14224960
3379694.00000000	-0.73244476	-0.00298074	-0.05528296
3374694.00000000	-0.73413837	-0.00209528	0.03530783
3369694.00000000	-0.72485733	-0.00076773	0.12815796
3364694.00000000	-0.70360349	0.00070874	0.22284900
3359694.00000000	-0.67092386	0.00249606	0.31416403
3354694.00000000	-0.62742087	0.00415054	0.39972983
3349694.00000000	-0.57404419	0.00575470	0.47704245
3344694.00000000	-0.51336194	0.00680615	0.54350980
3339694.00000000	-0.44612619	0.00763980	0.60005914
3334694.00000000	-0.37451517	0.00821371	0.64638528
3329694.00000000	-0.29916730	0.00886752	0.68298221
3324694.00000000	-0.21847208	0.00913513	0.71102072
3319694.00000000	-0.13514835	0.00979001	0.72919397
3314694.00000000	-0.04659317	0.01069171	0.73724438
3309694.00000000	0.04572812	0.01126935	0.73398294
3304694.00000000	0.13925821	0.01194742	0.71900159
3299694.00000000	0.23309528	0.01229935	0.69195694
3294694.00000000	0.32246277	0.01182623	0.65456494
3289694.00000000	0.40632764	0.01052911	0.60713501
3284694.00000000	0.48078232	0.00883652	0.55214407
3279694.00000000	0.54467587	0.00705856	0.49128958
3274694.00000000	0.59921674	0.00546005	0.42441556
3269694.00000000	0.64321472	0.00421616	0.35457666
3264694.00000000	0.67890140	0.00324875	0.28014261
3259694.00000000	0.70601474	0.00241946	0.20172400
3254694.00000000	0.72423572	0.00166125	0.11991605
3249694.00000000	0.73311206	0.00075665	0.03313684
3244694.00000000	0.73129517	-0.00037302	-0.05656168
3239694.00000000	0.71782504	-0.00196451	-0.14953546
3234694.00000000	0.69247327	-0.00372162	-0.24267419
3229694.00000000	0.65612708	-0.00564124	-0.33194592
3224694.00000000	0.60929236	-0.00748395	-0.41582108
3219694.00000000	0.55384818	-0.00892703	-0.49083676
3214694.00000000	0.49178937	-0.01024109	-0.55533774
3209694.00000000	0.42483545	-0.01141855	-0.60930649
3204694.00000000	0.35397458	-0.01250128	-0.65321631
3199694.00000000	0.27860199	-0.01358780	-0.68833887
3194694.00000000	0.19967245	-0.01482898	-0.71408185
3189694.00000000	0.11743301	-0.01653949	-0.72985684
3184694.00000000	0.03150748	-0.01865747	-0.73478137
3179694.00000000	-0.05558218	-0.02067090	-0.72778732
3174694.00000000	-0.14317380	-0.02195615	-0.70849307
3169694.00000000	-0.22853329	-0.02191528	-0.67752368
3164694.00000000	-0.30842368	-0.02021942	-0.63690070
3159694.00000000	-0.38227490	-0.01733496	-0.58791824
3154694.00000000	-0.44705951	-0.01377548	-0.53354739
3149694.00000000	-0.50403342	-0.00986276	-0.47379291
3144694.00000000	-0.55294623	-0.00594934	-0.40955078
3139694.00000000	-0.59334317	-0.00229901	-0.34265271
3134694.00000000	-0.62649698	0.00123166	-0.27176822
3129694.00000000	-0.65190027	0.00464746	-0.19747595
3124694.00000000	-0.66917877	0.00789621	-0.12043939
3119694.00000000	-0.67771054	0.01102597	-0.03902310
3114694.00000000	-0.67641406	0.01385077	0.04425150
3109694.00000000	-0.66457248	0.01617725	0.12879593
3104694.00000000	-0.64191959	0.01761816	0.21223080
3099694.00000000	-0.60867236	0.01830399	0.29266479
3094694.00000000	-0.56578619	0.01821686	0.36776169
3089694.00000000	-0.51500089	0.01739450	0.43514011
3084694.00000000	-0.45713507	0.01636328	0.49498068
3079694.00000000	-0.39384454	0.01539758	0.54667877
3074694.00000000	-0.32659848	0.01485437	0.59013229
3069694.00000000	-0.25448941	0.01510614	0.62651935
3064694.00000000	-0.17841663	0.01642773	0.65559235
3059694.00000000	-0.09747455	0.01901471	0.67752850
3054694.00000000	-0.01050674	0.02323279	0.69190497
3049694.00000000	0.08165259	0.02903317	0.69821918
3044694.00000000	0.18020984	0.03632516	0.69566028
3039694.00000000	0.28270651	0.04335101	0.68328592
3034694.00000000	0.38502158	0.04796793	0.66019714
3029694.00000000	0.48100925	0.04888870	0.62537155
3024694.00000000	0.56465781	0.04669138	0.57975940
3019694.00000000	0.63514340	0.04255252	0.52413104
3014694.00000000	0.69221301	0.03794046	0.46061450
3009694.00000000	0.73696106	0.03306812	0.39164944
3004694.00000000	0.77103790	0.02741290	0.31640277
2999694.00000000	0.79382721	0.02059058	0.23672342
2994694.00000000	0.80418228	0.01166446	0.15153058
2989694.00000000	0.79955475	0.00056616	0.06149759
2984694.00000000	0.77813657	-0.01183459	-0.03071536
2979694.00000000	0.73931824	-0.02311719	-0.12484311
2974694.00000000	0.68693668	-0.03097910	-0.21539941
2969694.00000000	0.62471008	-0.03467731	-0.30107861
2964694.00000000	0.55849606	-0.03492706	-0.37724344
2959694.00000000	0.48977139	-0.03334616	-0.44387054
2954694.00000000	0.41952637	-0.03089093	-0.50123877
2949694.00000000	0.34858209	-0.02818112	-0.54904007
2944694.00000000	0.27548651	-0.02570956	-0.58864127
2939694.00000000	0.20048462	-0.02359778	-0.61988586
2934694.00000000	0.12388000	-0.02205273	-0.64289902
2929694.00000000	0.04403424	-0.02065741	-0.65727954
2924694.00000000	-0.03825983	-0.01954944	-0.66204117
2919694.00000000	-0.12020822	-0.01873059	-0.65650806
2914694.00000000	-0.20166821	-0.01803104	-0.64017435
2909694.00000000	-0.27957990	-0.01739227	-0.61345737
2904694.00000000	-0.35352234	-0.01687823	-0.57641867
2899694.00000000	-0.42070984	-0.01643964	-0.53084772
2894694.00000000	-0.48054874	-0.01599551	-0.47806519
2889694.00000000	-0.53377231	-0.01529532	-0.41870401
2884694.00000000	-0.57857574	-0.01454489	-0.35593433
2879694.00000000	-0.61729517	-0.01380099	-0.28759512
2874694.00000000	-0.64864175	-0.01306992	-0.21648724
2869694.00000000	-0.67286386	-0.01225232	-0.14156201
2864694.00000000	-0.68953354	-0.01117673	-0.06247101
2859694.00000000	-0.69731747	-0.00964944	0.01945734
2854694.00000000	-0.69525189	-0.00741989	0.10487482
2849694.00000000	-0.68199814	-0.00429544	0.19076001
2844694.00000000	-0.65711389	-0.00045801	0.27548624
2839694.00000000	-0.62014093	0.00398291	0.35755865
2834694.00000000	-0.57225159	0.00846854	0.43388245
2829694.00000000	-0.51479376	0.01283728	0.50296414
2824694.00000000	-0.45031497	0.01676947	0.56321777
2819694.00000000	-0.38112589	0.02058710	0.61390164
2814694.00000000	-0.30620999	0.02442065	0.65670844
2809694.00000000	-0.22793787	0.02802429	0.69027924
2804694.00000000	-0.14525943	0.03122522	0.71527600
2799694.00000000	-0.05823651	0.03320502	0.73039505
2794694.00000000	0.03140466	0.03414575	0.73448090
2789694.00000000	0.12427930	0.03341364	0.72582217
2784694.00000000	0.21471857	0.03087268	0.70454803
2779694.00000000	0.30245554	0.02661047	0.67049631
2774694.00000000	0.38412827	0.02140591	0.62539099
2769694.00000000	0.45689651	0.01585156	0.57212207
2764694.00000000	0.52170340	0.00999451	0.51121738
2759694.00000000	0.57685730	0.00468936	0.44583289
2754694.00000000	0.62320099	-0.00008356	0.37685516
2749694.00000000	0.66201126	-0.00428601	0.30363895
2744694.00000000	0.69246320	-0.00802429	0.22790274
2739694.00000000	0.71514453	-0.01148196	0.14806439
2734694.00000000	0.72897650	-0.01462006	0.06371722
2729694.00000000	0.73259738	-0.01721893	-0.02264304
2724694.00000000	0.72487103	-0.01905933	-0.11351340
2719694.00000000	0.70544128	-0.01992499	-0.20371539
2714694.00000000	0.67410709	-0.02002661	-0.29352740
2709694.00000000	0.63172037	-0.01976627	-0.37906061
2704694.00000000	0.58051715	-0.01958096	-0.45637311
2699694.00000000	0.52062402	-0.01955319	-0.52569235
2694694.00000000	0.45545731	-0.01976022	-0.58445728
2689694.00000000	0.38569092	-0.02024402	-0.63355478
2684694.00000000	0.31065808	-0.02076547	-0.67396844
2679694.00000000	0.23353870	-0.02202716	-0.70442322
2674694.00000000	0.15125534	-0.02318900	-0.72564590
2669694.00000000	0.06611664	-0.02434378	-0.73608777
2664694.00000000	-0.02251501	-0.02524738	-0.73488638
2659694.00000000	-0.11442703	-0.02570117	-0.72073795
2654694.00000000	-0.20501462	-0.02540884	-0.69396082
2649694.00000000	-0.29388977	-0.02412918	-0.65502972
2644694.00000000	-0.37737155	-0.02198193	-0.60639563
2639694.00000000	-0.45322519	-0.01929129	-0.54996619
2634694.00000000	-0.52016425	-0.01631100	-0.48739966
2629694.00000000	-0.57657764	-0.01365002	-0.42168073
2624694.00000000	-0.62456549	-0.01121417	-0.35196259
2619694.00000000	-0.66433203	-0.00920493	-0.27822968
2614694.00000000	-0.69545053	-0.00742273	-0.20248065
2609694.00000000	-0.71888376	-0.00563159	-0.12056784
2604694.00000000	-0.73258978	-0.00369931	-0.03682980
2599694.00000000	-0.73606516	-0.00122076	0.05076099
2594694.00000000	-0.72793259	0.00190659	0.14116168
2589694.00000000	-0.70808170	0.00566003	0.23011096
2584694.00000000	-0.67555319	0.00992575	0.31927322
2579694.00000000	-0.63249551	0.01408893	0.40164822
2574694.00000000	-0.58030591	0.01778625	0.47558322
2569694.00000000	-0.52000864	0.02062881	0.54108987
2564694.00000000	-0.45471408	0.02271088	0.59572989
2559694.00000000	-0.38383878	0.02454346	0.64144662
2554694.00000000	-0.30952640	0.02643912	0.67746399
2549694.00000000	-0.23140768	0.02886484	0.70426990
2544694.00000000	-0.14833853	0.03179169	0.72156412
2539694.00000000	-0.06161133	0.03495599	0.72821936
2534694.00000000	0.02922034	0.03793900	0.72287634
2529694.00000000	0.12204669	0.04031241	0.70482370
2524694.00000000	0.21392319	0.04128644	0.67530237
2519694.00000000	0.30483054	0.04046655	0.63448434
2514694.00000000	0.38903442	0.03765277	0.58526608
2509694.00000000	0.46601849	0.03305209	0.52847299
2504694.00000000	0.53383597	0.02762225	0.46556055
2499694.00000000	0.59046951	0.02206238	0.39974176
2494694.00000000	0.63915552	0.01669321	0.32867206
2489694.00000000	0.67863770	0.01158997	0.25488388
2484694.00000000	0.70966501	0.00669025	0.17746463
2479694.00000000	0.73200046	0.00170612	0.09610776
2474694.00000000	0.74435025	-0.00350006	0.01229065
2469694.00000000	0.74569592	-0.00905948	-0.07607809
2464694.00000000	0.73447238	-0.01447308	-0.16480563
2459694.00000000	0.71044928	-0.01924518	-0.25198999
2454694.00000000	0.67330478	-0.02316159	-0.33686673
2449694.00000000	0.62564325	-0.02582227	-0.41408661
2444694.00000000	0.56829193	-0.02759387	-0.48378372
2439694.00000000	0.50426102	-0.02852545	-0.54424869
2434694.00000000	0.43526126	-0.02875885	-0.59583783
2429694.00000000	0.36181110	-0.02891013	-0.63923959
2424694.00000000	0.28490756	-0.02886795	-0.67436032
2419694.00000000	0.20448578	-0.02945401	-0.70113611
2414694.00000000	0.12029471	-0.03053616	-0.71945355
2409694.00000000	0.03266519	-0.03134897	-0.72814233
2404694.00000000	-0.05903406	-0.03198572	-0.72635953
2399694.00000000	-0.15116095	-0.03180591	-0.71311212
2394694.00000000	-0.24219296	-0.03079407	-0.68809930
2389694.00000000	-0.32840479	-0.02915451	-0.65218130
2384694.00000000	-0.40725958	-0.02713156	-0.60642459
2379694.00000000	-0.47814606	-0.02495316	-0.55195319
2374694.00000000	-0.53966330	-0.02283121	-0.49095197
2369694.00000000	-0.59167224	-0.02096176	-0.42509808
2364694.00000000	-0.63615427	-0.01922614	-0.35365985
2359694.00000000	-0.67231702	-0.01746841	-0.27869736
2354694.00000000	-0.70069540	-0.01530161	-0.19904785
2349694.00000000	-0.72086853	-0.01258658	-0.11472043
2344694.00000000	-0.73175803	-0.00906876	-0.02700217
2339694.00000000	-0.73242783	-0.00433463	0.06520621
2334694.00000000	-0.72180545	0.00126520	0.15854700
2329694.00000000	-0.69971115	0.00733890	0.25009808
2324694.00000000	-0.66584534	0.01330438	0.33822861
2319694.00000000	-0.62193097	0.01834525	0.41812625
2314694.00000000	-0.56806079	0.02225986	0.49034586
2309694.00000000	-0.50801950	0.02495276	0.55157693
2304694.00000000	-0.44196997	0.02694974	0.60374384
2299694.00000000	-0.37128412	0.02858838	0.64688925
2294694.00000000	-0.29787094	0.03038007	0.68058759
2289694.00000000	-0.21806976	0.03222964	0.70616019
2284694.00000000	-0.13432755	0.03434818	0.72189670
2279694.00000000	-0.04603748	0.03607257	0.72700735
2274694.00000000	0.04709821	0.03715790	0.72037280
2269694.00000000	0.14082739	0.03719058	0.70201538
2264694.00000000	0.23500168	0.03593011	0.67219836
2259694.00000000	0.32375415	0.03352628	0.63290121
2254694.00000000	0.40616855	0.03033228	0.58500610
2249694.00000000	0.48148776	0.02719940	0.52825104
2244694.00000000	0.54463083	0.02372647	0.46766534
2239694.00000000	0.59854391	0.02057419	0.40176300
2234694.00000000	0.64315421	0.01763312	0.33234924
2229694.00000000	0.67904141	0.01459555	0.25982162
2224694.00000000	0.70729819	0.01126266	0.18226947
2219694.00000000	0.72687015	0.00730450	0.09998212
2214694.00000000	0.73656628	0.00250961	0.01382092
2209694.00000000	0.73518311	-0.00305060	-0.07539413
2204694.00000000	0.72211896	-0.00884998	-0.16548746
2199694.00000000	0.69648218	-0.01467578	-0.25662302
2194694.00000000	0.65948236	-0.02019110	-0.34318152
2189694.00000000	0.61226221	-0.02501697	-0.42276828
2184694.00000000	0.55619043	-0.02897028	-0.49379507
2179694.00000000	0.49391440	-0.03185434	-0.55462268
2174694.00000000	0.42596701	-0.03395288	-0.60616525
2169694.00000000	0.35421136	-0.03557321	-0.64831158
2164694.00000000	0.27880911	-0.03706870	-0.68132690
2159694.00000000	0.19891666	-0.03846286	-0.70569684
2154694.00000000	0.11416403	-0.03970697	-0.72046124
2149694.00000000	0.02484372	-0.04032285	-0.72482339
2144694.00000000	-0.06759045	-0.04003165	-0.71746542
2139694.00000000	-0.16046219	-0.03841681	-0.69852939
2134694.00000000	-0.25378436	-0.03552435	-0.66727307
2129694.00000000	-0.34005917	-0.03199924	-0.62663608
2124694.00000000	-0.41986420	-0.02829251	-0.57644299
2119694.00000000	-0.49054361	-0.02467520	-0.51875662
2114694.00000000	-0.55055426	-0.02148248	-0.45604166
2109694.00000000	-0.60202768	-0.01865057	-0.38757339
2104694.00000000	-0.64412982	-0.01617209	-0.31585043
2099694.00000000	-0.67838596	-0.01370959	-0.23958408
2094694.00000000	-0.70449243	-0.01088828	-0.15892471
2089694.00000000	-0.72181030	-0.00741650	-0.07501810
2084694.00000000	-0.72976584	-0.00276944	0.01387643
2079694.00000000	-0.72694333	0.00303540	0.10463953
2074694.00000000	-0.71217395	0.00991254	0.19675964
2069694.00000000	-0.68519440	0.01718405	0.28655829
2064694.00000000	-0.64633392	0.02383960	0.37109695
2059694.00000000	-0.59627954	0.02945331	0.44864481
2054694.00000000	-0.53739182	0.03342975	0.51666403
2049694.00000000	-0.47265918	0.03604337	0.57389636
2044694.00000000	-0.40171130	0.03772107	0.62231616
2039694.00000000	-0.32683789	0.03890247	0.66127347
2034694.00000000	-0.24720956	0.03999344	0.69122198
2029694.00000000	-0.16302875	0.04108282	0.71187006
2024694.00000000	-0.07453470	0.04213638	0.72267682
2019694.00000000	0.02077911	0.04263062	0.72262213
2014694.00000000	0.11659500	0.04267679	0.71115903
2009694.00000000	0.21432303	0.04180984	0.68831564
2004694.00000000	0.30858041	0.03956982	0.65498361
1999694.00000000	0.39534750	0.03650339	0.61301993
1994694.00000000	0.47445889	0.03257825	0.56211188
1989694.00000000	0.54172189	0.02852881	0.50540930
1984694.00000000	0.59862555	0.02473352	0.44330267
1979694.00000000	0.64599619	0.02129825	0.37589749
1974694.00000000	0.68333820	0.01802701	0.30539923
1969694.00000000	0.71226785	0.01464090	0.22933600
1964694.00000000	0.73140051	0.01079129	0.14908801
1959694.00000000	0.73987622	0.00610120	0.06384564
1954694.00000000	0.73632907	0.00044739	-0.02696527
1949694.00000000	0.72010123	-0.00590488	-0.12052084
1944694.00000000	0.69042740	-0.01211755	-0.21776611
1939694.00000000	0.65094025	-0.01855353	-0.30795062
1934694.00000000	0.60219980	-0.02405057	-0.39267523
1929694.00000000	0.54527600	-0.02853876	-0.47003146
1924694.00000000	0.48399646	-0.03169186	-0.53594122
1919694.00000000	0.41770331	-0.03418228	-0.59251788
1914694.00000000	0.34750174	-0.03617172	-0.63961221
1909694.00000000	0.27444266	-0.03817291	-0.67748752
1904694.00000000	0.19592566	-0.04050259	-0.70726074
1899694.00000000	0.11448248	-0.04277222	-0.72726434
1894694.00000000	0.02838797	-0.04504852	-0.73728033
1889694.00000000	-0.06107425	-0.04635678	-0.73530643
1884694.00000000	-0.15054001	-0.04644641	-0.72095108
1879694.00000000	-0.24079959	-0.04526846	-0.69351236
1874694.00000000	-0.32562701	-0.04333142	-0.65465466
1869694.00000000	-0.40433661	-0.04080432	-0.60596060
1864694.00000000	-0.47576395	-0.03832620	-0.54898038
1859694.00000000	-0.53693109	-0.03593814	-0.48779871
1854694.00000000	-0.59110172	-0.03363583	-0.42041605
1849694.00000000	-0.63622784	-0.03145062	-0.35041687
1844694.00000000	-0.67354099	-0.02902057	-0.27667136
1839694.00000000	-0.70300302	-0.02605255	-0.19860919
1834694.00000000	-0.72356216	-0.02198083	-0.11760861
1829694.00000000	-0.73440524	-0.01626413	-0.03083426
1824694.00000000	-0.73366376	-0.00882361	0.05846082
1819694.00000000	-0.72033237	0.00006152	0.14795444
1814694.00000000	-0.69362646	0.00977896	0.23870667
1809694.00000000	-0.65514203	0.01908530	0.32392386
1804694.00000000	-0.60608057	0.02742484	0.40346964
1799694.00000000	-0.54840335	0.03431534	0.47500711
1794694.00000000	-0.48538129	0.03971170	0.53636642
1789694.00000000	-0.41606970	0.04417065	0.58989432
1784694.00000000	-0.34390274	0.04792197	0.63401770
1779694.00000000	-0.26699377	0.05108362	0.67065320
1774694.00000000	-0.18532501	0.05404947	0.69940179
1769694.00000000	-0.10121552	0.05642166	0.71960812
1764694.00000000	-0.01141968	0.05789999	0.73057858
1759694.00000000	0.07910834	0.05814722	0.73074457
1754694.00000000	0.17044965	0.05707480	0.71916898
1749694.00000000	0.25891467	0.05467401	0.69582373
1744694.00000000	0.34179733	0.05078976	0.66146954
1739694.00000000	0.41961832	0.04550876	0.61558405
1734694.00000000	0.48697443	0.03970947	0.56191278
1729694.00000000	0.54558237	0.03382858	0.50119876
1724694.00000000	0.59577655	0.02811249	0.43446619
1719694.00000000	0.63726328	0.02279831	0.36423224
1714694.00000000	0.67181104	0.01738217	0.28834283
1709694.00000000	0.69838232	0.01179321	0.20804031
1704694.00000000	0.71649539	0.00555008	0.12350760
1699694.00000000	0.72534140	-0.00164255	0.03223306
1694694.00000000	0.72334271	-0.00912988	-0.06034552
1689694.00000000	0.70986505	-0.01677142	-0.15589148
1684694.00000000	0.68458722	-0.02393063	-0.25049332
1679694.00000000	0.64862827	-0.02997995	-0.33910214
1674694.00000000	0.60205273	-0.03487485	-0.42090686
1669694.00000000	0.54751019	-0.03856738	-0.49194507
1664694.00000000	0.48605624	-0.04125766	-0.55289615
1659694.00000000	0.41835626	-0.04344565	-0.60458450
1654694.00000000	0.34673172	-0.04546329	-0.64664160
1649694.00000000	0.26933374	-0.04754440	-0.68038010
1644694.00000000	0.18726627	-0.04972284	-0.70505093
1639694.00000000	0.10044476	-0.05209244	-0.72009854
1634694.00000000	0.00809445	-0.05419601	-0.72425659
1629694.00000000	-0.08533844	-0.05513260	-0.71672021
1624694.00000000	-0.18122101	-0.05465820	-0.69665628
1619694.00000000	-0.27345932	-0.05245401	-0.66512131
1614694.00000000	-0.35906268	-0.04856912	-0.62368939
1609694.00000000	-0.43827594	-0.04344507	-0.57250534
1604694.00000000	-0.50659415	-0.03810556	-0.51522394
1599694.00000000	-0.56594907	-0.03296719	-0.45181213
1594694.00000000	-0.61575940	-0.02823001	-0.38422427
1589694.00000000	-0.65611221	-0.02363470	-0.31423856
1584694.00000000	-0.68935352	-0.01891791	-0.23777109
1579694.00000000	-0.71327740	-0.01386893	-0.15879553
1574694.00000000	-0.72826154	-0.00815451	-0.07481656
1569694.00000000	-0.73277243	-0.00163419	0.01360400
1564694.00000000	-0.72594205	0.00502658	0.10399158
1559694.00000000	-0.70669470	0.01221964	0.19771298
1554694.00000000	-0.67638229	0.01951996	0.28636472
1549694.00000000	-0.63543933	0.02675345	0.36942633
1544694.00000000	-0.58441559	0.03316461	0.44583878
1539694.00000000	-0.52687192	0.03831287	0.51186694
1534694.00000000	-0.46289673	0.04232950	0.56940750
1529694.00000000	-0.39437009	0.04552542	0.61814548
1524694.00000000	-0.32294324	0.04841162	0.65782574
1519694.00000000	-0.24654758	0.05122849	0.68993216
1514694.00000000	-0.16787057	0.05376697	0.71291614
1509694.00000000	-0.08451898	0.05628696	0.72658743
1504694.00000000	0.00277670	0.05793271	0.72967856
1499694.00000000	0.09069464	0.05788342	0.72089319
1494694.00000000	0.18063672	0.05622836	0.70024991
1489694.00000000	0.26688641	0.05296237	0.66883154
1484694.00000000	0.34822717	0.04902820	0.62791788
1479694.00000000	0.42411847	0.04426306	0.57834915
1474694.00000000	0.49016266	0.03915915	0.52351810
1469694.00000000	0.54980844	0.03395398	0.46152557
1464694.00000000	0.60041522	0.02933353	0.39559207
1459694.00000000	0.64295792	0.02505765	0.32625098
1454694.00000000	0.67892801	0.02066901	0.25110809
1449694.00000000	0.70664871	0.01604907	0.17354959
1444694.00000000	0.72666556	0.01050961	0.08925006
1439694.00000000	0.73691620	0.00404013	0.00332578
1434694.00000000	0.73643378	-0.00336737	-0.08593036
1429694.00000000	0.72374246	-0.01129791	-0.17825586
1424694.00000000	0.69894638	-0.01912619	-0.26662262
1419694.00000000	0.66113956	-0.02653403	-0.35316425
1414694.00000000	0.61279651	-0.03280246	-0.43136932
1409694.00000000	0.55561819	-0.03748416	-0.50068640
1404694.00000000	0.49050293	-0.04112418	-0.56135699
1399694.00000000	0.42086407	-0.04379095	-0.61173804
1394694.00000000	0.34592783	-0.04586856	-0.65353198
1389694.00000000	0.26621472	-0.04823755	-0.68653757
1384694.00000000	0.18304565	-0.05028683	-0.71010236
1379694.00000000	0.09244550	-0.05217862	-0.72431223
1374694.00000000	0.00066388	-0.05366037	-0.72695474
1369694.00000000	-0.09461353	-0.05380762	-0.71745441
1364694.00000000	-0.19032828	-0.05240686	-0.69554285
1359694.00000000	-0.28180399	-0.04938324	-0.66219083
1354694.00000000	-0.36863107	-0.04518909	-0.61787369
1349694.00000000	-0.44546469	-0.04069275	-0.56605493
1344694.00000000	-0.51290421	-0.03625845	-0.50754901
1339694.00000000	-0.57226425	-0.03191348	-0.44247583
1334694.00000000	-0.62124594	-0.02794952	-0.37435474
1329694.00000000	-0.66218381	-0.02413617	-0.30177811
1324694.00000000	-0.69471298	-0.02011658	-0.22555331
1319694.00000000	-0.71849588	-0.01541962	-0.14549643
1314694.00000000	-0.73281177	-0.00947580	-0.05976852
1309694.00000000	-0.73572266	-0.00248312	0.02687756
1304694.00000000	-0.72631180	0.00581644	0.11619885
1299694.00000000	-0.70373767	0.01486658	0.20553909
1294694.00000000	-0.66867572	0.02369250	0.29119528
1289694.00000000	-0.62126443	0.03166809	0.37311786
1284694.00000000	-0.56608188	0.03778943	0.44553180
1279694.00000000	-0.50318414	0.04230960	0.51058185
1274694.00000000	-0.43498599	0.04561722	0.56704904
1269694.00000000	-0.36315823	0.04804382	0.61483643
1264694.00000000	-0.28643109	0.05018619	0.65506381
1259694.00000000	-0.20603326	0.05230463	0.68723911
1254694.00000000	-0.12139270	0.05433957	0.71086856
1249694.00000000	-0.03189474	0.05580093	0.72500092
1244694.00000000	0.05853134	0.05628381	0.72821277
1239694.00000000	0.15150958	0.05549554	0.71939273
1234694.00000000	0.24129446	0.05366330	0.69825174
1229694.00000000	0.32456421	0.05051913	0.66598071
1224694.00000000	0.40318567	0.04629868	0.62233530
1219694.00000000	0.47085721	0.04142548	0.57189612
1214694.00000000	0.53061694	0.03623410	0.51446918
1209694.00000000	0.58304260	0.03080469	0.45045081
1204694.00000000	0.62612292	0.02541006	0.38392996
1199694.00000000	0.66303464	0.01973166	0.31118240
1194694.00000000	0.69153851	0.01378354	0.23649231
1189694.00000000	0.71253162	0.00718323	0.15647137
1184694.00000000	0.72493506	-0.00040652	0.06973526
1179694.00000000	0.72690442	-0.00838074	-0.01899146
1174694.00000000	0.71736673	-0.01672891	-0.11252893
1169694.00000000	0.69617017	-0.02478891	-0.20457120
1164694.00000000	0.66374850	-0.03152835	-0.29329044
1159694.00000000	0.61888266	-0.03762241	-0.37954141
1154694.00000000	0.56701770	-0.04212488	-0.45374429
1149694.00000000	0.50637921	-0.04594226	-0.52046396
1144694.00000000	0.44038828	-0.04887839	-0.57644489
1139694.00000000	0.37053323	-0.05138751	-0.62282053
1134694.00000000	0.29116763	-0.05360815	-0.66323697
1129694.00000000	0.20957666	-0.05541281	-0.69409396
1124694.00000000	0.12111038	-0.05664117	-0.71685626
1119694.00000000	0.02663983	-0.05689404	-0.73004956
1114694.00000000	-0.06873050	-0.05589041	-0.73200592
1109694.00000000	-0.16760483	-0.05345593	-0.72167636
1104694.00000000	-0.26009457	-0.04967874	-0.69941089
1099694.00000000	-0.34754163	-0.04472632	-0.66497626
1094694.00000000	-0.42699689	-0.03931976	-0.61961984
1089694.00000000	-0.49518567	-0.03415115	-0.56680002
1084694.00000000	-0.55624341	-0.02907385	-0.50511557
1079694.00000000	-0.60638095	-0.02404425	-0.44021140
1074694.00000000	-0.64824774	-0.01882980	-0.37073465
1069694.00000000	-0.68242612	-0.01296552	-0.29523041
1064694.00000000	-0.70676569	-0.00656113	-0.21711456
1059694.00000000	-0.72155786	0.00077911	-0.13198041
1054694.00000000	-0.72484769	0.00833765	-0.04462897
1049694.00000000	-0.71639874	0.01579657	0.04777783
1044694.00000000	-0.69596625	0.02273712	0.14137918
1039694.00000000	-0.66492950	0.02876523	0.23195782
1034694.00000000	-0.62318307	0.03385419	0.31932077
1029694.00000000	-0.57377365	0.03759146	0.39747250
1024694.00000000	-0.51827097	0.04020865	0.46637512
1019694.00000000	-0.45384372	0.04193604	0.52980627
1014694.00000000	-0.38772336	0.04295337	0.58191431
1009694.00000000	-0.31662094	0.04363120	0.62697583
1004694.00000000	-0.24191022	0.04401770	0.66431589
999694.00000000	-0.16383215	0.04411563	0.69404776
994694.00000000	-0.07959000	0.04372455	0.71660965
989694.00000000	0.00534387	0.04265588	0.72947061
984694.00000000	0.09347122	0.04062360	0.73182822
979694.00000000	0.18079031	0.03803040	0.72228543
974694.00000000	0.26370538	0.03504834	0.70043115
969694.00000000	0.34381781	0.03161099	0.66563388
964694.00000000	0.41585434	0.02792508	0.62076535
959694.00000000	0.48076154	0.02410770	0.56698016
954694.00000000	0.53918741	0.02021732	0.50491513
949694.00000000	0.58792551	0.01666476	0.43957831
944694.00000000	0.63098004	0.01314572	0.36726593
939694.00000000	0.66572366	0.00964206	0.29203336
934694.00000000	0.69192929	0.00589883	0.21493613
929694.00000000	0.71149167	0.00127448	0.12572290
924694.00000000	0.71996301	-0.00382053	0.03842459
919694.00000000	0.71762234	-0.00937897	-0.05585031
914694.00000000	0.70347559	-0.01501355	-0.15036420
909694.00000000	0.67934482	-0.02028781	-0.23760126
904694.00000000	0.64092581	-0.02525290	-0.32907529
899694.00000000	0.59477631	-0.02906589	-0.40784695
894694.00000000	0.53999753	-0.03206128	-0.47869687
889694.00000000	0.47836182	-0.03460074	-0.54038971
884694.00000000	0.41342780	-0.03667276	-0.59173590
879694.00000000	0.33956265	-0.03841806	-0.63763898
874694.00000000	0.26370135	-0.03990076	-0.67383459
869694.00000000	0.18207068	-0.04099420	-0.70244809
864694.00000000	0.09522998	-0.04150388	-0.72214600
859694.00000000	0.00568781	-0.04116629	-0.73125162
854694.00000000	-0.08886404	-0.03965027	-0.72880698
849694.00000000	-0.17989264	-0.03682434	-0.71439108
844694.00000000	-0.26845361	-0.03264050	-0.68815637
839694.00000000	-0.35317542	-0.02733331	-0.64999106
834694.00000000	-0.42791904	-0.02162708	-0.60315100
829694.00000000	-0.49532434	-0.01594003	-0.54730466
824694.00000000	-0.55282446	-0.01083661	-0.48600360
819694.00000000	-0.60136423	-0.00625323	-0.42038956
814694.00000000	-0.64317844	-0.00173230	-0.34806168
809694.00000000	-0.67605447	0.00262985	-0.27314459
804694.00000000	-0.70129080	0.00728537	-0.19134702
799694.00000000	-0.71700406	0.01231241	-0.10609665
794694.00000000	-0.72268073	0.01743808	-0.01736362
789694.00000000	-0.71758972	0.02273221	0.07632605
784694.00000000	-0.70181897	0.02736365	0.16732571
779694.00000000	-0.67464410	0.03171069	0.25790176
774694.00000000	-0.63765604	0.03488919	0.34162759
769694.00000000	-0.59122891	0.03662930	0.41846341
764694.00000000	-0.53587537	0.03695886	0.48808539
759694.00000000	-0.47511185	0.03607825	0.54772339
754694.00000000	-0.40781339	0.03436279	0.59968103
749694.00000000	-0.33629141	0.03212204	0.64303305
744694.00000000	-0.26115356	0.02961383	0.67774792
739694.00000000	-0.17815701	0.02647922	0.70524194
734694.00000000	-0.09330795	0.02297125	0.72261194
729694.00000000	-0.00182883	0.01890387	0.72993643
724694.00000000	0.09101978	0.01457843	0.72538724
719694.00000000	0.18261954	0.01093732	0.70887149
714694.00000000	0.27380875	0.00805225	0.67929672
709694.00000000	0.35620868	0.00488080	0.63975180
704694.00000000	0.43174591	0.00291711	0.59053714
699694.00000000	0.49882880	0.00153040	0.53368512
694694.00000000	0.55636572	-0.00028864	0.47162369
689694.00000000	0.60709079	-0.00188922	0.40306018
684694.00000000	0.64912842	-0.00347528	0.33101474
679694.00000000	0.68284296	-0.00488788	0.25555228
674694.00000000	0.70894543	-0.00777426	0.17325229
669694.00000000	0.72458466	-0.01026025	0.08987604
664694.00000000	0.72945148	-0.01266660	0.00100003
659694.00000000	0.72181927	-0.01505371	-0.09099200
654694.00000000	0.70056134	-0.01671777	-0.18477728
649694.00000000	0.66601251	-0.01849045	-0.27571179
644694.00000000	0.62124255	-0.02008414	-0.35855710
639694.00000000	0.56667004	-0.02181192	-0.43460147
634694.00000000	0.50514728	-0.02367307	-0.50180234
629694.00000000	0.43861014	-0.02560422	-0.55962317
624694.00000000	0.36599066	-0.02791287	-0.61020081
619694.00000000	0.28991302	-0.03032172	-0.65200851
614694.00000000	0.20919165	-0.03354929	-0.68568762
609694.00000000	0.12398718	-0.03745230	-0.71066962
604694.00000000	0.03613776	-0.04163989	-0.72533170
599694.00000000	-0.05619009	-0.04586844	-0.72897919
594694.00000000	-0.14769464	-0.04911749	-0.72030142
589694.00000000	-0.23656961	-0.05069180	-0.69930624
584694.00000000	-0.32152267	-0.04959140	-0.66610074
579694.00000000	-0.39779788	-0.04603769	-0.62295673
574694.00000000	-0.46573532	-0.03988177	-0.57159445
569694.00000000	-0.52617657	-0.03325613	-0.51283426
564694.00000000	-0.57892560	-0.02668741	-0.44827731
559694.00000000	-0.62357129	-0.01879346	-0.38001785
554694.00000000	-0.66183719	-0.01167987	-0.30496387
549694.00000000	-0.69300504	-0.00251224	-0.22140463
544694.00000000	-0.71379144	0.00703296	-0.13853488
539694.00000000	-0.72522009	0.01709399	-0.05168088
534694.00000000	-0.72647247	0.02726035	0.03980884
529694.00000000	-0.71697025	0.03848196	0.13421619
524694.00000000	-0.69679245	0.04828464	0.22797964
519694.00000000	-0.66644553	0.05627567	0.31738550
514694.00000000	-0.62639011	0.06188821	0.40061658
509694.00000000	-0.57699008	0.06548233	0.47608618
504694.00000000	-0.52068677	0.06730328	0.54102655
499694.00000000	-0.44964478	0.06569861	0.60326111
494694.00000000	-0.38223453	0.06818173	0.64759665
489694.00000000	-0.31215991	0.06974649	0.68281265
484694.00000000	-0.23454172	0.07134015	0.71086185
479694.00000000	-0.15134595	0.07247525	0.72988113
474694.00000000	-0.06265076	0.07255551	0.73886392
469694.00000000	0.03150436	0.07065363	0.73664145
464694.00000000	0.12659531	0.06619373	0.72289011
459694.00000000	0.22455994	0.05871603	0.69748630
454694.00000000	0.31783978	0.04899075	0.66230673
449694.00000000	0.40358725	0.03749109	0.61868808
444694.00000000	0.48267285	0.02354019	0.56540781
439694.00000000	0.54914804	0.01247626	0.50845474
434694.00000000	0.60545303	0.00351642	0.44792789
429694.00000000	0.65175513	-0.00450381	0.38480801
424694.00000000	0.68895969	-0.01231775	0.31872095
419694.00000000	0.71754514	-0.02049951	0.24792477
414694.00000000	0.73527481	-0.02892703	0.17560886
409694.00000000	0.74166974	-0.03768530	0.09880536
404694.00000000	0.73521851	-0.04597296	0.01953149
399694.00000000	0.71583633	-0.05279407	-0.05947318
394694.00000000	0.68297397	-0.05746173	-0.13966830
389694.00000000	0.63064899	-0.07684256	-0.24785388
384694.00000000	0.57497824	-0.07287491	-0.31663647
379694.00000000	0.51141238	-0.06647589	-0.37601569
374694.00000000	0.44386197	-0.05920413	-0.42458270
369694.00000000	0.36938620	-0.05125034	-0.46474561
364694.00000000	0.29351437	-0.04366406	-0.49396136
359694.00000000	0.21270370	-0.03627719	-0.51425632
354694.00000000	0.12851831	-0.02924176	-0.52592755
349694.00000000	0.04511432	-0.02280142	-0.52988806
344694.00000000	-0.04084332	-0.01642004	-0.52763681
339694.00000000	-0.12354764	-0.01000909	-0.51993536
334694.00000000	-0.20234558	-0.00305646	-0.50654736
329694.00000000	-0.27545322	0.00448114	-0.48658557
324694.00000000	-0.33988315	0.01229059	-0.45959781
319694.00000000	-0.39571118	0.01956329	-0.42529742
314694.00000000	-0.44026352	0.02550717	-0.38583224
309694.00000000	-0.47367404	0.02972119	-0.34263885
304694.00000000	-0.49524576	0.03242532	-0.29775369
299694.00000000	-0.50434354	0.03372391	-0.25402548
294694.00000000	-0.50133115	0.03440588	-0.21142957
289694.00000000	-0.48730978	0.03496060	-0.17204077
284694.00000000	-0.46428906	0.03552051	-0.13457263
279694.00000000	-0.43424155	0.03601898	-0.09836932
274694.00000000	-0.40003317	0.03646686	-0.06397260
269694.00000000	-0.36086029	0.03651877	-0.02977069
264694.00000000	-0.31801648	0.03553879	0.00219373
259694.00000000	-0.27104541	0.03296207	0.03150891
254694.00000000	-0.21979562	0.02734546	0.05672415
249694.00000000	-0.16825665	0.02192801	0.07626831
244694.00000000	-0.11679715	0.01546167	0.09124622
239694.00000000	-0.06871555	0.00909869	0.10141855
234694.00000000	-0.02665836	0.00390594	0.10772079
229694.00000000	0.01019214	0.00005951	0.11124536
224694.00000000	0.04051761	-0.00218158	0.11278714
219694.00000000	0.06599869	-0.00312860	0.11322321
214694.00000000	0.08729321	-0.00327878	0.11288760
209694.00000000	0.10391980	-0.00320175	0.11191022
204694.00000000	0.11597455	-0.00339413	0.10963724
199694.00000000	0.12198959	-0.00399637	0.10590033
194694.00000000	0.12202206	-0.00499161	0.10041373
