506390.00000000	-0.29408521	-0.05900351	-0.60651352
505990.00000000	-0.29498083	-0.05915979	-0.60605283
505590.00000000	-0.30092535	-0.06023764	-0.60234622
505190.00000000	-0.30712390	-0.06133682	-0.59844012
504790.00000000	-0.31347110	-0.06244412	-0.59450137
504390.00000000	-0.31946207	-0.06346011	-0.59051086
503990.00000000	-0.32537704	-0.06447375	-0.58654776
503590.00000000	-0.33157910	-0.06553842	-0.58233096
503190.00000000	-0.33760806	-0.06655490	-0.57808737
502790.00000000	-0.34314389	-0.06744260	-0.57417410
502390.00000000	-0.34927423	-0.06842804	-0.56975275
501990.00000000	-0.35532224	-0.06938101	-0.56537714
501590.00000000	-0.36114868	-0.07029755	-0.56097296
501190.00000000	-0.36678360	-0.07112424	-0.55661111
500790.00000000	-0.37265359	-0.07201190	-0.55211752
500390.00000000	-0.37858713	-0.07293716	-0.54738354
499990.00000000	-0.38437973	-0.07381683	-0.54270383
499590.00000000	-0.39007730	-0.07463297	-0.53810172
499190.00000000	-0.39587955	-0.07547559	-0.53319635
498790.00000000	-0.40161865	-0.07622763	-0.52828638
498390.00000000	-0.40737308	-0.07705835	-0.52323679
497990.00000000	-0.41286981	-0.07782611	-0.51834686
497590.00000000	-0.41820999	-0.07855997	-0.51356613
497190.00000000	-0.42373062	-0.07928210	-0.50849240
496790.00000000	-0.42908411	-0.07995248	-0.50349268
496390.00000000	-0.43422562	-0.08057486	-0.49860919
495990.00000000	-0.43940115	-0.08124072	-0.49370892
495590.00000000	-0.44446719	-0.08184833	-0.48860687
495190.00000000	-0.44953265	-0.08245450	-0.48353644
494790.00000000	-0.45440692	-0.08306467	-0.47860406
494390.00000000	-0.45932922	-0.08362881	-0.47349243
493990.00000000	-0.46436383	-0.08421127	-0.46815906
493590.00000000	-0.46923880	-0.08478128	-0.46295947
493190.00000000	-0.47388214	-0.08528360	-0.45791299
492790.00000000	-0.47856036	-0.08581677	-0.45273004
492390.00000000	-0.48329910	-0.08634003	-0.44734213
491990.00000000	-0.48763101	-0.08683301	-0.44235104
491590.00000000	-0.49207404	-0.08732977	-0.43720795
491190.00000000	-0.49644125	-0.08779504	-0.43206769
490790.00000000	-0.50094888	-0.08828876	-0.42665805
490390.00000000	-0.50511996	-0.08877173	-0.42145297
489990.00000000	-0.50944312	-0.08918527	-0.41612827
489590.00000000	-0.51363046	-0.08961615	-0.41073773
489190.00000000	-0.51785580	-0.09007581	-0.40528076
488790.00000000	-0.52185446	-0.09052859	-0.39993765
488390.00000000	-0.52606952	-0.09095154	-0.39439172
487990.00000000	-0.53003745	-0.09136880	-0.38892700
487590.00000000	-0.53404434	-0.09177646	-0.38331851
487190.00000000	-0.53802768	-0.09215262	-0.37758499
486790.00000000	-0.54193158	-0.09253925	-0.37200089
486390.00000000	-0.54572437	-0.09291510	-0.36639984
485990.00000000	-0.54948920	-0.09329208	-0.36073154
485590.00000000	-0.55328290	-0.09368045	-0.35490921
485190.00000000	-0.55686447	-0.09404712	-0.34920844
484790.00000000	-0.56044147	-0.09438498	-0.34362897
484390.00000000	-0.56409406	-0.09476932	-0.33763055
483990.00000000	-0.56759497	-0.09510815	-0.33188120
483590.00000000	-0.57091486	-0.09544705	-0.32632272
483190.00000000	-0.57419342	-0.09579376	-0.32059067
482790.00000000	-0.57758536	-0.09615668	-0.31477408
482390.00000000	-0.58088339	-0.09649182	-0.30893146
481990.00000000	-0.58407422	-0.09681845	-0.30302902
481590.00000000	-0.58713742	-0.09712155	-0.29729910
481190.00000000	-0.59029431	-0.09747781	-0.29127841
480790.00000000	-0.59324728	-0.09779007	-0.28551315
480390.00000000	-0.59614218	-0.09809631	-0.27982755
479990.00000000	-0.59893179	-0.09839709	-0.27405191
479590.00000000	-0.60164435	-0.09903979	-0.26809286
479190.00000000	-0.60476669	-0.09936264	-0.26181137
478790.00000000	-0.60731619	-0.09919843	-0.25629492
478390.00000000	-0.61053885	-0.09958994	-0.25013583
477990.00000000	-0.61277365	-0.10002701	-0.24462833
477590.00000000	-0.61521518	-0.10030527	-0.23894312
477190.00000000	-0.61773419	-0.10082626	-0.23291519
476790.00000000	-0.62040155	-0.10086874	-0.22686484
476390.00000000	-0.62319763	-0.10051120	-0.22076181
475990.00000000	-0.62584888	-0.10036151	-0.21465829
475590.00000000	-0.62740747	-0.10206915	-0.20843149
475190.00000000	-0.62953082	-0.10235229	-0.20274109
474790.00000000	-0.63179416	-0.10258920	-0.19668262
474390.00000000	-0.63392694	-0.10296078	-0.19053256
473990.00000000	-0.63604080	-0.10325940	-0.18436029
473590.00000000	-0.63811108	-0.10358755	-0.17822119
473190.00000000	-0.64023599	-0.10391714	-0.17172632
472790.00000000	-0.64220187	-0.10426346	-0.16540463
472390.00000000	-0.64415042	-0.10458707	-0.15904617
471990.00000000	-0.64600317	-0.10493091	-0.15294519
471590.00000000	-0.64785559	-0.10528293	-0.14647711
471190.00000000	-0.64960577	-0.10560327	-0.14013315
470790.00000000	-0.65121753	-0.10589569	-0.13417819
470390.00000000	-0.65286630	-0.10620346	-0.12770667
469990.00000000	-0.65449173	-0.10654596	-0.12131433
469590.00000000	-0.65601465	-0.10691754	-0.11484500
469190.00000000	-0.65750293	-0.10723221	-0.10842377
468790.00000000	-0.65890228	-0.10751089	-0.10206512
468390.00000000	-0.66037286	-0.10784543	-0.09547226
467990.00000000	-0.66173218	-0.10814011	-0.08883243
467590.00000000	-0.66299597	-0.10845120	-0.08258466
467190.00000000	-0.66421936	-0.10872263	-0.07603281
466790.00000000	-0.66533685	-0.10901550	-0.06971704
466390.00000000	-0.66640500	-0.10927087	-0.06327594
465990.00000000	-0.66740775	-0.10953064	-0.05700342
465590.00000000	-0.66840833	-0.10978265	-0.05057642
465190.00000000	-0.66934787	-0.11004721	-0.04395657
464790.00000000	-0.67022079	-0.11028650	-0.03737018
464390.00000000	-0.67104153	-0.11050085	-0.03104041
463990.00000000	-0.67175681	-0.11069675	-0.02465051
463590.00000000	-0.67247668	-0.11093451	-0.01811148
463190.00000000	-0.67314423	-0.11110309	-0.01137296
462790.00000000	-0.67372614	-0.11132803	-0.00472961
462390.00000000	-0.67427029	-0.11150690	0.00185278
461990.00000000	-0.67476660	-0.11171121	0.00886990
461590.00000000	-0.67519403	-0.11186368	0.01563074
461190.00000000	-0.67551508	-0.11199234	0.02222070
460790.00000000	-0.67582999	-0.11213107	0.02932797
460390.00000000	-0.67608264	-0.11227682	0.03652246
459990.00000000	-0.67625586	-0.11236377	0.04328406
459590.00000000	-0.67636038	-0.11246713	0.05015665
459190.00000000	-0.67639355	-0.11254227	0.05692200
458790.00000000	-0.67637625	-0.11259018	0.06419662
458390.00000000	-0.67626160	-0.11262659	0.07116861
457990.00000000	-0.67614246	-0.11261908	0.07783353
457590.00000000	-0.67593408	-0.11257898	0.08487793
457190.00000000	-0.67565994	-0.11255219	0.09169357
456790.00000000	-0.67531924	-0.11249854	0.09880692
456390.00000000	-0.67491739	-0.11238269	0.10548297
455990.00000000	-0.67445612	-0.11228198	0.11212708
455590.00000000	-0.67388235	-0.11216006	0.11928915
455190.00000000	-0.67329172	-0.11201257	0.12618927
454790.00000000	-0.67265253	-0.11182068	0.13283344
454390.00000000	-0.67194492	-0.11160349	0.13960355
453990.00000000	-0.67115738	-0.11138123	0.14651495
453590.00000000	-0.67029263	-0.11109625	0.15301749
453190.00000000	-0.66939990	-0.11085135	0.15961362
452790.00000000	-0.66839700	-0.11054135	0.16643320
452390.00000000	-0.66733765	-0.11023447	0.17307129
451990.00000000	-0.66620105	-0.10983359	0.17990131
451590.00000000	-0.66508069	-0.10946030	0.18638208
451190.00000000	-0.66380856	-0.10910214	0.19308255
450790.00000000	-0.66244330	-0.10868167	0.20006766
450390.00000000	-0.66106226	-0.10822900	0.20662659
449990.00000000	-0.65956543	-0.10774612	0.21337204
449590.00000000	-0.65808722	-0.10728619	0.21994586
449190.00000000	-0.65641159	-0.10675937	0.22703851
448790.00000000	-0.65472308	-0.10621967	0.23365454
448390.00000000	-0.65291489	-0.10564655	0.24045502
447990.00000000	-0.65102316	-0.10504422	0.24731851
447590.00000000	-0.64906729	-0.10440991	0.25436346
447190.00000000	-0.64709024	-0.10378217	0.26089923
446790.00000000	-0.64497974	-0.10312830	0.26765118
446390.00000000	-0.64284546	-0.10245694	0.27435861
445990.00000000	-0.64055301	-0.10176230	0.28118066
445590.00000000	-0.63831299	-0.10102637	0.28756860
445190.00000000	-0.63605609	-0.10029495	0.29390399
444790.00000000	-0.63364594	-0.09955289	0.30040491
444390.00000000	-0.63113782	-0.09876553	0.30692377
443990.00000000	-0.62864255	-0.09796472	0.31328790
443590.00000000	-0.62604071	-0.09717227	0.31957434
443190.00000000	-0.62350488	-0.09637479	0.32567700
442790.00000000	-0.62063684	-0.09549976	0.33226465
442390.00000000	-0.61787735	-0.09467612	0.33834015
441990.00000000	-0.61505692	-0.09381015	0.34435757
441590.00000000	-0.61212543	-0.09290363	0.35049994
441190.00000000	-0.60923917	-0.09204572	0.35639059
440790.00000000	-0.60618759	-0.09112088	0.36245020
440390.00000000	-0.60326855	-0.09021954	0.36807858
439990.00000000	-0.60021057	-0.08929944	0.37377609
439590.00000000	-0.59697009	-0.08834839	0.37969879
439190.00000000	-0.59378806	-0.08743317	0.38542447
438790.00000000	-0.59061615	-0.08649423	0.39103693
438390.00000000	-0.58720163	-0.08549234	0.39679788
437990.00000000	-0.58372073	-0.08451318	0.40254330
437590.00000000	-0.58022787	-0.08348361	0.40817679
437190.00000000	-0.57668256	-0.08251077	0.41370227
436790.00000000	-0.57302182	-0.08148322	0.41927734
436390.00000000	-0.56925003	-0.08042783	0.42486298
435990.00000000	-0.56543820	-0.07942050	0.43033224
435590.00000000	-0.56160626	-0.07840216	0.43578687
435190.00000000	-0.55749347	-0.07730212	0.44142291
434790.00000000	-0.55346136	-0.07626187	0.44680542
434390.00000000	-0.54948251	-0.07522430	0.45200055
433990.00000000	-0.54518799	-0.07412869	0.45753772
433590.00000000	-0.54107950	-0.07307745	0.46272684
433190.00000000	-0.53679807	-0.07200620	0.46792856
432790.00000000	-0.53272928	-0.07095795	0.47275079
432390.00000000	-0.52840356	-0.06991245	0.47782510
431990.00000000	-0.52420453	-0.06891287	0.48266443
431590.00000000	-0.51976743	-0.06782666	0.48754401
431190.00000000	-0.51536130	-0.06676419	0.49243030
430790.00000000	-0.51092099	-0.06572800	0.49709811
430390.00000000	-0.50647275	-0.06469742	0.50174191
429990.00000000	-0.50200336	-0.06365408	0.50629034
429590.00000000	-0.49735898	-0.06263837	0.51082370
429190.00000000	-0.49255438	-0.06155319	0.51554712
428790.00000000	-0.48783270	-0.06050287	0.52002176
428390.00000000	-0.48324039	-0.05953976	0.52426901
427990.00000000	-0.47856366	-0.05850555	0.52856506
427590.00000000	-0.47383630	-0.05751846	0.53282278
427190.00000000	-0.46932687	-0.05657593	0.53670267
426790.00000000	-0.46444177	-0.05558765	0.54086407
426390.00000000	-0.45957373	-0.05459119	0.54503641
425990.00000000	-0.45484698	-0.05366486	0.54883527
425590.00000000	-0.45003442	-0.05271863	0.55273376
425190.00000000	-0.44512512	-0.05174966	0.55664789
424790.00000000	-0.44007425	-0.05077411	0.56057236
424390.00000000	-0.43518246	-0.04988409	0.56422372
423990.00000000	-0.43033862	-0.04897510	0.56775488
423590.00000000	-0.42485956	-0.04795264	0.57180096
423190.00000000	-0.41955060	-0.04698846	0.57553308
422790.00000000	-0.41446524	-0.04607254	0.57907251
422390.00000000	-0.40911526	-0.04514102	0.58284521
421990.00000000	-0.40365482	-0.04416953	0.58645776
421590.00000000	-0.39824332	-0.04320187	0.58989838
421190.00000000	-0.39304605	-0.04231226	0.59318771
420790.00000000	-0.38767395	-0.04143713	0.59654254
420390.00000000	-0.38195520	-0.04045575	0.60000342
419990.00000000	-0.37664151	-0.03956976	0.60330771
419590.00000000	-0.37138132	-0.03872351	0.60631076
419190.00000000	-0.36589209	-0.03782816	0.60944647
418790.00000000	-0.36044458	-0.03696982	0.61252515
418390.00000000	-0.35496011	-0.03608194	0.61555365
417990.00000000	-0.34952487	-0.03521710	0.61853326
417590.00000000	-0.34401651	-0.03440143	0.62138177
417190.00000000	-0.33840506	-0.03354941	0.62431915
416790.00000000	-0.33297745	-0.03286066	0.62712259
416390.00000000	-0.32742694	-0.03211429	0.62978247
415990.00000000	-0.32200079	-0.03132242	0.63235153
415590.00000000	-0.31636426	-0.03049194	0.63499844
415190.00000000	-0.31078873	-0.02967725	0.63763599
414790.00000000	-0.30529269	-0.02894699	0.64016190
414390.00000000	-0.29982123	-0.02822861	0.64244501
413990.00000000	-0.29432358	-0.02749094	0.64480405
413590.00000000	-0.28867401	-0.02682083	0.64723206
413190.00000000	-0.28322034	-0.02643579	0.64936517
412790.00000000	-0.27764075	-0.02645865	0.65148688
412390.00000000	-0.27196344	-0.02599939	0.65360352
411990.00000000	-0.26613300	-0.02516248	0.65571555
411590.00000000	-0.26038556	-0.02434921	0.65790198
411190.00000000	-0.25468857	-0.02352844	0.66005743
410790.00000000	-0.24864505	-0.02267267	0.66222104
410390.00000000	-0.24269189	-0.02181302	0.66416083
409990.00000000	-0.23671130	-0.02099149	0.66614734
409590.00000000	-0.23088495	-0.02015314	0.66802982
409190.00000000	-0.22473969	-0.01931281	0.66998105
408790.00000000	-0.21860474	-0.01843362	0.67181100
408390.00000000	-0.21254697	-0.01760648	0.67361221
407990.00000000	-0.20657816	-0.01676172	0.67529111
407590.00000000	-0.20034140	-0.01591086	0.67702731
407190.00000000	-0.19427753	-0.01504230	0.67864417
406790.00000000	-0.18843542	-0.01424948	0.68016391
406390.00000000	-0.18222977	-0.01335269	0.68168298
405990.00000000	-0.17611121	-0.01247217	0.68308197
405590.00000000	-0.17005936	-0.01161313	0.68444958
405190.00000000	-0.16382025	-0.01078067	0.68588089
404790.00000000	-0.15784937	-0.00990515	0.68710217
404390.00000000	-0.15136987	-0.00895331	0.68828241
403990.00000000	-0.14516370	-0.00803699	0.68953320
403590.00000000	-0.13891238	-0.00708795	0.69071841
403190.00000000	-0.13277274	-0.00619595	0.69174414
402790.00000000	-0.12691544	-0.00535779	0.69264645
402390.00000000	-0.12043060	-0.00436514	0.69370319
401990.00000000	-0.11462344	-0.00347412	0.69452359
401590.00000000	-0.10830338	-0.00250748	0.69532144
401190.00000000	-0.10193500	-0.00153693	0.69613702
400790.00000000	-0.09569376	-0.00060608	0.69687711
400390.00000000	-0.08968390	0.00031854	0.69751334
399990.00000000	-0.08330112	0.00131476	0.69809540
399590.00000000	-0.07693979	0.00231458	0.69870413
399190.00000000	-0.07063885	0.00330893	0.69920285
398790.00000000	-0.06430362	0.00428558	0.69967673
398390.00000000	-0.05776276	0.00530743	0.70011710
397990.00000000	-0.05098251	0.00641721	0.70045145
397590.00000000	-0.04451495	0.00742975	0.70060056
397190.00000000	-0.03803329	0.00841464	0.70075977
396790.00000000	-0.03138135	0.00944724	0.70092719
396390.00000000	-0.02475943	0.01044281	0.70085724
395990.00000000	-0.01787106	0.01155450	0.70091977
395590.00000000	-0.01131345	0.01258286	0.70076398
395190.00000000	-0.00478690	0.01358838	0.70067972
394790.00000000	0.00194385	0.01468381	0.70041867
394390.00000000	0.00872647	0.01581540	0.70014334
393990.00000000	0.01510330	0.01685303	0.69977124
393590.00000000	0.02171524	0.01797824	0.69937915
393190.00000000	0.02851532	0.01906543	0.69887994
392790.00000000	0.03537778	0.02026791	0.69835901
392390.00000000	0.04215164	0.02138156	0.69763446
391990.00000000	0.04869501	0.02244455	0.69689380
391590.00000000	0.05556369	0.02356647	0.69618500
391190.00000000	0.06233435	0.02474182	0.69539154
390790.00000000	0.06867087	0.02580170	0.69447586
390390.00000000	0.07559265	0.02701852	0.69350244
389990.00000000	0.08233340	0.02813751	0.69245047
389590.00000000	0.08908594	0.02935458	0.69135736
389190.00000000	0.09560724	0.03042542	0.69022739
388790.00000000	0.10208591	0.03147940	0.68902222
388390.00000000	0.10895718	0.03262012	0.68769992
387990.00000000	0.11551642	0.03370453	0.68636389
387590.00000000	0.12194519	0.03476474	0.68495688
387190.00000000	0.12870670	0.03586856	0.68346854
386790.00000000	0.13546170	0.03695346	0.68191269
386390.00000000	0.14224203	0.03810391	0.68018549
385990.00000000	0.14889957	0.03918869	0.67843958
385590.00000000	0.15565634	0.04032578	0.67674173
385190.00000000	0.16245895	0.04145224	0.67488614
384790.00000000	0.16938824	0.04263461	0.67283743
384390.00000000	0.17606714	0.04369254	0.67077725
383990.00000000	0.18281635	0.04483496	0.66871078
383590.00000000	0.18973395	0.04592029	0.66658719
383190.00000000	0.19651196	0.04709595	0.66436411
382790.00000000	0.20320416	0.04814539	0.66213010
382390.00000000	0.20976007	0.04920715	0.65978537
381990.00000000	0.21653003	0.05030859	0.65740564
381590.00000000	0.22325360	0.05142026	0.65488586
381190.00000000	0.22978128	0.05246478	0.65233823
380790.00000000	0.23636411	0.05351868	0.64974915
380390.00000000	0.24286697	0.05454742	0.64713303
379990.00000000	0.24945074	0.05566068	0.64436972
379590.00000000	0.25551093	0.05660367	0.64181958
379190.00000000	0.26153122	0.05754315	0.63929822
378790.00000000	0.26798328	0.05858755	0.63639160
378390.00000000	0.27439594	0.05957520	0.63345743
377990.00000000	0.28041342	0.06048563	0.63059299
377590.00000000	0.28663245	0.06147476	0.62765149
377190.00000000	0.29316553	0.06248727	0.62446216
376790.00000000	0.29915311	0.06343713	0.62145575
376390.00000000	0.30551080	0.06436804	0.61811224
375990.00000000	0.31170724	0.06531769	0.61478714
375590.00000000	0.31827661	0.06633109	0.61126346
375190.00000000	0.32442523	0.06725623	0.60782349
374790.00000000	0.33050076	0.06814310	0.60437250
374390.00000000	0.33662527	0.06907062	0.60079773
373990.00000000	0.34237485	0.06993649	0.59737769
373590.00000000	0.34828708	0.07086081	0.59380368
373190.00000000	0.35442929	0.07179709	0.59009216
372790.00000000	0.36038062	0.07262582	0.58625717
372390.00000000	0.36627051	0.07353180	0.58238422
371990.00000000	0.37228537	0.07451419	0.57848856
371590.00000000	0.37808093	0.07532626	0.57445728
371190.00000000	0.38395248	0.07628107	0.57050253
370790.00000000	0.38985110	0.07712296	0.56637234
370390.00000000	0.39563437	0.07802780	0.56218030
369990.00000000	0.40120279	0.07880856	0.55812543
369590.00000000	0.40667712	0.07960370	0.55402512
369190.00000000	0.41225677	0.08040439	0.54977545
368790.00000000	0.41751926	0.08115854	0.54567908
368390.00000000	0.42268738	0.08185480	0.54160950
367990.00000000	0.42803531	0.08264957	0.53726849
367590.00000000	0.43317929	0.08334454	0.53299301
367190.00000000	0.43848563	0.08409824	0.52842786
366790.00000000	0.44357547	0.08481046	0.52411496
366390.00000000	0.44854291	0.08545306	0.51974408
365990.00000000	0.45364780	0.08610199	0.51512262
365590.00000000	0.45833167	0.08676547	0.51087039
365190.00000000	0.46311713	0.08735510	0.50637558
364790.00000000	0.46802631	0.08799966	0.50174277
364390.00000000	0.47280640	0.08863586	0.49717023
363990.00000000	0.47744824	0.08924646	0.49248190
363590.00000000	0.48174307	0.08979700	0.48830460
363190.00000000	0.48639230	0.09039359	0.48357416
362790.00000000	0.49091791	0.09094785	0.47895697
362390.00000000	0.49524069	0.09150214	0.47421851
361990.00000000	0.49947647	0.09198422	0.46966431
361590.00000000	0.50378455	0.09250989	0.46485413
361190.00000000	0.50804724	0.09302432	0.46013132
360790.00000000	0.51228909	0.09355701	0.45532056
360390.00000000	0.51646820	0.09406064	0.45041879
359990.00000000	0.52061456	0.09453378	0.44552182
359590.00000000	0.52478662	0.09501215	0.44047446
359190.00000000	0.52883990	0.09547949	0.43553619
358790.00000000	0.53288147	0.09593985	0.43034030
358390.00000000	0.53685876	0.09642084	0.42532761
357990.00000000	0.54078699	0.09686288	0.42014062
357590.00000000	0.54459189	0.09731418	0.41508682
357190.00000000	0.54831992	0.09776074	0.41000497
356790.00000000	0.55200525	0.09818573	0.40491855
356390.00000000	0.55558023	0.09860730	0.39979218
355990.00000000	0.55912845	0.09898917	0.39464792
355590.00000000	0.56259464	0.09936722	0.38961362
355190.00000000	0.56604813	0.09979211	0.38435190
354790.00000000	0.56946964	0.10018405	0.37917764
354390.00000000	0.57279495	0.10056580	0.37399442
353990.00000000	0.57597192	0.10091739	0.36901422
353590.00000000	0.57913879	0.10128470	0.36385434
353190.00000000	0.58239032	0.10165723	0.35835773
352790.00000000	0.58548163	0.10201801	0.35309229
352390.00000000	0.58844974	0.10235764	0.34799557
351990.00000000	0.59146915	0.10271094	0.34254953
351590.00000000	0.59437225	0.10305048	0.33738766
351190.00000000	0.59730838	0.10341342	0.33202664
350790.00000000	0.60006503	0.10375128	0.32689175
350390.00000000	0.60274832	0.10402536	0.32162515
349990.00000000	0.60548315	0.10437576	0.31625467
349590.00000000	0.60817291	0.10469049	0.31087262
349190.00000000	0.61073947	0.10499609	0.30553271
348790.00000000	0.61327734	0.10532047	0.30023126
348390.00000000	0.61580634	0.10567960	0.29475079
347990.00000000	0.61833578	0.10605658	0.28915295
347590.00000000	0.62078934	0.10634229	0.28367307
347190.00000000	0.62314383	0.10666635	0.27818515
346790.00000000	0.62561404	0.10705322	0.27247910
346390.00000000	0.62797162	0.10739355	0.26668353
345990.00000000	0.63012793	0.10769565	0.26125507
345590.00000000	0.63230743	0.10799020	0.25568881
345190.00000000	0.63451855	0.10830826	0.25001544
344790.00000000	0.63658420	0.10863339	0.24441928
344390.00000000	0.63866885	0.10896701	0.23866772
343990.00000000	0.64076602	0.10932822	0.23282446
343590.00000000	0.64280975	0.10972900	0.22673367
343190.00000000	0.64463715	0.11006400	0.22126401
342790.00000000	0.64639749	0.11036514	0.21575952
342390.00000000	0.64819055	0.11074484	0.20984219
341990.00000000	0.64998001	0.11110211	0.20389661
341590.00000000	0.65159549	0.11138785	0.19824039
341190.00000000	0.65328223	0.11174127	0.19245627
340790.00000000	0.65487396	0.11206946	0.18661749
340390.00000000	0.65640216	0.11242084	0.18071848
339990.00000000	0.65788681	0.11275482	0.17487601
339590.00000000	0.65935767	0.11311053	0.16898941
339190.00000000	0.66076630	0.11343918	0.16302032
338790.00000000	0.66205182	0.11377722	0.15721405
338390.00000000	0.66326901	0.11410245	0.15132071
337990.00000000	0.66450021	0.11440088	0.14550955
337590.00000000	0.66562408	0.11470914	0.13967133
337190.00000000	0.66672723	0.11506076	0.13365741
336790.00000000	0.66779160	0.11537805	0.12776868
336390.00000000	0.66877740	0.11567130	0.12193005
335990.00000000	0.66968451	0.11596130	0.11616934
335590.00000000	0.67052484	0.11625598	0.11016586
335190.00000000	0.67140186	0.11657513	0.10404962
334790.00000000	0.67219968	0.11686658	0.09814185
334390.00000000	0.67291785	0.11717020	0.09197250
333990.00000000	0.67363757	0.11746112	0.08549969
333590.00000000	0.67426413	0.11773563	0.07920859
333190.00000000	0.67482245	0.11798807	0.07324246
332790.00000000	0.67529364	0.11825320	0.06697025
332390.00000000	0.67572470	0.11851877	0.06058328
331990.00000000	0.67610379	0.11878491	0.05455957
331590.00000000	0.67644025	0.11899387	0.04839981
331190.00000000	0.67672424	0.11922305	0.04211713
330790.00000000	0.67691122	0.11944724	0.03583063
330390.00000000	0.67706369	0.11965665	0.02977643
329990.00000000	0.67715646	0.11985300	0.02376202
329590.00000000	0.67714502	0.12000714	0.01762277
329190.00000000	0.67707343	0.12014990	0.01142270
328790.00000000	0.67695587	0.12032999	0.00517944
328390.00000000	0.67678195	0.12041083	-0.00088535
327990.00000000	0.67655606	0.12053122	-0.00697198
327590.00000000	0.67622955	0.12068903	-0.01341559
327190.00000000	0.67587543	0.12075436	-0.01953644
326790.00000000	0.67545749	0.12085086	-0.02588608
326390.00000000	0.67498270	0.12090311	-0.03186349
325990.00000000	0.67437198	0.12094644	-0.03845145
325590.00000000	0.67375900	0.12096909	-0.04456216
325190.00000000	0.67312604	0.12097330	-0.05073697
324790.00000000	0.67240958	0.12096265	-0.05670255
324390.00000000	0.67155151	0.12093372	-0.06295251
323990.00000000	0.67068414	0.12091183	-0.06917218
323590.00000000	0.66979941	0.12083420	-0.07492108
323190.00000000	0.66875162	0.12072504	-0.08117343
322790.00000000	0.66760767	0.12061523	-0.08744849
322390.00000000	0.66650427	0.12048187	-0.09354968
321990.00000000	0.66525952	0.12028183	-0.09967496
321590.00000000	0.66399478	0.12014929	-0.10568692
321190.00000000	0.66254965	0.11992194	-0.11220947
320790.00000000	0.66113300	0.11970764	-0.11821463
320390.00000000	0.65958615	0.11946417	-0.12441742
319990.00000000	0.65796262	0.11920297	-0.13051184
319590.00000000	0.65631119	0.11888907	-0.13674622
319190.00000000	0.65455566	0.11856448	-0.14278018
318790.00000000	0.65281973	0.11821658	-0.14872299
318390.00000000	0.65088129	0.11785675	-0.15489267
317990.00000000	0.64883389	0.11743094	-0.16102441
317590.00000000	0.64681577	0.11701843	-0.16689072
317190.00000000	0.64480994	0.11663556	-0.17256610
316790.00000000	0.64261963	0.11615088	-0.17851291
316390.00000000	0.64036478	0.11564059	-0.18441345
315990.00000000	0.63808224	0.11515613	-0.19017145
315590.00000000	0.63566064	0.11459512	-0.19596771
315190.00000000	0.63326877	0.11406723	-0.20152829
314790.00000000	0.63064359	0.11347113	-0.20736487
314390.00000000	0.62808701	0.11285565	-0.21288217
313990.00000000	0.62546075	0.11224353	-0.21848572
313590.00000000	0.62275299	0.11160828	-0.22405557
313190.00000000	0.61996353	0.11094922	-0.22950403
312790.00000000	0.61708481	0.11024002	-0.23495053
312390.00000000	0.61421252	0.10955774	-0.24021564
311990.00000000	0.61127087	0.10881302	-0.24551657
311590.00000000	0.60819653	0.10806802	-0.25092206
311190.00000000	0.60509253	0.10729544	-0.25613281
310790.00000000	0.60197888	0.10654141	-0.26110718
310390.00000000	0.59869620	0.10573755	-0.26637686
309990.00000000	0.59534744	0.10491556	-0.27161453
309590.00000000	0.59201505	0.10410031	-0.27651358
309190.00000000	0.58853195	0.10324448	-0.28157001
308790.00000000	0.58499554	0.10235217	-0.28652240
308390.00000000	0.58130566	0.10147009	-0.29161288
307990.00000000	0.57766895	0.10055731	-0.29644614
307590.00000000	0.57391571	0.09960672	-0.30127151
307190.00000000	0.57008829	0.09865076	-0.30606125
306790.00000000	0.56614777	0.09765750	-0.31081137
306390.00000000	0.56219800	0.09667770	-0.31550122
305990.00000000	0.55825049	0.09570834	-0.32002951
305590.00000000	0.55427319	0.09470352	-0.32445743
305190.00000000	0.55011780	0.09373630	-0.32899741
304790.00000000	0.54593604	0.09272510	-0.33348352
304390.00000000	0.54171939	0.09171307	-0.33782233
303990.00000000	0.53755432	0.09071765	-0.34203467
303590.00000000	0.53315344	0.08967062	-0.34635007
303190.00000000	0.52880014	0.08860950	-0.35053864
302790.00000000	0.52435193	0.08755792	-0.35461279
302390.00000000	0.51995493	0.08651770	-0.35856033
301990.00000000	0.51523090	0.08537717	-0.36276761
301590.00000000	0.51058615	0.08430847	-0.36671680
301190.00000000	0.50621561	0.08327847	-0.37024908
300790.00000000	0.50143063	0.08211566	-0.37412457
300390.00000000	0.49680850	0.08102328	-0.37778006
299990.00000000	0.49215604	0.07987418	-0.38133411
299590.00000000	0.48741782	0.07873975	-0.38484924
299190.00000000	0.48272061	0.07759674	-0.38828381
298790.00000000	0.47762793	0.07645337	-0.39191074
298390.00000000	0.47293765	0.07533572	-0.39518365
297990.00000000	0.46801266	0.07420410	-0.39846075
297590.00000000	0.46297238	0.07305930	-0.40180002
297190.00000000	0.45789386	0.07188467	-0.40503122
296790.00000000	0.45277560	0.07062381	-0.40818033
296390.00000000	0.44766263	0.06948566	-0.41127707
295990.00000000	0.44241193	0.06833469	-0.41436227
295590.00000000	0.43712381	0.06715964	-0.41742038
295190.00000000	0.43175305	0.06598431	-0.42037711
294790.00000000	0.42641257	0.06485538	-0.42325818
294390.00000000	0.42101529	0.06372504	-0.42605923
293990.00000000	0.41562549	0.06257394	-0.42885434
293590.00000000	0.41005832	0.06136023	-0.43154214
293190.00000000	0.40459378	0.06021646	-0.43418515
292790.00000000	0.39934821	0.05913138	-0.43664404
292390.00000000	0.39373834	0.05792447	-0.43917722
291990.00000000	0.38824207	0.05680457	-0.44154910
291590.00000000	0.38285941	0.05571664	-0.44387036
291190.00000000	0.37739841	0.05463513	-0.44610406
290790.00000000	0.37160825	0.05349686	-0.44841718
290390.00000000	0.36598581	0.05235629	-0.45051608
289990.00000000	0.36052936	0.05129428	-0.45253845
289590.00000000	0.35509601	0.05021402	-0.45449628
289190.00000000	0.34921466	0.04909894	-0.45656113
288790.00000000	0.34348361	0.04804272	-0.45849622
288390.00000000	0.33791647	0.04699298	-0.46026624
287990.00000000	0.33221454	0.04595804	-0.46206897
287590.00000000	0.32635367	0.04484521	-0.46385764
287190.00000000	0.32083563	0.04382761	-0.46543802
286790.00000000	0.31508224	0.04276166	-0.46695093
286390.00000000	0.30941876	0.04173593	-0.46843930
285990.00000000	0.30335937	0.04068170	-0.47000043
285590.00000000	0.29763977	0.03961664	-0.47142874
285190.00000000	0.29181110	0.03858127	-0.47282663
284790.00000000	0.28581750	0.03753391	-0.47421530
284390.00000000	0.27986017	0.03651791	-0.47551324
283990.00000000	0.27410519	0.03551770	-0.47675504
283590.00000000	0.26804080	0.03450580	-0.47792380
283190.00000000	0.26204034	0.03351569	-0.47901996
282790.00000000	0.25596481	0.03253268	-0.48006091
282390.00000000	0.24977570	0.03157889	-0.48105054
281990.00000000	0.24362338	0.03070767	-0.48206097
281590.00000000	0.23735052	0.02981253	-0.48292722
281190.00000000	0.23111591	0.02890482	-0.48383072
280790.00000000	0.22482120	0.02795050	-0.48462485
280390.00000000	0.21836908	0.02703702	-0.48529242
279990.00000000	0.21240680	0.02621405	-0.48596924
279590.00000000	0.20590399	0.02539059	-0.48659482
279190.00000000	0.19961743	0.02453342	-0.48717883
278790.00000000	0.19357068	0.02370416	-0.48764258
278390.00000000	0.18750595	0.02294724	-0.48809708
277990.00000000	0.18114154	0.02218988	-0.48850528
277590.00000000	0.17487842	0.02141940	-0.48882794
277190.00000000	0.16861023	0.02066101	-0.48916977
276790.00000000	0.16243185	0.01992480	-0.48940979
276390.00000000	0.15591321	0.01916013	-0.48961014
275990.00000000	0.14986969	0.01843677	-0.48976349
275590.00000000	0.14345432	0.01773923	-0.48994968
275190.00000000	0.13718689	0.01709317	-0.48999182
274790.00000000	0.13075037	0.01646674	-0.49000089
274390.00000000	0.12432358	0.01578833	-0.48997086
273990.00000000	0.11826334	0.01518668	-0.49002356
273590.00000000	0.11198541	0.01452832	-0.48988666
273190.00000000	0.10549197	0.01388062	-0.48971893
272790.00000000	0.09916870	0.01327264	-0.48955807
272390.00000000	0.09297977	0.01265454	-0.48938541
271990.00000000	0.08653348	0.01198959	-0.48913950
271590.00000000	0.08021231	0.01139169	-0.48888052
271190.00000000	0.07381879	0.01083878	-0.48853055
270790.00000000	0.06745477	0.01031326	-0.48814468
270390.00000000	0.06105966	0.00987604	-0.48770981
269990.00000000	0.05430783	0.00949777	-0.48723727
269590.00000000	0.04776047	0.00953806	-0.48667783
269190.00000000	0.04123352	0.00904880	-0.48617584
268790.00000000	0.03474789	0.00852725	-0.48571664
268390.00000000	0.02808084	0.00798776	-0.48514496
267990.00000000	0.02159808	0.00747031	-0.48455164
267590.00000000	0.01538580	0.00704865	-0.48394922
267190.00000000	0.00872433	0.00657825	-0.48331174
266790.00000000	0.00219940	0.00611584	-0.48264377
266390.00000000	-0.00421637	0.00568079	-0.48192697
265990.00000000	-0.01047327	0.00526547	-0.48130554
265590.00000000	-0.01687204	0.00485428	-0.48060065
265190.00000000	-0.02343494	0.00441696	-0.47980405
264790.00000000	-0.02987207	0.00397437	-0.47907486
264390.00000000	-0.03639307	0.00358258	-0.47826489
263990.00000000	-0.04276175	0.00319528	-0.47739474
263590.00000000	-0.04928745	0.00278702	-0.47655035
263190.00000000	-0.05582809	0.00236188	-0.47568967
262790.00000000	-0.06203409	0.00200076	-0.47483676
262390.00000000	-0.06843439	0.00159308	-0.47396899
261990.00000000	-0.07447263	0.00122925	-0.47308942
261590.00000000	-0.08086249	0.00078436	-0.47212637
261190.00000000	-0.08689633	0.00041708	-0.47125546
260790.00000000	-0.09308972	0.00000781	-0.47024158
260390.00000000	-0.09934326	-0.00039844	-0.46927582
259990.00000000	-0.10562662	-0.00080286	-0.46826694
259590.00000000	-0.11178568	-0.00121848	-0.46725549
259190.00000000	-0.11788962	-0.00163974	-0.46620010
258790.00000000	-0.12401752	-0.00204858	-0.46512476
258390.00000000	-0.13027127	-0.00248410	-0.46393781
257990.00000000	-0.13643481	-0.00296497	-0.46286758
257590.00000000	-0.14251486	-0.00341821	-0.46173779
257190.00000000	-0.14874335	-0.00391852	-0.46057828
256790.00000000	-0.15496378	-0.00443262	-0.45936224
256390.00000000	-0.16091388	-0.00491122	-0.45815344
255990.00000000	-0.16698291	-0.00543240	-0.45692419
255590.00000000	-0.17306204	-0.00596057	-0.45559943
255190.00000000	-0.17895651	-0.00651740	-0.45433322
254790.00000000	-0.18470764	-0.00702829	-0.45301169
254390.00000000	-0.19061276	-0.00758130	-0.45167487
253990.00000000	-0.19651544	-0.00815088	-0.45024844
253590.00000000	-0.20224741	-0.00876517	-0.44883002
253190.00000000	-0.20763724	-0.00931161	-0.44749158
252790.00000000	-0.21350259	-0.00994672	-0.44600980
252390.00000000	-0.21914304	-0.01063873	-0.44453555
251990.00000000	-0.22482944	-0.01131387	-0.44299106
251590.00000000	-0.23035541	-0.01202493	-0.44139871
251190.00000000	-0.23595200	-0.01275681	-0.43981485
250790.00000000	-0.24160999	-0.01352621	-0.43815851
250390.00000000	-0.24720596	-0.01429337	-0.43648706
249990.00000000	-0.25247079	-0.01500107	-0.43483075
249590.00000000	-0.25801178	-0.01583057	-0.43308823
249190.00000000	-0.26336270	-0.01660284	-0.43126114
248790.00000000	-0.26873798	-0.01745236	-0.42940848
248390.00000000	-0.27390060	-0.01825085	-0.42755148
247990.00000000	-0.27903235	-0.01910376	-0.42562997
247590.00000000	-0.28436053	-0.01999155	-0.42362451
247190.00000000	-0.28943927	-0.02086731	-0.42166327
246790.00000000	-0.29430203	-0.02172269	-0.41965933
246390.00000000	-0.29909076	-0.02257660	-0.41769638
245990.00000000	-0.30417819	-0.02347928	-0.41549329
245590.00000000	-0.30927173	-0.02446579	-0.41319339
245190.00000000	-0.31418799	-0.02539807	-0.41095749
244790.00000000	-0.31912003	-0.02637277	-0.40861673
244390.00000000	-0.32407492	-0.02737222	-0.40618732
243990.00000000	-0.32898157	-0.02839255	-0.40371579
243590.00000000	-0.33358896	-0.02933340	-0.40129575
243190.00000000	-0.33853943	-0.03039340	-0.39864334
242790.00000000	-0.34321356	-0.03141391	-0.39609579
242390.00000000	-0.34773190	-0.03242813	-0.39351703
241990.00000000	-0.35223645	-0.03343143	-0.39087234
241590.00000000	-0.35658197	-0.03440494	-0.38814795
241190.00000000	-0.36105811	-0.03544269	-0.38523505
240790.00000000	-0.36517468	-0.03638348	-0.38261969
240390.00000000	-0.36933090	-0.03736127	-0.37984653
239990.00000000	-0.37363727	-0.03840659	-0.37693829
239590.00000000	-0.37772278	-0.03937747	-0.37407144
239190.00000000	-0.38179922	-0.04031836	-0.37105246
238790.00000000	-0.38587701	-0.04132358	-0.36801529
238390.00000000	-0.38972208	-0.04224268	-0.36501096
237990.00000000	-0.39366382	-0.04320731	-0.36183926
237590.00000000	-0.39741370	-0.04408740	-0.35876035
237190.00000000	-0.40120892	-0.04498923	-0.35555124
236790.00000000	-0.40472879	-0.04585162	-0.35240118
236390.00000000	-0.40848764	-0.04676392	-0.34906302
235990.00000000	-0.41202573	-0.04765808	-0.34573755
235590.00000000	-0.41551254	-0.04850574	-0.34246384
235190.00000000	-0.41874109	-0.04929449	-0.33922137
234790.00000000	-0.42215576	-0.05011792	-0.33579837
234390.00000000	-0.42550446	-0.05087015	-0.33234604
233990.00000000	-0.42860962	-0.05159393	-0.32900595
233590.00000000	-0.43184213	-0.05235693	-0.32542560
233190.00000000	-0.43498575	-0.05306796	-0.32181253
232790.00000000	-0.43810965	-0.05378232	-0.31819601
232390.00000000	-0.44103101	-0.05441934	-0.31461072
231990.00000000	-0.44398346	-0.05509589	-0.31097223
231590.00000000	-0.44694568	-0.05578867	-0.30709036
231190.00000000	-0.44972894	-0.05638129	-0.30353714
230790.00000000	-0.45251471	-0.05693790	-0.29965643
230390.00000000	-0.45511880	-0.05748340	-0.29593103
229990.00000000	-0.45780948	-0.05804080	-0.29207632
229590.00000000	-0.46028418	-0.05852527	-0.28833884
229190.00000000	-0.46271201	-0.05896338	-0.28460287
228790.00000000	-0.46526837	-0.05943295	-0.28045734
228390.00000000	-0.46733655	-0.05980096	-0.27703244
227990.00000000	-0.46963104	-0.06019037	-0.27309097
227590.00000000	-0.47170483	-0.06053809	-0.26944547
227190.00000000	-0.47372983	-0.06087411	-0.26564273
226790.00000000	-0.47568387	-0.06117593	-0.26192090
226390.00000000	-0.47761102	-0.06143765	-0.25808624
225990.00000000	-0.47941296	-0.06168317	-0.25431879
225590.00000000	-0.48105316	-0.06189569	-0.25073093
225190.00000000	-0.48275092	-0.06215375	-0.24680823
224790.00000000	-0.48437952	-0.06231482	-0.24299811
224390.00000000	-0.48588443	-0.06245914	-0.23932697
223990.00000000	-0.48733594	-0.06256134	-0.23558722
223590.00000000	-0.48882440	-0.06266742	-0.23170871
223190.00000000	-0.49018796	-0.06280307	-0.22787219
222790.00000000	-0.49155792	-0.06297314	-0.22422366
222390.00000000	-0.49277576	-0.06304880	-0.22063574
221990.00000000	-0.49386258	-0.06311047	-0.21693011
221590.00000000	-0.49487518	-0.06311313	-0.21328497
221190.00000000	-0.49569394	-0.06310962	-0.20983542
220790.00000000	-0.49653467	-0.06311411	-0.20620511
220390.00000000	-0.49725165	-0.06308035	-0.20254684
219990.00000000	-0.49792456	-0.06302747	-0.19903033
219590.00000000	-0.49847421	-0.06294431	-0.19555316
219190.00000000	-0.49897940	-0.06284271	-0.19200989
218790.00000000	-0.49943500	-0.06273038	-0.18838885
218390.00000000	-0.49985208	-0.06257712	-0.18483163
217990.00000000	-0.50013654	-0.06242715	-0.18126486
217590.00000000	-0.50034784	-0.06230023	-0.17785864
217190.00000000	-0.50047150	-0.06210886	-0.17442288
216790.00000000	-0.50050232	-0.06191156	-0.17104013
216390.00000000	-0.50046106	-0.06168680	-0.16758875
215990.00000000	-0.50033902	-0.06150064	-0.16440204
215590.00000000	-0.50014059	-0.06129547	-0.16116830
215190.00000000	-0.49986658	-0.06107153	-0.15788910
214790.00000000	-0.49958963	-0.06083588	-0.15478311
214390.00000000	-0.49917328	-0.06061508	-0.15168887
213990.00000000	-0.49874454	-0.06035416	-0.14852914
213590.00000000	-0.49820081	-0.06011923	-0.14535193
213190.00000000	-0.49759082	-0.05983722	-0.14230283
212790.00000000	-0.49693442	-0.05956259	-0.13925659
212390.00000000	-0.49618402	-0.05930762	-0.13613925
211990.00000000	-0.49536731	-0.05904474	-0.13314700
211590.00000000	-0.49454941	-0.05879532	-0.13033517
211190.00000000	-0.49363956	-0.05853799	-0.12729861
210790.00000000	-0.49265198	-0.05827420	-0.12438211
210390.00000000	-0.49160486	-0.05797409	-0.12148782
209990.00000000	-0.49052274	-0.05774786	-0.11867221
209590.00000000	-0.48940280	-0.05750226	-0.11593652
209190.00000000	-0.48814267	-0.05721280	-0.11298187
208790.00000000	-0.48689194	-0.05697372	-0.11024673
208390.00000000	-0.48562830	-0.05668579	-0.10759558
207990.00000000	-0.48419537	-0.05641144	-0.10484534
207590.00000000	-0.48273257	-0.05616428	-0.10203152
207190.00000000	-0.48121304	-0.05585034	-0.09934723
206790.00000000	-0.47964371	-0.05561011	-0.09661679
206390.00000000	-0.47811542	-0.05534784	-0.09396805
205990.00000000	-0.47638965	-0.05510382	-0.09121069
205590.00000000	-0.47465741	-0.05483691	-0.08852872
205190.00000000	-0.47299130	-0.05456912	-0.08595776
204790.00000000	-0.47110468	-0.05431244	-0.08319574
204390.00000000	-0.46928580	-0.05406219	-0.08064441
203990.00000000	-0.46734448	-0.05379721	-0.07801062
203590.00000000	-0.46549316	-0.05354807	-0.07546451
203190.00000000	-0.46355081	-0.05327588	-0.07296234
202790.00000000	-0.46154745	-0.05307785	-0.07048672
202390.00000000	-0.45959503	-0.05287891	-0.06812015
201990.00000000	-0.45749023	-0.05266205	-0.06561795
201590.00000000	-0.45546198	-0.05245801	-0.06327588
201190.00000000	-0.45332953	-0.05229944	-0.06089999
200790.00000000	-0.45118222	-0.05212421	-0.05847354
200390.00000000	-0.44911310	-0.05198160	-0.05618057
199990.00000000	-0.44703015	-0.05179678	-0.05380478
199590.00000000	-0.44478357	-0.05163083	-0.05147202
199190.00000000	-0.44248734	-0.05143182	-0.04908218
198790.00000000	-0.44021402	-0.05125742	-0.04674011
198390.00000000	-0.43790134	-0.05108685	-0.04437265
197990.00000000	-0.43554572	-0.05091574	-0.04201202
197590.00000000	-0.43329623	-0.05073328	-0.03975525
197190.00000000	-0.43105713	-0.05058875	-0.03755310
196790.00000000	-0.42880359	-0.05043896	-0.03543546
196390.00000000	-0.42633090	-0.05031387	-0.03309476
195990.00000000	-0.42398798	-0.05015543	-0.03090512
195590.00000000	-0.42152841	-0.05003424	-0.02864951
195190.00000000	-0.41905713	-0.04988870	-0.02642316
194790.00000000	-0.41654312	-0.04977072	-0.02416937
194390.00000000	-0.41419464	-0.04964169	-0.02206534
193990.00000000	-0.41161456	-0.04946536	-0.01977667
193590.00000000	-0.40906219	-0.04929639	-0.01754391
193190.00000000	-0.40645273	-0.04911746	-0.01528894
192790.00000000	-0.40379230	-0.04895166	-0.01307883
192390.00000000	-0.40119574	-0.04880530	-0.01087927
191990.00000000	-0.39858762	-0.04860980	-0.00873059
191590.00000000	-0.39598499	-0.04839981	-0.00657449
191190.00000000	-0.39330548	-0.04825153	-0.00440936
190790.00000000	-0.39062192	-0.04806644	-0.00224884
190390.00000000	-0.38806415	-0.04792230	-0.00016833
189990.00000000	-0.38530048	-0.04774631	0.00207513
189590.00000000	-0.38257404	-0.04754062	0.00422528
189190.00000000	-0.37993661	-0.04733725	0.00625031
188790.00000000	-0.37729922	-0.04714700	0.00834222
188390.00000000	-0.37457675	-0.04693744	0.01041736
187990.00000000	-0.37172241	-0.04672693	0.01253680
187590.00000000	-0.36897495	-0.04652084	0.01460583
187190.00000000	-0.36625537	-0.04628961	0.01662146
186790.00000000	-0.36332962	-0.04609012	0.01874985
186390.00000000	-0.36058289	-0.04587506	0.02068494
185990.00000000	-0.35771259	-0.04564841	0.02276938
185590.00000000	-0.35503732	-0.04542557	0.02463910
185190.00000000	-0.35210257	-0.04518561	0.02668768
184790.00000000	-0.34921674	-0.04491623	0.02867838
184390.00000000	-0.34638519	-0.04467303	0.03061533
183990.00000000	-0.34351270	-0.04436780	0.03253873
183590.00000000	-0.34056955	-0.04410696	0.03451068
183190.00000000	-0.33771921	-0.04379883	0.03636804
182790.00000000	-0.33480371	-0.04348163	0.03819260
182390.00000000	-0.33178210	-0.04322635	0.04003516
181990.00000000	-0.32887436	-0.04294089	0.04181644
181590.00000000	-0.32579745	-0.04262604	0.04357419
181190.00000000	-0.32276505	-0.04233170	0.04533908
180790.00000000	-0.31974600	-0.04204019	0.04706873
180390.00000000	-0.31650076	-0.04176160	0.04885953
179990.00000000	-0.31332596	-0.04143280	0.05058969
179590.00000000	-0.31015503	-0.04114047	0.05231387
179190.00000000	-0.30695749	-0.04083792	0.05402921
178790.00000000	-0.30354138	-0.04048294	0.05584378
178390.00000000	-0.30043338	-0.04017282	0.05741867
177990.00000000	-0.29703467	-0.03982013	0.05908371
177590.00000000	-0.29377316	-0.03945193	0.06064261
177190.00000000	-0.29037329	-0.03906613	0.06220303
176790.00000000	-0.28695523	-0.03869406	0.06369843
176390.00000000	-0.28366159	-0.03833722	0.06514957
175990.00000000	-0.28015692	-0.03794830	0.06665637
175590.00000000	-0.27663611	-0.03756750	0.06808572
175190.00000000	-0.27315488	-0.03721213	0.06947971
174790.00000000	-0.26965622	-0.03677448	0.07083450
174390.00000000	-0.26618433	-0.03638770	0.07210645
173990.00000000	-0.26258740	-0.03596622	0.07340656
173590.00000000	-0.25897501	-0.03554047	0.07469489
173190.00000000	-0.25541635	-0.03508017	0.07589838
172790.00000000	-0.25176279	-0.03464346	0.07709369
172390.00000000	-0.24818781	-0.03419962	0.07823083
171990.00000000	-0.24444507	-0.03373526	0.07938626
171590.00000000	-0.24086389	-0.03331311	0.08043134
171190.00000000	-0.23736731	-0.03289267	0.08143591
170790.00000000	-0.23358026	-0.03240579	0.08245883
170390.00000000	-0.22980984	-0.03193256	0.08345404
169990.00000000	-0.22609464	-0.03147733	0.08439709
169590.00000000	-0.22232016	-0.03103052	0.08529053
169190.00000000	-0.21852966	-0.03056451	0.08616287
168790.00000000	-0.21461557	-0.03009235	0.08700156
168390.00000000	-0.21071219	-0.02962595	0.08785208
167990.00000000	-0.20684915	-0.02916748	0.08863779
167590.00000000	-0.20284482	-0.02871133	0.08939993
167190.00000000	-0.19878146	-0.02824307	0.09016904
166790.00000000	-0.19488498	-0.02777078	0.09083920
166390.00000000	-0.19085034	-0.02733060	0.09154556
165990.00000000	-0.18683392	-0.02702161	0.09220975
165590.00000000	-0.18294998	-0.02663742	0.09281104
165190.00000000	-0.17896954	-0.02618884	0.09340863
164790.00000000	-0.17499051	-0.02580652	0.09395926
164390.00000000	-0.17079480	-0.02533447	0.09447937
163990.00000000	-0.16682932	-0.02481320	0.09496521
163590.00000000	-0.16259494	-0.02436566	0.09549918
163190.00000000	-0.15835843	-0.02387759	0.09597852
162790.00000000	-0.15402728	-0.02343655	0.09642224
162390.00000000	-0.14961322	-0.02289819	0.09684686
161990.00000000	-0.14526776	-0.02251721	0.09723410
161590.00000000	-0.14103116	-0.02207053	0.09758649
161190.00000000	-0.13667615	-0.02162906	0.09790500
160790.00000000	-0.13223431	-0.02114157	0.09823010
160390.00000000	-0.12811926	-0.02080002	0.09849216
159990.00000000	-0.12379242	-0.02032770	0.09876178
159590.00000000	-0.11974875	-0.02004889	0.09896225
159190.00000000	-0.11565152	-0.01963992	0.09915497
158790.00000000	-0.11164172	-0.01924103	0.09932422
158390.00000000	-0.10771500	-0.01890298	0.09948816
157990.00000000	-0.10374551	-0.01851553	0.09959705
157590.00000000	-0.09984921	-0.01811899	0.09975864
157190.00000000	-0.09644815	-0.01777676	0.09987866
156790.00000000	-0.09218936	-0.01737439	0.10001147
156390.00000000	-0.08809109	-0.01698206	0.10011185
155990.00000000	-0.08389624	-0.01658969	0.10020474
155590.00000000	-0.08065375	-0.01621176	0.10027554
155190.00000000	-0.07716043	-0.01587222	0.10032916
154790.00000000	-0.07338193	-0.01548492	0.10040460
154390.00000000	-0.06980869	-0.01508255	0.10042487
153990.00000000	-0.06634204	-0.01471887	0.10044571
153590.00000000	-0.06280557	-0.01433978	0.10047635
153190.00000000	-0.05941360	-0.01399670	0.10045911
152790.00000000	-0.05590515	-0.01359528	0.10045883
152390.00000000	-0.05293661	-0.01323889	0.10047171
151990.00000000	-0.04949942	-0.01285760	0.10047861
151590.00000000	-0.04599908	-0.01249118	0.10047046
151190.00000000	-0.04249115	-0.01211615	0.10041962
150790.00000000	-0.03900931	-0.01172098	0.10039926
150390.00000000	-0.03567294	-0.01137305	0.10037183
149990.00000000	-0.03236902	-0.01103366	0.10034973
149590.00000000	-0.02902817	-0.01067697	0.10032562
149190.00000000	-0.02606509	-0.01037021	0.10028293
148790.00000000	-0.02300885	-0.01002908	0.10024524
148390.00000000	-0.01967667	-0.00966867	0.10017126
147990.00000000	-0.01668436	-0.00933466	0.10011926
147590.00000000	-0.01367377	-0.00905615	0.10006226
147190.00000000	-0.01058069	-0.00873148	0.09999646
146790.00000000	-0.00761810	-0.00840799	0.09994678
146390.00000000	-0.00459659	-0.00810168	0.09985773
145990.00000000	-0.00190680	-0.00779880	0.09978552
145590.00000000	0.00074640	-0.00751672	0.09972131
145190.00000000	0.00356604	-0.00720789	0.09964862
144790.00000000	0.00636505	-0.00688736	0.09956653
144390.00000000	0.00900311	-0.00660568	0.09947076
143990.00000000	0.01177100	-0.00630734	0.09940155
143590.00000000	0.01455527	-0.00599194	0.09933957
143190.00000000	0.01736099	-0.00568610	0.09925027
142790.00000000	0.01952499	-0.00541525	0.09918848
142390.00000000	0.02194916	-0.00515485	0.09906891
141990.00000000	0.02465723	-0.00486230	0.09897467
141590.00000000	0.02728207	-0.00454691	0.09887851
141190.00000000	0.02952740	-0.00427917	0.09877271
140790.00000000	0.03189270	-0.00401392	0.09866068
140390.00000000	0.03431293	-0.00375043	0.09855408
139990.00000000	0.03660568	-0.00346942	0.09844913
139590.00000000	0.03885910	-0.00319678	0.09835059
139190.00000000	0.04119171	-0.00291672	0.09825970
138790.00000000	0.04376443	-0.00259885	0.09813843
138390.00000000	0.04585571	-0.00237601	0.09803439
137990.00000000	0.04794080	-0.00211041	0.09791724
137590.00000000	0.05030463	-0.00181757	0.09779062
137190.00000000	0.05251562	-0.00153598	0.09767215
136790.00000000	0.05465836	-0.00128024	0.09757996
136390.00000000	0.05641974	-0.00105786	0.09745282
135990.00000000	0.05838959	-0.00077359	0.09736298
135590.00000000	0.06053940	-0.00050348	0.09722491
135190.00000000	0.06244318	-0.00024060	0.09712311
134790.00000000	0.06431824	-0.00000992	0.09697763
134390.00000000	0.06628571	0.00026727	0.09686285
133990.00000000	0.06809390	0.00050177	0.09671713
133590.00000000	0.07006781	0.00079388	0.09657950
133190.00000000	0.07162939	0.00105295	0.09644598
132790.00000000	0.07326212	0.00127185	0.09634488
132390.00000000	0.07502982	0.00157281	0.09621442
131990.00000000	0.07662964	0.00182788	0.09609729
131590.00000000	0.07815762	0.00208072	0.09595209
131190.00000000	0.07977219	0.00235364	0.09578448
130790.00000000	0.08126587	0.00259009	0.09567059
130390.00000000	0.08307968	0.00291858	0.09552591
129990.00000000	0.08440207	0.00314954	0.09539563
129590.00000000	0.08591641	0.00344550	0.09523434
129190.00000000	0.08744687	0.00374542	0.09508490
128790.00000000	0.08890402	0.00404126	0.09493646
128390.00000000	0.09023550	0.00434378	0.09474893
127990.00000000	0.09158505	0.00460925	0.09459122
127590.00000000	0.09294388	0.00493146	0.09443970
127190.00000000	0.09432999	0.00520743	0.09428226
126790.00000000	0.09548361	0.00549063	0.09408548
126390.00000000	0.09670108	0.00578015	0.09390015
125990.00000000	0.09797064	0.00609665	0.09375128
125590.00000000	0.09914017	0.00640472	0.09357309
125190.00000000	0.10012936	0.00666940	0.09336938
124790.00000000	0.10127234	0.00698392	0.09320157
124390.00000000	0.10229709	0.00726581	0.09300458
123990.00000000	0.10336502	0.00755301	0.09278525
123590.00000000	0.10429733	0.00783005	0.09258261
123190.00000000	0.10529047	0.00815262	0.09239108
122790.00000000	0.10629178	0.00848437	0.09214893
122390.00000000	0.10714145	0.00875925	0.09189194
121990.00000000	0.10795789	0.00904147	0.09165668
121590.00000000	0.10877670	0.00934006	0.09143231
121190.00000000	0.10949680	0.00963803	0.09119696
120790.00000000	0.11028607	0.00995349	0.09096756
120390.00000000	0.11087418	0.01021808	0.09073651
119990.00000000	0.11151071	0.01050293	0.09048907
119590.00000000	0.11212518	0.01079736	0.09020755
119190.00000000	0.11268021	0.01106894	0.08995114
118790.00000000	0.11323151	0.01133533	0.08967291
118390.00000000	0.11373792	0.01160587	0.08936273
117990.00000000	0.11422446	0.01191534	0.08908270
117590.00000000	0.11466895	0.01218933	0.08878186
117190.00000000	0.11499655	0.01242480	0.08849179
116790.00000000	0.11536612	0.01269553	0.08819672
116390.00000000	0.11570752	0.01299042	0.08786237
115990.00000000	0.11600040	0.01323148	0.08752344
115590.00000000	0.11624707	0.01347736	0.08717783
115190.00000000	0.11648911	0.01372482	0.08683755
114790.00000000	0.11677652	0.01396136	0.08637061
114390.00000000	0.11695840	0.01422620	0.08593375
113990.00000000	0.11708911	0.01443301	0.08554156
113590.00000000	0.11719812	0.01463022	0.08516260
113190.00000000	0.11724823	0.01485715	0.08477219
112790.00000000	0.11724612	0.01509290	0.08437247
112390.00000000	0.11722501	0.01532510	0.08396851
111990.00000000	0.11713776	0.01551831	0.08354001
111590.00000000	0.11704663	0.01569733	0.08312094
111190.00000000	0.11690762	0.01589035	0.08267474
110790.00000000	0.11674564	0.01606766	0.08228793
110390.00000000	0.11657233	0.01619623	0.08188907
109990.00000000	0.11633072	0.01636725	0.08144174
109590.00000000	0.11606790	0.01653479	0.08102206
109190.00000000	0.11581726	0.01667377	0.08061630
108790.00000000	0.11549854	0.01680246	0.08014117
108390.00000000	0.11517187	0.01694016	0.07967041
107990.00000000	0.11479749	0.01705429	0.07919711
107590.00000000	0.11444678	0.01715216	0.07874014
107190.00000000	0.11402292	0.01724194	0.07827728
106790.00000000	0.11357986	0.01734973	0.07777704
106390.00000000	0.11314792	0.01738754	0.07735358
105990.00000000	0.11269562	0.01750394	0.07693652
105590.00000000	0.11219299	0.01755151	0.07648074
105190.00000000	0.11168762	0.01761469	0.07605304
104790.00000000	0.11113092	0.01764154	0.07556305
104390.00000000	0.11065384	0.01766837	0.07512598
103990.00000000	0.11005151	0.01769470	0.07463663
103590.00000000	0.10935770	0.01773450	0.07410016
103190.00000000	0.10868896	0.01774020	0.07353503
102790.00000000	0.10806772	0.01775024	0.07306943
102390.00000000	0.10742557	0.01775974	0.07256433
101990.00000000	0.10679462	0.01776559	0.07206104
101590.00000000	0.10603064	0.01773566	0.07146854
101190.00000000	0.10547610	0.01773288	0.07108691
100790.00000000	0.10432382	0.01765866	0.07021497
100390.00000000	0.10405234	0.01767624	0.07004495
99990.00000000	0.10327942	0.01763428	0.06949518
99590.00000000	0.10261923	0.01758820	0.06902939
99190.00000000	0.10185641	0.01751773	0.06850949
98790.00000000	0.10110046	0.01745383	0.06796472
98390.00000000	0.10030527	0.01737018	0.06740787
97990.00000000	0.09956976	0.01732980	0.06695370
97590.00000000	0.09878903	0.01724020	0.06642480
97190.00000000	0.09790152	0.01714435	0.06583060
96790.00000000	0.09716220	0.01704837	0.06533102
96390.00000000	0.09638806	0.01698840	0.06485031
95990.00000000	0.09564883	0.01689056	0.06437766
95590.00000000	0.09483032	0.01679108	0.06384952
95190.00000000	0.09393652	0.01665152	0.06326047
94790.00000000	0.09321927	0.01656650	0.06280457
94390.00000000	0.09241797	0.01646140	0.06230649
93990.00000000	0.09163354	0.01636392	0.06181793
93590.00000000	0.09085516	0.01624121	0.06133972
93190.00000000	0.09015164	0.01613287	0.06091165
92790.00000000	0.08926718	0.01599506	0.06038666
92390.00000000	0.08853293	0.01589246	0.05992267
91990.00000000	0.08766251	0.01573389	0.05938928
91590.00000000	0.08692377	0.01560745	0.05890536
91190.00000000	0.08612753	0.01548389	0.05843216
90790.00000000	0.08528568	0.01534158	0.05788074
90390.00000000	0.08451141	0.01517685	0.05740106
89990.00000000	0.08375760	0.01507968	0.05696164
89590.00000000	0.08295026	0.01491614	0.05644131
89190.00000000	0.08216144	0.01476160	0.05596594
88790.00000000	0.08132336	0.01463531	0.05543933
88390.00000000	0.08057010	0.01451465	0.05499344
87990.00000000	0.07981052	0.01437265	0.05453909
87590.00000000	0.07900806	0.01421246	0.05404865
87190.00000000	0.07827985	0.01409274	0.05359866
86790.00000000	0.07754953	0.01395212	0.05317737
86390.00000000	0.07677023	0.01378952	0.05269476
85990.00000000	0.07598764	0.01366846	0.05220465
85590.00000000	0.07521964	0.01350830	0.05173166
85190.00000000	0.07454077	0.01340814	0.05132886
84790.00000000	0.07383008	0.01327679	0.05088187
84390.00000000	0.07303662	0.01312024	0.05040555
83990.00000000	0.07233948	0.01296667	0.04997308
83590.00000000	0.07165344	0.01284323	0.04957205
83190.00000000	0.07090982	0.01271310	0.04909384
82790.00000000	0.07023688	0.01256393	0.04869046
82390.00000000	0.06943796	0.01242813	0.04822412
81990.00000000	0.06882571	0.01229526	0.04787781
81590.00000000	0.06820633	0.01219705	0.04747266
81190.00000000	0.06749551	0.01206760	0.04707382
80790.00000000	0.06683084	0.01190674	0.04663559
80390.00000000	0.06622690	0.01181229	0.04628671
79990.00000000	0.06560715	0.01168549	0.04589905
79590.00000000	0.06497116	0.01154071	0.04548468
79190.00000000	0.06421695	0.01140863	0.04503482
78790.00000000	0.06363397	0.01131021	0.04468420
78390.00000000	0.06302246	0.01120264	0.04429120
77990.00000000	0.06238452	0.01107916	0.04389246
77590.00000000	0.06178494	0.01094614	0.04349957
77190.00000000	0.06120093	0.01081479	0.04315665
76790.00000000	0.06055682	0.01068753	0.04277988
76390.00000000	0.05999469	0.01060260	0.04240698
75990.00000000	0.05932532	0.01046255	0.04200085
75590.00000000	0.05878979	0.01037540	0.04169598
75190.00000000	0.05817770	0.01024274	0.04131573
74790.00000000	0.05757281	0.01014145	0.04093677
74390.00000000	0.05700519	0.01004483	0.04057660
73990.00000000	0.05641721	0.00992410	0.04022534
73590.00000000	0.05584543	0.00980545	0.03986914
73190.00000000	0.05530850	0.00969040	0.03954889
72790.00000000	0.05473077	0.00957574	0.03917203
72390.00000000	0.05423636	0.00946863	0.03886151
71990.00000000	0.05369690	0.00937677	0.03854303
71590.00000000	0.05314008	0.00926453	0.03821103
71190.00000000	0.05264709	0.00915240	0.03789270
70790.00000000	0.05211905	0.00905499	0.03759378
70390.00000000	0.05161902	0.00897299	0.03724545
69990.00000000	0.05113376	0.00886765	0.03691409
69590.00000000	0.05062659	0.00878693	0.03659711
69190.00000000	0.05017020	0.00868869	0.03633194
68790.00000000	0.04976682	0.00861185	0.03606482
68390.00000000	0.04928741	0.00853018	0.03575055
67990.00000000	0.04880731	0.00840207	0.03544427
67590.00000000	0.04834186	0.00832996	0.03516220
67190.00000000	0.04789383	0.00825919	0.03486603
66790.00000000	0.04741718	0.00817242	0.03455392
66390.00000000	0.04695978	0.00808368	0.03425302
65990.00000000	0.04653354	0.00801355	0.03397403
65590.00000000	0.04609222	0.00792728	0.03369183
65190.00000000	0.04565891	0.00783835	0.03342249
64790.00000000	0.04522186	0.00776682	0.03310513
64390.00000000	0.04479950	0.00766745	0.03281787
63990.00000000	0.04434460	0.00759268	0.03256906
63590.00000000	0.04394742	0.00752130	0.03229767
63190.00000000	0.04350620	0.00744476	0.03201367
62790.00000000	0.04312247	0.00735873	0.03175092
62390.00000000	0.04275592	0.00729938	0.03149634
61990.00000000	0.04233060	0.00722925	0.03125717
61590.00000000	0.04195056	0.00718890	0.03100168
61190.00000000	0.04155432	0.00712265	0.03074405
60790.00000000	0.04115778	0.00703375	0.03048209
60390.00000000	0.04076700	0.00697864	0.03023407
59990.00000000	0.04039450	0.00692123	0.02998251
59590.00000000	0.04004053	0.00683612	0.02977802
59190.00000000	0.03969400	0.00677744	0.02953061
58790.00000000	0.03931522	0.00671744	0.02928705
58390.00000000	0.03895996	0.00662109	0.02905478
57990.00000000	0.03860092	0.00658093	0.02881143
57590.00000000	0.03824100	0.00651840	0.02857742
57190.00000000	0.03790927	0.00645584	0.02832489
56790.00000000	0.03759573	0.00641913	0.02812509
56390.00000000	0.03728592	0.00637085	0.02791284
55990.00000000	0.03695187	0.00629370	0.02772952
55590.00000000	0.03659610	0.00627237	0.02748175
55190.00000000	0.03624960	0.00621338	0.02724716
54790.00000000	0.03593417	0.00613821	0.02705243
54390.00000000	0.03561722	0.00608508	0.02682816
53990.00000000	0.03529910	0.00603333	0.02662128
53590.00000000	0.03496017	0.00598373	0.02639859
53190.00000000	0.03470102	0.00590137	0.02624756
52790.00000000	0.03440134	0.00585605	0.02606796
52390.00000000	0.03408749	0.00583752	0.02585712
51990.00000000	0.03380746	0.00579407	0.02567267
51590.00000000	0.03352676	0.00572070	0.02548450
51190.00000000	0.03319354	0.00565692	0.02528751
50790.00000000	0.03292239	0.00562259	0.02509433
50390.00000000	0.03264124	0.00556570	0.02492679
49990.00000000	0.03236356	0.00554999	0.02472928
49590.00000000	0.03208469	0.00547943	0.02456375
49190.00000000	0.03182169	0.00542252	0.02436160
48790.00000000	0.03153964	0.00540057	0.02417871
48390.00000000	0.03128989	0.00537787	0.02403741
47990.00000000	0.03103928	0.00531293	0.02385791
47590.00000000	0.03078568	0.00527023	0.02367526
47190.00000000	0.03052335	0.00524612	0.02351776
46790.00000000	0.03024057	0.00519144	0.02333911
46390.00000000	0.03000986	0.00513010	0.02315207
45990.00000000	0.02976688	0.00510452	0.02304037
45590.00000000	0.02953766	0.00507574	0.02288589
45190.00000000	0.02928186	0.00504352	0.02270688
44790.00000000	0.02902985	0.00499969	0.02255640
44390.00000000	0.02878836	0.00495889	0.02240131
43990.00000000	0.02853665	0.00489334	0.02222708
43590.00000000	0.02833618	0.00488181	0.02208679
43190.00000000	0.02809207	0.00485144	0.02193210
42790.00000000	0.02785947	0.00482990	0.02175992
42390.00000000	0.02764771	0.00477463	0.02160864
41990.00000000	0.02742130	0.00472879	0.02146643
41590.00000000	0.02718158	0.00469162	0.02129639
41190.00000000	0.02699985	0.00467572	0.02115384
40790.00000000	0.02678082	0.00463470	0.02100439
40390.00000000	0.02654868	0.00460425	0.02085709
39990.00000000	0.02633167	0.00454886	0.02071066
39590.00000000	0.02609314	0.00451361	0.02056744
39190.00000000	0.02587360	0.00450803	0.02041983
38790.00000000	0.02566586	0.00446634	0.02028790
38390.00000000	0.02543658	0.00444363	0.02014618
37990.00000000	0.02524939	0.00439529	0.02002481
37590.00000000	0.02506400	0.00438037	0.01989334
37190.00000000	0.02486761	0.00433499	0.01973639
36790.00000000	0.02466437	0.00428506	0.01959183
36390.00000000	0.02447382	0.00425577	0.01947702
35990.00000000	0.02427798	0.00423749	0.01933710
35590.00000000	0.02408038	0.00419839	0.01919495
35190.00000000	0.02389951	0.00419141	0.01909000
34790.00000000	0.02372510	0.00415500	0.01894244
34390.00000000	0.02351508	0.00412762	0.01881747
33990.00000000	0.02333444	0.00410437	0.01867392
33590.00000000	0.02317303	0.00407840	0.01856403
