-96	-0.0001220420432547926	0.00020733483775395338	-7.176518015054169e-10
-95	-0.00012914742274607505	0.00021984285643148488	2.4797081556634677e-10
-94	-0.00013672909625347244	0.00023323969977190703	7.594637293016967e-10
-93	-0.0001448258650687675	0.0002475981168358306	-2.5423538888476044e-10
-92	-0.00015347519103841878	0.0002629961117512335	-7.575447921755625e-10
-91	-0.00016272101190867614	0.0002795213883843593	-3.049783988277188e-10
-90	-0.00017261043618199703	0.0002972654240465303	5.374321116946093e-10
-89	-0.00018319410031290162	0.0003163356105160682	-4.176805594809442e-10
-88	-0.00019452640242059957	0.0003368389873876112	-7.98260467811703e-10
-87	-0.00020666843143788495	0.0003589044668827092	6.995999194650762e-10
-86	-0.00021968671433210822	0.00038266545373103107	6.645071243179136e-10
-85	-0.0002336518052289711	0.00040826945826529545	-2.569615084977304e-10
-84	-0.000248642649021436	0.00043588233013815413	5.438637394907522e-10
-83	-0.0002647445584743211	0.00046568353415959307	-9.07798776072573e-10
-82	-0.00028205104518104414	0.0004978695234579513	-5.414779474579995e-10
-81	-0.0003006640966563946	0.0005326610727986764	-5.324095226403013e-10
-80	-0.00032069658260098653	0.0005702954152371657	3.152250960986028e-10
-79	-0.00034226949133229703	0.0006110388668898207	8.377718860370009e-12
-78	-0.0003655203110476181	0.0006551878044847203	-2.1193479408142469e-10
-77	-0.00039059517669298754	0.0007030647564608164	-2.0738499241269555e-10
-76	-0.00041765762669531315	0.0007550320141687769	-2.3105145966974125e-10
-75	-0.0004468844633596083	0.0008114875963080138	8.391329234829384e-10
-74	-0.0004784752602051623	0.0008728757898935165	-1.382234155022526e-10
-73	-0.0005126454691362833	0.0009396917245941648	1.4717168125327175e-10
-72	-0.0005496347362386376	0.0010124851451925373	-3.918982749585733e-10
-71	-0.0005897083883385935	0.0010918718010163998	-4.3562637111349205e-13
-70	-0.00063315747220413	0.0011785386175794965	-8.77341634221777e-11
-69	-0.0006803069238506696	0.0012732559541139825	-1.775253250962809e-10
-68	-0.0007315139499934031	0.0013768864986321893	-8.052159827668377e-10
-67	-0.0007871797897896976	0.0014904023176488725	-4.5511410661014954e-10
-66	-0.0008477432107476242	0.0016149025834456153	7.221790974598092e-10
-65	-0.0009136995969428268	0.0017516211232157617	-3.26927713679737e-10
-64	-0.000985596926276982	0.0019019598631690533	-6.201143948828511e-10
-63	-0.001064047032686243	0.002067512951021732	9.394226645935572e-12
-62	-0.0011497371167127793	0.0022500953187242143	5.410129126734474e-10
-61	-0.0012434340140187337	0.0024517806171057326	-1.0008903241378395e-9
-60	-0.00134600031800241	0.0026749429594659863	-5.13436133508799e-10
-59	-0.001458405201659711	0.0029223246670792725	9.621367041303235e-10
-58	-0.0015817418141129706	0.0031970812846912125	1.4965882139269018e-10
-57	-0.001717244797367846	0.0035028883699762025	-7.806673826196447e-11
-56	-0.001866315391386672	0.0038440214931177168	-4.4260584045472534e-10
-55	-0.0020305403883970293	0.004225491449649286	3.0328504596809915e-10
-54	-0.002211733129382765	0.004653196114152384	2.102420367791604e-10
-53	-0.0024119632216156044	0.005134129696756607	2.9830394405839776e-11
-52	-0.002633605422765102	0.005676612343938907	-1.4391215337053633e-9
-51	-0.0028793925982883617	0.0062906293678936616	-7.093669393056622e-10
-50	-0.0031524825519983085	0.006988230653174157	-2.8588966567088793e-10
-49	-0.003456543018941588	0.007784085996470513	-6.755355048627551e-10
-48	-0.003795845040299213	0.008696171810473297	4.60187595127714e-10
-47	-0.004175398123127779	0.009746736987384968	9.673982155419497e-13
-46	-0.004601095055429147	0.010963561778325016	8.350398182351988e-10
-45	-0.005079921468983093	0.01238170287767933	-4.192869244600844e-10
-44	-0.005620197427278196	0.014045914540346567	-5.166259994980905e-10
-43	-0.006231900939081312	0.016014048843710348	-2.3603439824812433e-10
-42	-0.006927077575729911	0.018361971957806464	-1.700533378660537e-10
-41	-0.007720388551752382	0.02119078292883172	1.0854427868409136e-10
-40	-0.008629809451757616	0.024637647179589956	-4.386573229142164e-11
-39	-0.009677578492741007	0.028892467490685435	-2.0105664490551578e-10
-38	-0.010891472743945767	0.034224003762293106	-8.996909991437681e-10
-37	-0.012306545769840646	0.041021355252253394	-2.4419611872697165e-10
-36	-0.013967539756997828	0.04985946176647451	-3.5803009187067003e-10
-35	-0.01593230397363095	0.06159682554517084	-1.4577483727127812e-9
-34	-0.018276697999082818	0.0774927297333663	-2.0849978370584282e-10
-33	-0.02110181391218226	0.09922235172592068	-3.4952824429533773e-10
-32	-0.02454481341242527	0.12829009550359788	-1.2353904898940677e-9
-31	-0.028795592614073506	0.16362745882941382	1.7900131317881585e-10
-30	-0.034122903022558056	0.19710516362520625	-1.167082560518264e-9
-29	-0.04091584454622734	0.21378712687885448	-1.5119099334102654e-9
-28	-0.04974934775109679	0.20488507469680867	2.2136333563911822e-10
-27	-0.0614819159860731	0.17731327693250346	1.0535040029969206e-9
-26	-0.07737282893307716	0.14208280834991985	-4.0015517885675215e-10
-25	-0.09909727018735628	0.09965715400261269	1.1894536234217265e-9
-24	-0.12815966167915596	0.0408743163828492	-3.0549728541728064e-9
-23	-0.1634915544026792	-0.041207982100713796	2.599590548041139e-9
-22	-0.19696375247256298	-0.14252644305245651	-6.752933814750818e-8
-21	-0.2136402195440434	-0.25150875453282673	-7.957461539994402e-9
-20	-0.20473262246121104	-0.3566213611870016	1.728502582167473e-7
-19	-0.17715507871411612	-0.4521199272170939	3.255510450102483e-9
-18	-0.14191860796734165	-0.5370764781915123	-1.7323159666701056e-9
-17	-0.09948670204813562	-0.606700083258376	-2.0238021650833794e-9
-16	-0.040697314313048634	-0.6528181793296692	-5.646617877385992e-10
-15	0.041390901034658555	-0.6701996110329818	-1.0147729446417357e-9
-14	0.1427152137462748	-0.6551443121616334	-1.6962477194344057e-9
-13	0.2517030817547646	-0.6025008723615539	-8.339910383823296e-10
-12	0.3568210657150245	-0.5098430936301757	-8.424918712147332e-10
-11	0.4523265585071902	-0.38612059357562983	-8.717718229243209e-9
-10	0.5372917373090973	-0.24888941084254054	-7.81758550752526e-8
-9	0.6069272602084175	-0.11072470506064361	-3.06108974719999e-9
-8	0.6530625736514439	0.025572609872498327	-4.151038559767878e-9
-7	0.6704690864216231	0.1626254748091438	-2.894521035241662e-9
-6	0.6554534569241763	0.30311029187475363	-3.2415866951861397e-9
-5	0.6028753040084059	0.4443991791414771	-1.2746440748755015e-8
-4	0.5103284917627718	0.5742736226330022	9.77755370150005e-10
-3	0.3868026967296217	0.6758682952984563	1.0044707805294963e-8
-2	0.24993101192761963	0.7414104666272081	-2.190333166269312e-9
-1	0.11244667046336941	0.7749569449309838	-2.1785147656165128e-9
0	-0.0225395468853458	0.7831423576256357	-4.059078127679604e-9
1	-0.15709764877976243	0.7687515233811738	-3.855235426947453e-9
2	-0.29317448560666215	0.7295793708899412	-1.984466993861764e-9
3	-0.42804577213319683	0.6604456083012895	-8.105134847282981e-10
4	-0.5517116327177578	0.5588839894422158	7.455145024029386e-10
5	-0.650911084661367	0.43130501201524063	8.572149474336479e-10
6	-0.717904187730722	0.2908156408638145	1.2848873776471435e-9
7	-0.7535996937798422	0.14842911589749824	2.123927100694547e-9
8	-0.7626425185508545	0.008171861969114385	1.5853243855369362e-9
9	-0.7473966064198715	-0.1308064072009852	1.1336853010957322e-9
10	-0.706075196869672	-0.2691763817957174	-9.350228052837539e-10
11	-0.6354858197193903	-0.40311373410755547	-4.037608060229268e-9
12	-0.536315123740154	-0.5239538517751446	-5.736833691447417e-9
13	-0.41494935057787713	-0.622209181639681	-8.970924674875718e-9
14	-0.28089373464623957	-0.691439069731091	-1.1103311027448235e-8
15	-0.1429354470979662	-0.7308508751510483	-1.2577432701664016e-8
16	-0.0051913908158528034	-0.7435260451715565	-1.5072903019399772e-8
17	0.13246173497052985	-0.7312835597951074	-1.6062172217039243e-8
18	0.2701419879091868	-0.6923241341431786	-1.6228286590589332e-8
19	0.40371565059132725	-0.6235904163132625	-1.7663753369247267e-8
20	0.5243598646139377	-0.5259074965134062	-1.8237497602472952e-8
21	0.6225076734030837	-0.4057638041848703	-1.7322151903891235e-8
22	0.6916774008826415	-0.27273172769763004	-1.5113508182448737e-8
23	0.7310549307934897	-0.1356435573697739	-1.3130712747581657e-8
24	0.7437097671643703	0.0013522269296881839	-9.259248764163431e-9
25	0.7314548516304966	0.138354532098831	-5.805668236115301e-9
26	0.6924872848464296	0.2754627737940767	-2.729405044157367e-9
27	0.6237481380807369	0.40852837558748845	7.144562696297296e-10
28	0.5260616306019226	0.5287207591709336	2.065521735689818e-9
29	0.40591547398858874	0.6264704682890817	2.1142346669001402e-9
30	0.2728812250046538	0.6952929278867862	-7.024816182231292e-10
31	0.13579061317578506	0.7343678927040996	-1.6020767048102783e-9
32	-0.0012078446996581758	0.7467582744769641	-3.466392929869757e-9
33	-0.13821348820019164	0.7342703614599484	-7.351462231384628e-9
34	-0.27532556365929733	0.6950960863311356	-6.8798738364466834e-9
35	-0.4083953408082274	0.6261707839840434	-7.142381398020071e-9
36	-0.5285921013187358	0.5283133489391217	-5.215122986753197e-9
37	-0.6263462364004452	0.4080084417030215	-2.8621231776169375e-9
38	-0.6951729756926365	0.2748260169173358	-2.3633517303214843e-10
39	-0.7342519724389421	0.1375974931285525	2.2107432962346796e-9
40	-0.7466461640701674	0.0004701709287290327	6.212725725934665e-9
41	-0.7341620861921863	-0.13665585291385304	7.880140085350016e-9
42	-0.6949915508563281	-0.27388050973836087	1.0298577713911009e-8
43	-0.6260696145880776	-0.40705627248510295	1.4102934393183434e-8
44	-0.528215527542192	-0.527351868942898	1.4123635271943019e-8
45	-0.40791387016128794	-0.6251959273776333	1.640378906888506e-8
46	-0.27473480053029115	-0.6941031239725737	1.5897490548477554e-8
47	-0.13750965790162603	-0.7332538711543665	1.4937387739059336e-8
48	-0.0003855841888932721	-0.7457119084298146	1.448175209177162e-8
49	0.13673696861984844	-0.7332851825103502	1.2466884325694823e-8
50	0.27395822820384746	-0.694166666242628	9.737604154506437e-9
51	0.4071306210728991	-0.6252925432611952	7.477548032926977e-9
52	0.5274228210190047	-0.5274829325807774	3.416753967092556e-9
53	0.6252637612587254	-0.4072233976271825	2.4803089224755235e-10
54	0.6941680623881615	-0.2740842823705179	-1.0060452663692113e-9
55	0.7333159419503633	-0.13689700539653163	-4.782872958486613e-10
56	0.7457716025803962	0.00019062990168039682	-3.41156609808144e-11
57	0.7333427490231212	0.13727867428950027	4.299039659541962e-10
58	0.6942220258522726	0.27446655015204857	1.5265760181770223e-9
59	0.6253459248465978	0.4076073836043166	2.8663672318198707e-9
60	0.527534569185038	0.5278695707282863	4.317300820052723e-9
61	0.4072730353920214	0.6256827404168158	2.696529395295305e-9
62	0.2741322921780691	0.6945614469439282	2.9467804171729037e-9
63	0.13694333505173037	0.7336868939132946	1.2749416601299539e-9
64	-0.00014608126070889973	0.7461229610606908	5.497129769063633e-10
65	-0.13723585357801213	0.733675503357581	3.583903156254359e-10
66	-0.2744256450186363	0.6945379043429791	-7.439823181284524e-10
67	-0.40756821013726796	0.6256466646570655	2.742727269008801e-10
68	-0.5278318925337984	0.5278210393391927	8.917337846368452e-10
69	-0.6256465417792326	0.4075457639263954	2.70336851215393e-9
70	-0.6945271870170713	0.27439158729140645	4.514947015803053e-9
71	-0.7336542441508827	0.13718967352501896	4.6917839276569365e-9
72	-0.746090948455526	0.00008781259435322405	6.120046338665592e-9
73	-0.73364485231626	-0.13701362237855438	6.318647425884605e-9
74	-0.6945086517213827	-0.2742150901188513	7.188205489489385e-9
75	-0.6256182615975963	-0.4073689104032005	7.180660320907276e-9
76	-0.527793190591907	-0.5276434026873109	7.441026401314566e-9
77	-0.40751899983336853	-0.6254687948338983	7.851683736285121e-9
78	-0.2743655868638444	-0.6943584531966899	9.706492285275845e-9
79	-0.1371648197470087	-0.7334937500642174	9.588032068727146e-9
80	-0.00006408265778184772	-0.7459377641805468	1.089931053594872e-8
81	0.13703687355429298	-0.7334986403222332	1.0126305642761337e-8
82	0.27423739637320577	-0.6943685270731759	8.73524745380036e-9
83	0.40739013468479607	-0.6254833328130522	7.553035616760596e-9
84	0.5276640186073072	-0.5276638517798029	4.280615518866352e-9
85	0.6254881654853751	-0.40739509386393136	2.2303361443109905e-9
86	0.694376976350989	-0.27424644031217454	-1.455836588852947e-10
87	0.733511672037374	-0.1370503683155356	-1.7775118696406335e-9
88	0.7459549582248725	0.0000452368905789034	-2.227345474884538e-9
89	0.7335153086403275	0.13714131563978946	-2.111464249595624e-9
90	0.694384377173829	0.2743375346931378	-2.4820363779444866e-9
91	0.6254993937888678	0.4074847520492969	-2.219680419920673e-9
92	0.5276792094398746	0.5277548934497797	-2.904909613711417e-9
93	0.407409313661465	0.6255751013691683	-3.840163769699313e-9
94	0.2742606634788955	0.6944601338383942	-3.960795307899303e-9
95	0.13706414687664076	0.7335908837338322	-3.1160879685634156e-9
96	-0.00003235472700995498	0.7460321207395236	-2.758836101185458e-9
97	-0.13712900826845584	0.7335894444730005	-2.9290026986766216e-9
98	-0.274325453155539	0.694456324396766	-7.765408383839512e-10
99	-0.4074740795808981	0.6255683768260697	2.6879645857069114e-10
100	-0.5277442775112493	0.5277463971433018	1.3330652219182495e-9
101	-0.625564697831871	0.40747452232670817	2.6905994319699165e-9
102	-0.6944503556516678	0.2743242227162463	3.560099954784847e-9
103	-0.7335818795996099	0.1371258048706831	3.6554706309213424e-9
104	-0.7460227528209776	0.000026860420511565453	2.642849502346397e-9
105	-0.7335803668899386	-0.13707173023136085	3.291627794300659e-9
106	-0.6944476391934221	-0.27427081285451704	1.9999921657756893e-9
107	-0.6255603039845566	-0.4074211294653839	1.961665915357882e-9
108	-0.5277383827818748	-0.52769313823841	2.668564599101505e-9
109	-0.40746705282467116	-0.6255143671510027	3.2789304996102124e-9
110	-0.2743163701453403	-0.6944023856309031	4.573464600836859e-9
111	-0.13711861966146136	-0.7335354682182729	4.885440159191149e-9
112	-0.000020191674587868005	-0.7459774859740982	5.566655846349387e-9
113	0.13707780150014146	-0.7335362856281561	5.674616162190957e-9
114	0.2742760964544129	-0.6944041623117543	4.721947155420246e-9
115	0.40742641900894744	-0.6255183123048532	4.3373777188632226e-9
116	0.5276979694126994	-0.5276966905215941	1.3046599253498522e-9
117	0.625519729704159	-0.4074264450771846	-1.4486677176772718e-10
118	0.6944064818530028	-0.2742768215042876	-5.023589499310249e-10
119	0.7335393605957102	-0.1370791660415815	-1.5088377489671075e-9
120	0.7459814859066073	0.00001916294491796858	-2.2645449007658125e-9
121	0.7335400748394546	0.1371159014159651	-2.1485222250792735e-9
122	0.6944076157219956	0.27431272933609846	-2.440628651947223e-9
123	0.6255213370332382	0.407462520915243	-3.131827164874111e-9
124	0.5276997162052319	0.5277329329692952	-3.4093627876623927e-9
125	0.40742894848062955	0.6255547878869115	-3.4294444074525526e-9
126	0.2742791405558555	0.6944411369609176	-3.3707382690112576e-9
127	0.13708102090733518	0.733574165123159	-3.2917146176361415e-9
128	-0.0000166326793938999	0.7460158256872018	-2.737585684120653e-9
129	-0.13711405711965852	0.7335739387802692	-2.2157656849113877e-9
130	-0.2743121913908793	0.6944402907652417	-1.7930182382564349e-9
131	-0.4074617136833501	0.6255549160395856	-6.147275483610736e-11
132	-0.527732936593117	0.5277329132839076	2.5360294715009853e-9
133	-0.6255543722406733	0.4074621339174368	3.27566578678374e-9
134	-0.6944410776842754	0.2743120844632572	4.018459568634093e-9
135	-0.7335732646271432	0.13711425942444208	4.845110748506582e-9
136	-0.7460141944524211	0.00001717380222732742	4.012527782573751e-9
137	-0.7335743424649153	-0.13708182757720688	3.501158299724099e-9
138	-0.6944417177221102	-0.27427896594191875	1.9352417877936007e-9
139	-0.6255544404174135	-0.40742936489823506	2.0732720797421153e-9
140	-0.5277341572755528	-0.527699312933422	2.5927522200598053e-9
141	-0.4074633138720003	-0.6255206445154394	3.8165293022403914e-9
142	-0.2743137731739953	-0.6944072019264829	4.552060512344639e-9
143	-0.13711663556242512	-0.7335396131803071	4.519746004651357e-9
144	-0.000018709471067677826	-0.7459822954671275	3.902670653168568e-9
145	0.1370787680303134	-0.7335393655947711	2.6596676384665937e-9
146	0.2742766140585786	-0.6944066016006618	1.8241026653868063e-9
147	0.4074263090375498	-0.6255194867391604	-4.69322446672839e-11
148	0.5276970302479568	-0.5276985019318432	-1.896241487611286e-9
149	0.625517609946162	-0.40742577772279837	-3.76730546978781e-9
150	0.6944045118550254	-0.2742776643327705	-4.306444494794162e-9
151	0.7335363376784809	-0.13707960830483798	-5.187865725553133e-9
152	0.7459773345791348	0.00001986464208566705	-4.951893837034988e-9
153	0.7335354002178751	0.13711908055926816	-5.1780559686397795e-9
154	0.6944020463302406	0.27431684978975646	-3.4581240026522124e-9
155	0.6255144477102442	0.40746731760483895	-3.3274464179923536e-9
156	0.5276924087205342	0.527737849982523	-2.828374255621546e-9
157	0.4074215115080312	0.6255601851273018	-2.9661852074062247e-9
158	0.27427057164074903	0.6944479333384912	-3.0542634601129857e-9
159	0.13707199546022156	0.7335797881074428	-3.298563290008777e-9
160	-0.00002700152488474934	0.7460226056530911	-1.7249304399172377e-9
161	-0.13712462074579598	0.7335826738441732	-1.8981504338117845e-9
162	-0.27432314232939264	0.6944512431140836	-8.947901602307044e-10
163	-0.407474480259795	0.625565370421781	-9.828754216191975e-12
164	-0.527745788747412	0.5277444230593511	1.6906431164025792e-9
165	-0.6255686180501439	0.40747408056401924	2.375235463032693e-9
166	-0.6944556178812842	0.27432579898271414	4.160857655148553e-9
167	-0.7335892886721675	0.1371290680188755	3.6357300074999286e-9
168	-0.7460315702148907	0.00003348255981597498	4.347444702207198e-9
169	-0.7335907592187552	-0.1370628407089431	4.908676440250121e-9
170	-0.6944614921891253	-0.27426046209080746	5.166010791727277e-9
171	-0.6255749793246879	-0.40741073609913736	5.716416995655276e-9
172	-0.5277550624835404	-0.5276799409952769	6.0720295217627696e-9
173	-0.40748614404040157	-0.6254985460550465	7.209861955488162e-9
174	-0.2743366818693157	-0.6943851031197682	7.774017377828517e-9
175	-0.13714135432928626	-0.7335155181733194	8.866356378040928e-9
176	-0.00004610246981942374	-0.7459538049219199	8.761683743423183e-9
177	0.13704949755420076	-0.7335106911325815	8.011315492171491e-9
178	0.27424519839166406	-0.6943783949327773	8.554559186276823e-9
179	0.40739472119202735	-0.6254876530355218	6.336895715226981e-9
180	0.5276634955043668	-0.5276642121824554	3.2780237297104104e-9
181	0.6254830486964934	-0.40738932069564887	-3.132289542250764e-10
182	0.6943669309187722	-0.2742365851774986	-2.916049222136711e-9
183	0.7334983834179447	-0.1370381677572834	-3.7184932896041337e-9
184	0.7459372878491806	0.00006351612077388114	-5.4499613711061255e-9
185	0.7334937260936635	0.13716476108867864	-5.873534893146669e-9
186	0.694358022457853	0.2743659198369768	-6.93415965177161e-9
187	0.6254686898138972	0.4075191126236506	-6.5810452514878455e-9
188	0.5276439640763	0.5277939090728984	-7.150423010990299e-9
189	0.4073683692030443	0.6256167776228514	-6.652848670360296e-9
190	0.274214826578787	0.6945066157637564	-6.836386822567329e-9
191	0.13701375614227848	0.7336455532311814	-5.389453639650664e-9
192	-0.00008770013459769022	0.7460905181099747	-6.009716656761228e-9
193	-0.1371888494323146	0.7336551615050263	-3.902169130681373e-9
194	-0.27439164558542656	0.6945278001329285	-3.7007316145148525e-9
195	-0.40754575329742576	0.6256456189297693	-6.222465528812575e-10
196	-0.5278213428091677	0.5278319744582138	1.5856010971529512e-9
197	-0.6256469002271368	0.40756958434452795	3.5192555545408943e-9
198	-0.6945386747975288	0.2744251748689769	5.925509217463271e-9
199	-0.7336752770616681	0.13723561560572825	6.429086267638122e-9
200	-0.7461231157294047	0.0001461011263909468	6.68753673117247e-9
201	-0.7336889112549199	-0.13694393907923522	9.463537952485718e-9
202	-0.6945610924776754	-0.2741297314953208	8.764760799304478e-9
203	-0.6256821607721633	-0.40727324948238014	9.641435383058742e-9
204	-0.5278696750696372	-0.5275337227670975	8.974799255295915e-9
205	-0.40760719474114393	-0.6253483536429283	8.239888875073212e-9
206	-0.27446641828823104	-0.6942235559449439	7.953044987287795e-9
207	-0.13727883892588938	-0.7333435582039232	7.681774762497042e-9
208	-0.0001904165904327481	-0.745774615560575	7.935207083991437e-9
209	0.13689718279207275	-0.7333182307412149	8.55751258675608e-9
210	0.27408420934568806	-0.6941690917857046	5.497618281086644e-9
211	0.4072233626124803	-0.6252650431848272	3.6185500773668165e-9
212	0.5274826400286272	-0.5274234096445282	7.80356347060111e-10
213	0.6252924530918446	-0.40712941701379923	-5.817511058369896e-10
214	0.6941670074535115	-0.27395792644513833	-2.827468282337109e-9
215	0.7332845247120522	-0.1367388945220263	-4.908490790881e-9
216	0.7457123557575552	0.0003851809690108808	-4.58524622689133e-9
217	0.7332536288894962	0.13750992027916198	-5.525334899494789e-9
218	0.6941016973531213	0.2747350707816197	-4.994611979652953e-9
219	0.6251948554853002	0.40791406865850593	-5.1735018062790186e-9
220	0.5273514247363935	0.5282145407443608	-5.966211747100745e-9
221	0.40705631416475196	0.6260714808744834	-6.321885923884481e-9
222	0.2738803223825028	0.6949914752971593	-7.342817985719288e-9
223	0.1366553525645062	0.734164103904443	-7.649744628568792e-9
224	-0.00046994787593506164	0.7466478384891375	-6.933778997941839e-9
225	-0.13759581582176972	0.7342503479359671	-5.158257272867116e-9
226	-0.2748256232915936	0.6951752665688141	-3.173617605177684e-9
227	-0.4080098161293248	0.6263464122764405	-2.393473764000912e-10
228	-0.5283132896883731	0.5285928318201035	2.874883290900085e-9
229	-0.6261702429765704	0.4083949485232451	5.435463124536614e-9
230	-0.6950964226239226	0.2753269250520396	7.947562216874497e-9
231	-0.7342687222562062	0.13821626958102398	8.27029296672542e-9
232	-0.7467583409419615	0.0012055858008065221	6.355452983644015e-9
233	-0.7343685079447722	-0.1357929421089274	3.7178670926891317e-9
234	-0.6952943489135235	-0.27288416983019914	2.1508778892506834e-9
235	-0.6264700451080678	-0.4059144398497967	-1.5969148886744611e-9
236	-0.5287220050655319	-0.526061121099202	-4.50302870161162e-9
237	-0.40852822136122474	-0.6237489564255004	-6.653075733088754e-9
238	-0.2754630608045054	-0.6924859565866109	-7.990736728889547e-9
239	-0.1383544971901268	-0.7314571789076534	-7.888103083068009e-9
240	-0.0013538295064924647	-0.743711029817931	-8.384264270112078e-9
241	0.13564373248219955	-0.7310544508949428	-1.0888038698665958e-8
242	0.27273266037406463	-0.691678783517162	-1.0269251970208457e-8
243	0.40576407125314373	-0.6225087164182911	-1.1444111081775036e-8
244	0.5259074240374566	-0.5243602992776445	-1.1353792101838983e-8
245	0.6235909676839771	-0.40371675401019996	-1.0286207310131735e-8
246	0.6923248236626585	-0.27014164794795925	-7.932738238485418e-9
247	0.7312838321726548	-0.13246411939733327	-5.178660785861283e-9
248	0.7435270233849541	0.00519174726855548	-2.3187155844560966e-9
249	0.7308506593617006	0.14293626060603104	2.763775616604238e-10
250	0.6914380809429421	0.28089169793587376	1.353143323269501e-9
251	0.6222095492985961	0.4149497342789921	4.510882457269946e-9
252	0.5239553236725373	0.536316500271462	3.843418167797436e-9
253	0.40311358770577277	0.6354834205843519	2.458395519582983e-9
254	0.26917663062748476	0.7060751302793543	1.1549282055525325e-9
255	0.1308090461230118	0.7473948417299001	-2.4653265205993945e-10
256	-0.008169944394890076	0.7626414675931378	-2.572301101940014e-9
257	-0.14842918585451736	0.7536020379749114	-1.9645577946345296e-9
258	-0.29081527596955736	0.7179045730337004	-2.899147052018925e-9
259	-0.43130288482119516	0.6509116280308322	-6.142209384610983e-12
260	-0.5588843775073193	0.5517085645356029	-1.2000046956989938e-7
261	-0.6604465748675377	0.42804150322665113	7.46383617650941e-9
262	-0.729579540164048	0.29317522580128896	3.703885554814673e-9
263	-0.7687522750236775	0.15710094464000599	-4.901328292884679e-10
264	-0.783141759551508	0.0225397396503203	6.346069964671597e-10
265	-0.7749580992360157	-0.11244605554972636	-1.384134078392539e-9
266	-0.7414104348185061	-0.24993046616063835	-1.0575915740035612e-9
267	-0.6758687518583347	-0.3868024151966594	4.795865010963115e-10
268	-0.5742732996850581	-0.510326823927334	-2.3014968125414392e-8
269	-0.44440001301836246	-0.6028746014170175	-2.7971509280285546e-9
270	-0.303110452498218	-0.6554545059631351	2.51157659044369e-9
271	-0.16262475418091193	-0.6704722397183283	-1.986671429666615e-9
272	-0.025571590803982813	-0.6530634619975385	-5.169468544084238e-11
273	0.11072619341836343	-0.6069257409510934	8.29461958652811e-10
274	0.24888828449371528	-0.5372937551289739	2.686145541381275e-9
275	0.3861208784221097	-0.4523249232976251	-1.7546234569230217e-9
276	0.5098411125005183	-0.3568192497984394	5.8381617236980575e-8
277	0.6025002509646232	-0.2517056934089553	3.6256625297991787e-9
278	0.6551444129592859	-0.1427172519728513	6.376681746548329e-10
279	0.6701996029816859	-0.041391577227379905	2.2180057721641388e-10
280	0.6528157751290069	0.04069655249896419	1.6931857255689424e-9
281	0.6067002509164166	0.09948854037347449	-8.740561989165586e-9
282	0.5370761549276744	0.14191668187849152	-1.750015358211715e-7
283	0.4521200228962906	0.17716045818228027	-1.716172620656335e-8
284	0.35662159573388347	0.20473089819245888	1.4900533140020316e-9
285	0.2515070964624754	0.21363572709781645	-1.8049272381689178e-9
286	0.1425271482951394	0.19696406225749066	1.5995672908096432e-9
287	0.041206214137279935	0.1634914547782395	-5.21157467669953e-10
288	-0.04087418961619341	0.12816428202580554	-7.140331613383638e-11
289	-0.09965653715089454	0.09909485531212046	1.0007669543103115e-9
290	-0.14208224929872687	0.07737421503223017	-1.342667356823267e-9
291	-0.17731401706327227	0.06148188992895688	6.241237533450116e-9
292	-0.20488491371567358	0.04974587117746088	-2.9716650211522577e-9
293	-0.2137882441843321	0.040915259969614044	1.2610902893035172e-8
294	-0.19710502065694271	0.03412104376080098	-4.187908925691405e-8
295	-0.16362643256860532	0.028792978508398147	-1.5546355772867003e-8
296	-0.12828936643758299	0.02454371912881598	2.4930211263341504e-10
297	-0.09922295171230171	0.02110293316407675	5.072430948752453e-10
298	-0.07749255674311617	0.01827552020911244	-1.432939755726744e-9
299	-0.061596658220646416	0.015933853848190124	6.709914516821246e-10
300	-0.049858070350806936	0.013974041365064215	-9.174728306805967e-10
301	-0.041021224296029196	0.012308171017868174	4.911859012726316e-10
302	-0.034223906436231855	0.010890460244884173	5.257100645952486e-10
303	-0.028894259744283838	0.009677017075263725	-1.0509736332184588e-9
304	-0.024636105314945457	0.008627402606581836	-8.574397772447309e-10
305	-0.021192826261675915	0.007716921414921854	-2.4133863884266695e-10
306	-0.01836198007250285	0.006926537271817267	-6.905075513559445e-10
307	-0.01601415721376665	0.006230460983815503	1.742951882939605e-10
308	-0.014045036637099734	0.005620225795871075	-2.9109283052153895e-10
309	-0.012381391018793006	0.005085890318979391	4.872901138514508e-10
310	-0.01096250336350557	0.0045989184473597304	-3.2246435502736035e-11
311	-0.00974744420846799	0.004179340942754383	2.687568274544756e-10
312	-0.008696475015429278	0.0037877065326457652	3.340739336359996e-11
313	-0.007784355431050988	0.003458659271090539	4.807559126073786e-10
314	-0.00698627159178848	0.003155554237276779	-2.0481217726531022e-11
315	-0.00628943532067353	0.0028789115833699015	4.3899948491092373e-10
316	-0.005675309820801393	0.0026351086027804936	1.4254366186144085e-10
317	-0.0051362793593025076	0.0024100088632704087	-5.89958424768646e-11
318	-0.004653781649403849	0.002210430138365581	-1.282451103448369e-9
319	-0.0042253639564272605	0.002026318035045846	3.6931779532388993e-10
320	-0.0038449086308848038	0.0018646389948437654	3.655457103912563e-10
321	-0.003503097743433756	0.0017191950384893872	-5.6236657493283e-10
322	-0.0031982056185598535	0.001585780592259413	-2.986924764419312e-11
323	-0.0029230573603162037	0.0014601047899264947	-1.4413553725151743e-10
324	-0.0026750405091385838	0.0013482976829009658	3.07099193708428e-11
325	-0.0024524799075914213	0.001235794300813365	-4.6227404070140703e-10
326	-0.0022507911170970207	0.0011439720548473587	1.9875224720510685e-10
327	-0.0020685915074539285	0.0010684880169049482	3.9071178723505026e-10
328	-0.0019022086972694783	0.0009864624392647633	9.577571274713918e-10
329	-0.001748572545274251	0.0009167248692809937	-2.129134778514765e-10
330	-0.0016189078485281385	0.0008501399777874958	1.0330309029132744e-10
331	-0.001492888844179735	0.0007915376708416829	-1.1511809236632812e-10
332	-0.0013784216183659282	0.0007318328462969405	3.7644434379285094e-10
333	-0.0012740831288718755	0.0006831123574092358	8.01325330589907e-10
334	-0.0011802715725340745	0.0006371855354765933	-2.0078903234156252e-10
335	-0.001093082916453455	0.0005850529821364057	5.109568734897211e-10
336	-0.001012651327011657	0.0005494914101841955	5.948478657669279e-10
337	-0.0009392873904024811	0.0005148981431465626	4.855857532614175e-11
338	-0.0008734525429214966	0.0004806419900752313	-6.618538662517348e-10
339	-0.0008133672055788562	0.00045225765288304544	-6.78715735913593e-10
340	-0.0007554073150713934	0.0004207852178699667	-3.5569516954317566e-11
341	-0.0007036444850961623	0.00038347620364515705	-8.013650158003733e-10
342	-0.0006559317969635636	0.0003661284237735177	-3.1665259549763193e-10
343	-0.0006132224972420265	0.00034054795093363974	6.492599768294163e-10
344	-0.0005731338095845426	0.00031831001232008964	-8.323656331035978e-10
345	-0.0005331368860331405	0.0002986687882354853	-6.179940555941634e-10
346	-0.0005001653774149746	0.00028042161503392016	-2.479165286607015e-10
347	-0.0004651261992514283	0.00026525336699002205	-5.714613645220232e-11
348	-0.00043610430027262543	0.00024832390217347856	-4.793524212477107e-10
349	-0.0004095248122032319	0.0002326326961212675	-3.0841661401476107e-11
350	-0.0003819473417348862	0.00021945698991018408	-4.3957974663439386e-10
351	-0.00035767121887534254	0.00021040647848118526	4.1620611050718594e-10
352	-0.0003382829153899387	0.0001922909405989424	2.0384078935578961e-10
353	-0.00031463246982945645	0.00018484956384047562	-3.882594411859404e-10
354	-0.0002991390396693799	0.00017436906290498164	9.773439762753437e-11
355	-0.00028054346321881976	0.00016159237151109436	9.551861524927986e-10
356	-0.00026077901403179877	0.00015272373202470657	1.6819369934380268e-9
357	-0.0002471343753296565	0.00014908763636682445	-4.1539383974049555e-10
358	-0.00023443650888410494	0.00013875086745149143	-1.1685193139212275e-10
359	-0.0002203408214768016	0.00012571502380060606	3.9121736834294355e-10
360	-0.00020771203057830823	0.00012429167515261739	-3.793197869310465e-11
361	-0.00019612481246697377	0.00010788128649234178	5.807490894487802e-10
362	-0.00018565882959984694	0.00010551933357507787	-1.5899437764831462e-10
363	-0.00017577450224818547	0.00010063992424072242	2.941407410268114e-10
364	-0.00016800100105113258	0.00010353341514070228	-2.874992490962415e-10
365	-0.00015409187568354022	0.0000903075296161815	-7.286947727939199e-10
366	-0.00014931135376055103	0.00008126720147972314	-1.0861703231871008e-10
367	-0.0001411118159846729	0.00008308514787856136	9.188200681093239e-11
368	-0.00013278042213275574	0.00007665877060900536	-1.1032749895693414e-12
369	-0.00012674813160513376	0.00006975414079102911	3.712961728881408e-10
370	-0.0001172177396546976	0.00007505935401112043	-2.1683344876538023e-10
371	-0.00011332195046551559	0.00006831198532915769	1.755965888563985e-10
372	-0.00010894581267457252	0.000060749312734921697	8.403131143482159e-10
373	-0.00010334205700145903	0.00005642353879653622	-4.2843300441536904e-10
374	-0.00009733830851482699	0.00006419445731050246	-2.511567669567814e-10
375	-0.00009310893787039044	0.000058554268811726454	-8.673386839807894e-10
376	-0.0000910106434072668	0.00005299493921609333	-1.9292999135091553e-10
377	-0.0000812016088214997	0.00004932267619194952	2.6470336522293316e-11
378	-0.00008026563954899882	0.00004793919964744689	4.5737814001710084e-10
379	-0.00007597911788648989	0.00004468329433595942	-1.0238236716213346e-10
380	-0.00007181321226613984	0.000039385455623262876	-4.35327402485626e-10
381	-0.0000696675797391069	0.00003808451437661007	5.233595712079577e-10
382	-0.00006802819684296897	0.00004021685486998327	-8.017681922991242e-10
383	-0.000060480398055460654	0.00003145619398883307	-1.1535791307099122e-9
384	-0.00005886539790960762	0.000022465757711685112	-8.057374793369261e-10
385	-0.000057650244603612225	0.000033894332419762545	1.292997458880077e-10
386	-0.00005531348406717031	0.00003538072231538093	3.3354290940533976e-10
387	-0.00004996479847912138	0.000031951209263000245	-7.77298336331092e-11
388	-0.00004670609921821306	0.00003152818484487568	-4.1143352236273974e-10
389	-0.00004762555110973428	0.00002854356949316496	1.0215276222974299e-10
390	-0.000042241291692194546	0.00003049297235626818	-1.0519600444974355e-9
391	-0.00004505771900824808	0.000027486123602019286	-4.864640820176116e-10
392	-0.000040926439999327515	0.000021343955198617484	7.396757990720954e-11
393	-0.00004211990873320599	0.000017067404938596656	6.594956767058996e-10
394	-0.000038876446465331805	0.000025231545510721477	2.0112211047641877e-10
395	-0.000033971038141243186	0.00002485386336187849	-1.7213468046635618e-10
396	-0.00003558993776170387	0.00002608267488828832	2.9144903236101566e-10
397	-0.00003000191554147604	0.000016064094429472055	-1.39422138631925e-10
398	-0.00003150524628470018	0.000016422236118694895	-5.744955500210927e-10
399	-0.000030021572328039483	8.622987669449766e-6	-1.0639395726204423e-9
400	-0.000030485630504836018	0.00001824500902033572	-1.3519372860651706e-10
401	-0.00002880388530760957	0.00002468225000819643	-1.6711761967069457e-10
402	-0.000027660751187751467	0.000018931177452324155	2.917790965093644e-10
403	-0.000026681328408338952	0.00001068473007653019	-1.6351730786666675e-10
404	-0.000024240720747779667	0.00002086949915908804	8.507447024906716e-10