-96	-0.00011374495050712621	0.0002061478238560867	-3.3254881627329643e-10
-95	-0.00012047592562060337	0.00021852595670257552	-9.064477912621932e-10
-94	-0.00012766385938639546	0.00023178207828337613	2.3628736736849175e-10
-93	-0.0001353436268472892	0.00024598940390118155	-1.3894867886543401e-10
-92	-0.0001435551647240146	0.0002612251030093922	-1.4262230593046802e-10
-91	-0.00015233817845930163	0.0002775772209875878	1.4539459684508234e-10
-90	-0.00016173804394293268	0.00029513711888838915	-1.7034622535410017e-10
-89	-0.00017180430739557062	0.0003140059390730263	-1.5736099278309144e-10
-88	-0.00018259104724160027	0.000334295627840012	-3.7599760733820273e-10
-87	-0.0001941551043430553	0.00035613111567645803	1.2387398465124098e-10
-86	-0.00020656267818269564	0.0003796463192798985	-1.9158960681895544e-10
-85	-0.00021988007266005776	0.0004049877586140217	-7.928145192508634e-10
-84	-0.00023418573798764922	0.0004323173220498778	-4.570837869285408e-10
-83	-0.0002495623908036446	0.0004618150351924948	-9.826777601943718e-10
-82	-0.0002660999852832202	0.0004936758033336058	-5.419260357602629e-10
-81	-0.00028389767504947413	0.0005281164101876151	4.794795958008835e-10
-80	-0.0003030654184584164	0.000565376155605095	-7.851038260683546e-11
-79	-0.0003237219829781968	0.0006057181848531246	8.318961647932741e-10
-78	-0.00034599810315203106	0.000649436458965356	-8.346497142683144e-10
-77	-0.00037003918541617873	0.0006968511039078485	1.6531326440995515e-10
-76	-0.00039600249944111505	0.0007483205893593286	-5.610828550937691e-10
-75	-0.00042406263981290774	0.0008042446685823701	4.92103734081562e-10
-74	-0.0004544120219522108	0.0008650621977948457	5.316876626633193e-10
-73	-0.00048726198870334295	0.0009312641130242881	-8.753750491172436e-11
-72	-0.0005228461632982667	0.0010034001281616926	-4.3554510002958944e-10
-71	-0.0005614230419690328	0.0010820798724784629	-4.66231310960744e-10
-70	-0.0006032784008252306	0.0011679901239678501	-2.4961685801838284e-10
-69	-0.0006487295168963625	0.0012618929129698635	-4.252596470493992e-11
-68	-0.0006981266117404257	0.001364649544870457	6.476811041213152e-10
-67	-0.0007518607970567074	0.0014772312124876953	-4.134145001295763e-10
-66	-0.0008103643843940798	0.0016007226272239116	-3.891158694945631e-11
-65	-0.0008741206652794147	0.0017363609288694483	-2.1006835344904296e-10
-64	-0.0009436686672614543	0.0018855402038324312	7.771190783306911e-10
-63	-0.0010196098119986932	0.0020498474428764053	2.8658743047158665e-11
-62	-0.0011026160049349863	0.0022310922539561452	-7.632842813884894e-10
-61	-0.0011934440901868737	0.0024313378417973003	4.935501438012616e-10
-60	-0.001292940055521166	0.0026529563822333584	-4.133752393698383e-10
-59	-0.001402058557456541	0.0028986744510659857	-1.9455302062050938e-10
-58	-0.0015218756670026393	0.0031716463876866425	-5.751635542798368e-10
-57	-0.0016536073843931918	0.003475530973041385	-9.365103187718912e-11
-56	-0.001798632732966603	0.0038145946387350125	-3.6260446513773726e-10
-55	-0.001958520986791309	0.004193835136366334	-9.781804256864691e-11
-54	-0.0021350581413441686	0.004619141032223641	-6.133748553969595e-10
-53	-0.002330289070849693	0.005097482895455942	5.484828808787945e-10
-52	-0.0025465592988321677	0.00563716943835126	-1.044201266922245e-9
-51	-0.002786569591363473	0.006248167221106607	9.665207705565941e-10
-50	-0.0030534450140243968	0.006942503045793067	-9.849174382506434e-10
-49	-0.003350812499936027	0.00773482169092935	-4.238922550579751e-10
-48	-0.003682904342122523	0.008643077283604632	-6.890624349186469e-10
-47	-0.004054679475823607	0.009689490268256383	1.3964277592708439e-10
-46	-0.00447198240084095	0.010901815194821762	-1.2325096624530348e-10
-45	-0.004941740657004137	0.012315087670713553	-3.74571341453269e-11
-44	-0.005472207297815553	0.013974043729167824	-5.07710027372161e-10
-43	-0.006073291645935697	0.01593653967880797	-1.6774984586044775e-10
-42	-0.006756961558127054	0.018278495960470202	-8.544368900041847e-11
-41	-0.007537785050475263	0.02110114831735307	-4.6026489840176953e-10
-40	-0.00843363933705538	0.024541985843204536	2.609491336432251e-10
-39	-0.00946665530319414	0.028791611466977778	-9.539929147794821e-10
-38	-0.010664486463491975	0.034120278439386156	-8.381419395530428e-10
-37	-0.012062054508766231	0.040920306669426636	9.839031595659381e-11
-36	-0.013703966393779379	0.04977369264826899	-2.066550360437552e-13
-35	-0.015647937523399668	0.06155466833156298	-9.161765348904834e-10
-34	-0.017969720009670703	0.07755774651024742	3.324099353955169e-10
-33	-0.02077036057310013	0.0995335349090914	-8.557822298784261e-11
-32	-0.024187138668098507	0.1291219939701281	-7.890175965663678e-10
-31	-0.02841041035493238	0.1653815689576826	-8.247917287210529e-10
-30	-0.03371015413455757	0.19997764167318147	-1.2567050699438816e-9
-29	-0.04047838142539953	0.21721739902629533	-1.943888528000959e-9
-28	-0.04929673487545496	0.2078104747651621	-1.2214726769100059e-9
-27	-0.06103908124027011	0.17919454989483857	-2.2524117902838323e-10
-26	-0.07699955320842554	0.14314935439481002	4.4289201516532165e-11
-25	-0.09892845183548173	0.10036008392820747	8.546357025335209e-10
-24	-0.12846563211487583	0.04157692022050291	-5.152154243155679e-9
-23	-0.1646698393564229	-0.04020076190266824	9.19335450881178e-9
-22	-0.19920713172868618	-0.14083556328794103	6.325443629522403e-8
-21	-0.2163851345331126	-0.2484915625392873	-2.6646284236613865e-9
-20	-0.20691363692122988	-0.3511169309692234	-6.715857039750484e-9
-19	-0.1782324599134776	-0.4423443083432528	-1.6714532257254916e-9
-18	-0.1421290432501506	-0.5213148419698215	-1.8320269395112286e-9
-17	-0.09930597585032015	-0.5846671318332083	-2.209063229254471e-9
-16	-0.040549089690929754	-0.6257224102115748	1.3289228270980033e-9
-15	0.04106876796318098	-0.6396725986697592	7.900514063549307e-12
-14	0.14125659799976353	-0.6233098396579523	8.31854049324028e-10
-13	0.2478712589634943	-0.5731803399715312	-3.211682264950401e-9
-12	0.3483381820966281	-0.48822815766157485	-1.972521241327223e-9
-11	0.4357476476836567	-0.3745880537185545	-1.3169704739141388e-8
-10	0.5094754824979657	-0.24466545326787847	5.168803453770329e-8
-9	0.5677411647054684	-0.10983115376544761	-3.295721967317486e-9
-8	0.6055144527339126	0.02498328981359211	5.133609379772291e-10
-7	0.6184777778012669	0.15989131112653268	-3.580162568814407e-9
-6	0.6033846117263975	0.2951053191409214	-2.6187986363212654e-9
-5	0.5568114796971642	0.4265263246693612	1.6985672703205043e-9
-4	0.47719530496215024	0.5453192670249422	-5.8694206546893634e-8
-3	0.3690145892503765	0.6418792351751942	-1.3323003042328836e-8
-2	0.24311587531735143	0.7096649546882542	-4.3431809394600714e-9
-1	0.11066455091897558	0.747792886506045	-9.3136201340827e-10
0	-0.02284584675940862	0.7592750600885313	-2.794809746243319e-9
1	-0.15699780969766947	0.7458847709195529	-2.3407098824992912e-9
2	-0.2916939735102301	0.7057951644857154	-2.2015687055952146e-9
3	-0.42268766114941947	0.6359393533743898	-1.4510802307392893e-9
4	-0.5410920781810449	0.5371553132942326	-3.603532671128696e-10
5	-0.6373090143070927	0.41596311469412395	2.077071917797739e-9
6	-0.7048321441778408	0.2819643187843773	2.311957520775288e-9
7	-0.742809763217119	0.14400312306898827	2.927605648941806e-9
8	-0.7542685509431457	0.00622960654707942	2.888394104002654e-9
9	-0.7409846892801643	-0.1314580893101168	2.292441052221918e-9
10	-0.7011267218873911	-0.2691644961890892	1.8165634870279352e-10
11	-0.6316116888229947	-0.4027493515455765	-2.6570283156837503e-9
12	-0.533243471932278	-0.5233920902749052	-5.754461747943884e-9
13	-0.4124963974680428	-0.6215353619492261	-8.047614394210111e-9
14	-0.2789299940025738	-0.69071014885153	-9.902102160098517e-9
15	-0.14136139472522236	-0.73010560073476	-1.1381360990424945e-8
16	-0.003932034871629141	-0.7427844414325295	-1.3160810498060586e-8
17	0.13345593380902354	-0.7305552688193564	-1.4109078593148783e-8
18	0.27089881678106564	-0.691619586240112	-1.582885772085509e-8
19	0.404251287480887	-0.6229295702059987	-1.652523461946173e-8
20	0.5246921803869008	-0.5253170795174126	-1.727017898620183e-8
21	0.6226652246646905	-0.40526907936129986	-1.6179978865360397e-8
22	0.691701154138422	-0.2723467850200324	-1.5105500672017894e-8
23	0.7309841972589136	-0.13536635003509243	-1.2330389476589864e-8
24	0.7435699157519705	0.0015269033071885134	-9.324599887290053e-9
25	0.7312621741514206	0.13842295390916617	-4.714830613106316e-9
26	0.6922629935233886	0.27540862606637434	-2.2558527981774228e-9
27	0.6235267803349491	0.40833433947577186	7.312751384273525e-10
28	0.5258849421762147	0.5283833581393234	1.930128719473223e-9
29	0.40581959702373965	0.626007283222169	2.9700639801873013e-9
30	0.27288575522873365	0.6947416496634545	7.112621460647488e-11
31	0.13589441930966503	0.7337662995973089	-1.8692399525342556e-9
32	-0.0010101473404182922	0.7461279656487183	-4.06532809660084e-9
33	-0.13791429851055906	0.7336237003731759	-6.53533414224015e-9
34	-0.27490201205684356	0.6944536979139276	-6.932742964855495e-9
35	-0.40782409350982274	0.6255722876713151	-5.295337014406823e-9
36	-0.5278685901738723	0.5278079843296786	-4.330964243767599e-9
37	-0.6254926907373852	0.40763689790899077	-1.9124767398029275e-9
38	-0.694234872149169	0.274607672997329	-2.8474576028282304e-10
39	-0.7332743256660902	0.1375258784155905	3.734501214670943e-9
40	-0.7456535304359154	0.0005348054465216204	5.5717964761830174e-9
41	-0.7331678180854149	-0.13644874615831026	7.847842808261498e-9
42	-0.6940197020415217	-0.27350570796672163	1.1371361659803222e-8
43	-0.6251684510224487	-0.40648829531293923	1.2614595837324107e-8
44	-0.5274440097735402	-0.5265889952247961	1.4493936353194774e-8
45	-0.4073190527719204	-0.6242684977006955	1.630660869978564e-8
46	-0.2743374560069428	-0.6930681398753228	1.6009686575429366e-8
47	-0.13729913598949087	-0.7321664506188198	1.566643257798237e-8
48	-0.00034773308473046025	-0.7446028483337616	1.456993724149853e-8
49	0.1365965328701764	-0.7321711649069057	1.2335792065800006e-8
50	0.27361120932434174	-0.6930771497924706	1.0260953724829312e-8
51	0.40654869959571843	-0.6242859242534136	7.416102259966986e-9
52	0.5266061939757435	-0.5266294492102543	3.192263194936987e-9
53	0.6242505316082636	-0.4065770620221172	1.8029714576918471e-9
54	0.6930265737739534	-0.273667762455692	-6.123971101480597e-10
55	0.732111652889968	-0.13669715232743263	-1.0149586942557193e-9
56	0.7445402223242382	0.00019173034532114322	-1.2734455785764666e-9
57	0.7321046207557739	0.13707522767816288	4.968047204209451e-10
58	0.6930122076817824	0.27402631199027583	1.829296758234375e-9
59	0.6242321210218859	0.4068983865661479	2.9098069138274648e-9
60	0.5265976782104019	0.5268939830183931	3.4507087914780276e-9
61	0.40657518129399817	0.6244854282641121	2.365649484000466e-9
62	0.27369757502322656	0.6932221062060646	1.5298320266206785e-9
63	0.13675561687545018	0.732279931817195	5.947161779888521e-10
64	-0.00010828495645928308	0.7446880360844204	-7.071777113170791e-10
65	-0.13696658920509386	0.7322364191850476	-7.593673091844072e-10
66	-0.27388914302337714	0.693135193985286	-9.086342764755795e-10
67	-0.40672898439670496	0.6243565708668012	-7.372023884580231e-10
68	-0.526693965288473	0.5267352707373494	6.410195849465656e-10
69	-0.6242619829945405	0.4067338688581212	3.0375310482025137e-9
70	-0.6929853688132895	0.27387989743971847	5.2520809417370735e-9
71	-0.732039075400817	0.13695824559236003	6.016440349525375e-9
72	-0.7444483640911983	0.00011153667741087006	6.443670679131778e-9
73	-0.7320006221721349	-0.1367288215019147	7.931488528033997e-9
74	-0.6929076272494166	-0.2736294964943472	7.90351112190919e-9
75	-0.6241473841542752	-0.4064445869751111	9.551305106403827e-9
76	-0.5265544735504392	-0.5263857474676311	1.050314617231699e-8
77	-0.40658897960824675	-0.6239366259340201	8.60977750138548e-9
78	-0.2737719653057783	-0.6926524562891598	9.504716285835019e-9
79	-0.13688499676967222	-0.7317074732681619	1.0742123275600646e-8
80	-0.00006905490603579945	-0.7441220763550744	1.0386408157910247e-8
81	0.13674073546901977	-0.7316821711474165	8.57136136345539e-9
82	0.27360732677281896	-0.6926017542601052	6.360280000707145e-9
83	0.406384779398283	-0.62386313406068	3.366202292702424e-9
84	0.5262904528947936	-0.5263019229022224	1.1313045708642911e-9
85	0.6238123646903556	-0.40637543569983064	-1.8353318629232982e-9
86	0.6925107378776377	-0.27359952107524776	-3.6853385398443558e-9
87	0.731557740706262	-0.13674977874316643	-4.7086380702508056e-9
88	0.743969951694049	0.00003177493887234522	-4.009906414645816e-9
89	0.7315304939983596	0.13680852484474246	-3.055840428129127e-9
90	0.6924557844053861	0.27363755095911085	-3.739785122863742e-9
91	0.6237321951447895	0.4063745658421168	-2.513059441268175e-9
92	0.5261975893773135	0.5262415866658964	-1.6552711348893882e-9
93	0.4063043823611016	0.6237328495019882	-2.398782780774842e-9
94	0.27356365079217454	0.6924111055367758	-1.780466070228625e-9
95	0.1367462476248135	0.7314480706009209	-1.8762819446143977e-9
96	-7.932442352791708e-6	0.7438559166102519	-2.0655271851455554e-9
97	-0.13675565731492137	0.7314146163658423	-2.6295995974633497e-9
98	-0.27355318007855717	0.6923445151004919	-1.7811928067953216e-9
99	-0.40625449210103437	0.6236352721566636	-1.77780180514675e-9
100	-0.5260879864542313	0.5261249810538458	-3.1576913818550564e-10
101	-0.6235527282877797	0.40626418539678033	1.6048661111503103e-9
102	-0.6922159522464434	0.2735572213798107	2.075470239079296e-9
103	-0.7312465351275533	0.13677008621073777	2.1154411766545476e-9
104	-0.7436534081188889	0.00004364603759501821	1.6367525826150265e-9
105	-0.7312150182627876	-0.13667734792274577	2.118626795086849e-9
106	-0.6921511008050605	-0.2734437564190526	1.9028820545271266e-9
107	-0.6234582957577082	-0.40611104291508926	1.6432986030571442e-9
108	-0.5259757746990906	-0.5259120002149164	2.9809968618660752e-9
109	-0.4061497092626293	-0.6233522741861965	3.092741483951932e-9
110	-0.2734791309311642	-0.6920001979687734	3.6115259477771835e-9
111	-0.13672549453145696	-0.7310262632211311	3.479894111374178e-9
112	-0.00002831322093515559	-0.7434323356327851	2.788404036915144e-9
113	0.1366620330973186	-0.7309965221097817	2.6493119267502766e-9
114	0.2733954543920405	-0.691940352819855	1.117098151796894e-9
115	0.40602625969508727	-0.6232640371359723	-1.0592763648637277e-9
116	0.5257922885268889	-0.5258108972088145	-3.86344724116281e-9
117	0.6232042106846126	-0.4060196661573626	-4.235539839259647e-9
118	0.6918358509207413	-0.27338631211096714	-5.0988749657495285e-9
119	0.730854554554479	-0.13666662496394796	-5.246292849978509e-9
120	0.7432595022060425	-6.83175095678775e-7	-4.1041917724511375e-9
121	0.7308246013771511	0.13666062839533638	-2.2275502353033397e-9
122	0.691775258532767	0.273359473302592	-6.35179522254168e-10
123	0.6231158518253841	0.4059532156568583	1.1328971438438851e-10
124	0.5256884161157025	0.5256831675858181	4.843489272028127e-10
125	0.40593192720595583	0.6230676642858398	1.3271222356028488e-9
126	0.2733347933034241	0.6916816327858142	1.3216026423829504e-9
127	0.13664788342447004	0.7306925688720403	1.7460396993983502e-10
128	0.000010302484379614202	0.7430950900429553	1.0515503082362504e-10
129	-0.13662100047024833	0.7306621308267123	2.3798480689624513e-9
130	-0.27328688813393365	0.6916173832214001	2.586093096839481e-9
131	-0.4058444053410141	0.6229744394448103	4.823053568813587e-9
132	-0.5255409811313801	0.5255734440327174	5.163336746283998e-9
133	-0.6228976294084034	0.4058506279861334	7.344892526041262e-9
134	-0.691495687989588	0.2732897188013169	7.389074965890086e-9
135	-0.7305003957864518	0.13663535120006876	7.491709623062582e-9
136	-0.7429021723658047	0.000026220675862286987	7.648170648488604e-9
137	-0.7304690700752637	-0.13657553564653974	6.124554406088779e-9
138	-0.6914326860198707	-0.27320913939828756	5.33455556780483e-9
139	-0.6228056781923758	-0.40573074851005525	4.4954839037434376e-9
140	-0.5254325117523426	-0.5253927836272161	3.1738099158569355e-9
141	-0.4057448710771884	-0.6227229953311727	3.1425996028994117e-9
142	-0.27321988690454574	-0.6913048535889652	2.1550469452293473e-9
143	-0.13659909264945164	-0.7303042356665305	2.0268745002300967e-9
144	-0.000019760688463603293	-0.7427039066562102	1.0097162937487947e-9
145	0.13655230411926542	-0.7302722676368475	7.774077661194756e-10
146	0.27315233339983164	-0.6912435269660813	-1.6356144997185258e-9
147	0.40563752996160934	-0.6226325431425517	-3.9932595478002585e-9
148	0.5252653336729194	-0.5252863183556798	-5.1839843744360596e-9
149	0.6225671612651099	-0.40563508246243485	-6.238643226929534e-9
150	0.6911323979485482	-0.27314579768520675	-6.681382562628639e-9
151	0.7301246081982795	-0.13655796328316164	-5.438585700862859e-9
152	0.7425234808520725	-9.505860438075337e-6	-5.1528007979367105e-9
153	0.7300932091456969	0.13653306081936384	-4.15069280288204e-9
154	0.6910705686849236	0.27309943570865963	-3.7077776110242304e-9
155	0.622476699793417	0.4055477712233444	-2.7725536333960294e-9
156	0.5251583559313315	0.5251401253990552	-3.3316020590862277e-9
157	0.40553956148165593	0.6224135825519138	-3.695220178007184e-9
158	0.2730882555559246	0.6909632591728789	-5.471181779923627e-9
159	0.13653405024359894	0.7299481067892226	-7.259739127640967e-9
160	0.000015289134060276808	0.7423443046494871	-6.731726102393721e-9
161	-0.13649823492015886	0.729916158208173	-7.75928021292302e-9
162	-0.2730317926929558	0.6909002450793771	-6.791618645356591e-9
163	-0.40544312385907344	0.6223217498039836	-6.292204556202329e-9
164	-0.5250005255047074	0.5250302829130125	-5.08389276089416e-9
165	-0.6222473250285602	0.40544792893444254	-3.5545503766497737e-9
166	-0.6907802386593238	0.27303125486210494	-2.2069504194966154e-9
167	-0.7297578974706764	0.13651098254378516	-1.7668657125382455e-9
168	-0.7421528151970131	0.000022042054594146393	-1.0761392930272477e-9
169	-0.729726826558086	-0.13646148811707884	-8.886612041968825e-10
170	-0.6907171882350196	-0.27296196529115324	-1.824032670848215e-9
171	-0.6221551502461568	-0.4053372548001448	-9.37882206549048e-10
172	-0.5248926524049087	-0.5248595380881029	-9.827907397477859e-10
173	-0.40534401060498093	-0.6220801362658221	1.0622023125305015e-9
174	-0.27296576993210514	-0.6905958408702554	3.459664183108716e-9
175	-0.13647774627503603	-0.7295673024390588	4.8167868057098095e-9
176	-0.000017756546869912724	-0.7419586368540425	6.357135763110755e-9
177	0.13643523398463447	-0.7295360814373523	6.61272448471057e-9
178	0.272901769554722	-0.6905327201496895	7.433482527290918e-9
179	0.4052406905736979	-0.6219885006290023	5.582754884095637e-9
180	0.5247287737354686	-0.524752527673806	5.684066731191814e-9
181	0.62192085739794	-0.4052395443754846	2.9725400789857807e-9
182	0.6904188335059488	-0.27289700160409947	2.0590247017844003e-9
183	0.7293834093616998	-0.13644512458592467	2.8228632458842774e-10
184	0.7417754404951552	-0.00001539990864504345	6.395503840893907e-10
185	0.7293520588992648	0.13640876404861327	7.668174800627689e-10
186	0.6903557510848506	0.27284201576602524	7.414817032192051e-10
187	0.6218285292738024	0.405143086764591	1.225853189561808e-9
188	0.5246194154198747	0.5245955785651807	1.2292222167087956e-9
189	0.40514074295605357	0.6217601579247432	6.391676051949625e-10
190	0.27283707003656593	0.6902428345245558	5.087429924916137e-10
191	0.13641595752008343	0.729199658534572	5.384536351163448e-10
192	0.000017401168011190364	0.7415901943502303	2.189533472996485e-10
193	-0.13637775564954643	0.7291695596824778	-3.601748360783612e-11
194	-0.2727761133309555	0.6901808237200309	8.756599664723323e-10
195	-0.4050412822876011	0.6216681045277652	2.4727169075527463e-9
196	-0.5244592065187411	0.5244875655735702	3.1345827877614577e-9
197	-0.6215954107922604	0.4050444900191061	4.247197710398065e-9
198	-0.6900610878791341	0.2727755410747914	4.240274781924989e-9
199	-0.7290121053960342	0.1363885997088052	4.387941019798161e-9
200	-0.7414005023775906	0.000017409075033564877	3.652408765242055e-9
201	-0.7289786778944798	-0.1363457590736362	2.818286698835989e-9
202	-0.6899963387617268	-0.2727109042003514	1.8530093802202308e-9
203	-0.6215038342358735	-0.40493699904925456	2.2334617849864097e-9
204	-0.5243493448426125	-0.5243212912814659	2.528297120475824e-9
205	-0.4049412139865259	-0.6214294695246791	3.0013790561563644e-9
206	-0.2727103836250039	-0.689877850689948	3.1120285277986163e-9
207	-0.13635693593787673	-0.7288209426215702	3.523443087949158e-9
208	-0.00001624153339168008	-0.7412092983590605	3.5607953891841843e-9
209	0.13631600690911597	-0.7287907124538244	2.156575641288492e-9
210	0.2726485214886825	-0.6898120493454545	6.073734178777454e-10
211	0.40483818988422327	-0.6213377074372097	-1.7091562811197233e-9
212	0.5241853075367257	-0.524211079667085	-4.652768055408202e-9
213	0.6212662406157895	-0.404839179745897	-7.671443145697848e-9
214	0.6896998352437608	-0.27264411137559313	-9.807517541665858e-9
215	0.7286362506428637	-0.13632629489594644	-1.0575717428769218e-8
216	0.7410222458954344	-0.000015225787921742724	-1.0233820636432778e-8
217	0.7286040239339722	0.1362890134349462	-1.0681100209369336e-8
218	0.6896357018634757	0.27258630327982597	-1.1277246175718386e-8
219	0.6211729221751044	0.40473817510634624	-1.0812517714461895e-8
220	0.5240762790197241	0.5240538043975047	-1.0993370301665411e-8
221	0.40473806244437877	0.6211038591421909	-8.790627718134015e-9
222	0.27258138602163473	0.6895205440885988	-8.191219144858076e-9
223	0.13629683727009495	0.728447694323611	-6.955959961880908e-9
224	0.000017663301749105747	0.7408333218026706	-5.7611415938650635e-9
225	-0.1362569831521464	0.7284176632432241	-4.094093482196332e-9
226	-0.27251922426525627	0.689454072079643	-4.051454856270318e-9
227	-0.4046363632846272	0.6210103497923378	-9.159314511140264e-10
228	-0.5239123154103106	0.5239404373243767	-2.0358382831394243e-9
229	-0.6209381501622283	0.40464017498497307	-1.7324499895165912e-9
230	-0.6893354275519569	0.2725178571390416	-1.3640563310435464e-9
231	-0.7282594671086449	0.1362692969361492	-9.3698427424722e-10
232	-0.7406423414546636	0.000017272352124434733	-4.3512835372593707e-10
233	-0.7282271553746286	-0.13622613651520507	-6.222399963288553e-10
234	-0.6892735170971241	-0.2724524560830727	-3.2961976919526215e-10
235	-0.620843931441415	-0.4045318642507682	5.475498226052626e-10
236	-0.5238033722264014	-0.5237748438329385	6.032074528263728e-10
237	-0.40453498063091714	-0.6207705555154608	2.6774479552688595e-9
238	-0.27245454067400704	-0.6891512004275508	1.95486748243961e-9
239	-0.13623649700251125	-0.7280685905824104	2.920659419378416e-9
240	-0.00001865654079954154	-0.7404503031197031	2.8064643748745887e-9
241	0.13619586041731488	-0.7280356580661425	1.33143983893932e-9
242	0.272392164291085	-0.6890886719137489	4.191771070544022e-10
243	0.4044325889483939	-0.6206780808163128	-1.2801906131286876e-9
244	0.5236396491751981	-0.5236617005234815	-2.1115326859290792e-9
245	0.6206070883882148	-0.4044322556052438	-2.7679412273405384e-9
246	0.6889735772630531	-0.2723872801402895	-3.491076507016737e-9
247	0.7278800903296572	-0.13620491137664295	-2.8035473268592066e-9
248	0.7402594080516817	-0.000014885225815264729	-1.8679194780658913e-9
249	0.7278492577380995	0.13616450935250857	-1.4609930772022278e-9
250	0.6889092986580552	0.2723273446904996	6.543369960043755e-10
251	0.620514272932866	0.40433387852708075	1.7138264172807404e-9
252	0.5235280486898052	0.5235026707196077	3.425148817098023e-9
253	0.4043309265466124	0.6204429048915112	2.854333773247784e-9
254	0.2723240879916858	0.6887903585029475	3.3661796107037526e-9
255	0.13617555315728624	0.7276930657318198	2.9693826181998623e-9
256	0.00001820276601654356	0.7400717208885379	2.5419931212789197e-9
257	-0.13613426661241382	0.7276618559514982	4.019047975854443e-9
258	-0.27226220855788075	0.6887252628872568	3.627205231677069e-9
259	-0.40422909668474266	0.6203487302597032	3.5871260068594835e-9
260	-0.5233634020657706	0.5233915816711854	3.5828162746660112e-9
261	-0.620276476969991	0.40423018117310916	2.3921666302307517e-9
262	-0.6886050648395977	0.2722608646915621	3.186893313431243e-9
263	-0.7275024853196599	0.13614719784730164	7.829675182879131e-10
264	-0.7398768811176806	0.000017753209566627545	4.5288724558127683e-10
265	-0.7274703654069392	-0.13610254987111658	-5.973370826511072e-10
266	-0.6885421387946914	-0.2721988087241412	-1.5348932061959609e-9
267	-0.6201814690227436	-0.4041236818303746	-2.537946536057536e-9
268	-0.5232531976439955	-0.5232232467247706	-6.902583041731342e-10
269	-0.4041269127923909	-0.6201098137906621	2.0306697706784597e-9
270	-0.2721942288243973	-0.6884229742855844	5.740558493869222e-9
271	-0.1361141636379698	-0.7273080562165248	9.01353809363883e-9
272	-0.000017070713075764354	-0.7396821476708146	1.1897323140132758e-8
273	0.13607158954356083	-0.7272802279589828	1.531200993799865e-8
274	0.2721318978952849	-0.6883591474667994	1.7170265081996207e-8
275	0.4040233296543473	-0.6200137745867825	1.6780842314384913e-8
276	0.5230872222112846	-0.523114240514871	1.4381743420831361e-8
277	0.6199434654468489	-0.40402224261821984	1.0974492629458179e-8
278	0.6882411778171221	-0.2721281170838937	6.262775223017509e-9
279	0.727120101452196	-0.13608388562085508	5.529517861635958e-10
280	0.7394935184025464	-0.000014813434630936654	-3.6264957333975662e-9
281	0.727088072431724	0.13604544926657733	-7.855571675391476e-9
282	0.6881744046689355	0.2720696579914598	-1.000196692963881e-8
283	0.6198472706817607	0.40392297116140374	-1.245430786667505e-8
284	0.522975145727622	0.5229488785615242	-1.2649353043920026e-8
285	0.40392286796164406	0.6197752031691098	-1.0846723870090382e-8
286	0.2720650892803147	0.6880566243396488	-9.502812266239747e-9
287	0.13605253472884182	0.7269323874093413	-5.886472744665263e-9
288	0.000017222980448992246	0.7393041345945498	-4.623406665662687e-9
289	-0.13601139145646607	0.7269002927075978	-1.7162102057648962e-9
290	-0.27200152905112773	0.6879882614326813	1.6981770286350412e-9
291	-0.4038174924869353	0.6196809845754616	3.2287408829446786e-9
292	-0.5228083937291552	0.5228380046059529	4.963172163838654e-9
293	-0.6196071334027176	0.4038162846988774	6.4606668989880426e-9
294	-0.6878710758095881	0.272002565117224	5.6255597099843674e-9
295	-0.7267386310595042	0.13602491482783555	3.757276731273825e-9
296	-0.7391078934263952	0.000015113855985929684	9.513537456426381e-10
297	-0.7267061171748243	-0.13597822259765735	1.4218826069039534e-10
298	-0.6878055885855191	-0.27193449316552476	-2.746777920437353e-9
299	-0.6195143531128704	-0.40371079758336154	-4.754509731725844e-9
300	-0.5226978463009743	-0.5226726519327236	-5.888721837363588e-9
301	-0.40371638755080014	-0.6194363463315792	-5.647544408398311e-9
302	-0.27193464532637435	-0.6876871489865297	-3.3801422941519218e-9
303	-0.13599103327690346	-0.726542649928852	-2.5333786754015496e-9
304	-0.00001780028556679456	-0.7389158668246281	9.78236723517971e-11
305	0.13594760589475088	-0.7265104087366219	5.630679725389728e-10
306	0.2718690598106631	-0.687622823590346	2.5639290281811774e-9
307	0.40361167892537636	-0.6193463158782996	2.990467045778924e-9
308	0.522530207008513	-0.5225572718738547	2.7333974424715655e-9
309	0.6192727309777298	-0.40361181098807547	2.500292810118424e-9
310	0.6875031789097857	-0.2718690078072999	1.4237036221754732e-9
311	0.7263523691683402	-0.13595767870138098	8.252131302739682e-10
312	0.7387224974653597	-0.000017028293560569527	1.5402752447804845e-9
313	0.7263206344894649	0.1359173797600903	1.7594513242805708e-9
314	0.6874360534678778	0.27180295298674606	1.47056218818561e-9
315	0.6191773900122213	0.403507821942092	2.785762090942744e-9
316	0.522417129502096	0.5223922125315126	2.389711968710337e-9
317	0.4035070596528119	0.6191027910435365	1.0679690756079613e-9
318	0.27180411684315553	0.6873186010604904	2.1798491777932175e-9
319	0.1359273462291187	0.7261615071683615	2.0173956955003124e-9
320	0.000018938855472772757	0.7385307684822137	2.878676042958125e-9
321	-0.13588658110819613	0.7261293697911866	4.3228300034470614e-9
322	-0.2717396506246797	0.6872485615684609	6.459566476088939e-9
323	-0.4034023805874268	0.6190095752315508	9.839284515534822e-9
324	-0.5222494024553399	0.5222788721543004	1.3417417516491056e-8
325	-0.6189366025538618	0.40340109477136527	1.5597534369110726e-8
326	-0.687127846860847	0.27173504559359096	1.814289130347868e-8
327	-0.7259681657301083	0.13590222947050412	1.6777975849685343e-8
328	-0.7383337598175105	0.000021368340941479804	1.6382887822573215e-8
329	-0.7259350243282789	-0.1358576037108147	1.4279143905439478e-8
330	-0.6870645810260205	-0.2716756613859947	1.2302751803026965e-8
331	-0.6188432801714594	-0.4032969788424099	1.0441794615027877e-8
332	-0.5221380076187412	-0.5221065020147865	7.233718419533076e-9
333	-0.403302058077596	-0.6187664357265593	4.053980041043482e-9
334	-0.27167312997526344	-0.6869451850159642	2.3482743000401442e-9
335	-0.13586854639632953	-0.7257691021891466	-1.3709948531504379e-9
336	-0.000015342517075774982	-0.738134783651374	-3.7320244180990214e-9
337	0.13582679215582277	-0.7257381117532017	-7.824481192851067e-9
338	0.2716085703970693	-0.6868773703286309	-1.139455997527126e-8
339	0.40319632025841545	-0.6186695995984058	-1.6622376630405713e-8
340	0.5219708751622096	-0.5219975728442597	-2.1533860007269476e-8
341	0.6185983501843022	-0.40319619933959894	-2.463260543089265e-8
342	0.6867572944125993	-0.27160563542308575	-2.5879742304909843e-8
343	0.7255822718142333	-0.1358325704394003	-2.6084115984729744e-8
344	0.7379416316213078	-0.000017893002952206086	-2.5701744486601312e-8
345	0.7255496461965076	0.13579396878425748	-2.5255893430274546e-8
346	0.6866934676995631	0.2715487631526138	-2.5016625985070953e-8
347	0.6185033821850219	0.4030950507653	-2.2717471926509177e-8
348	0.5218582149469095	0.5218308799288863	-2.0701244702812366e-8
349	0.40309363763553413	0.6184296796599029	-1.8449137829173164e-8
350	0.27153928066529404	0.6865667769566163	-1.573931356698318e-8
351	0.1358056062591539	0.7253882852854293	-1.2408066665547505e-8
352	0.000015910944178567834	0.7377480974988864	-7.97079136630519e-9
353	-0.13576478160187655	0.7253536315235046	-3.774563573851205e-9
354	-0.2714737397097672	0.6865028019530979	1.277282956285468e-9
355	-0.40298767510305156	0.6183351367243859	6.920693148604785e-9
356	-0.5216903277404	0.521717130178034	1.1209743658203474e-8
357	-0.6182596355179929	0.40299066228578667	1.4401227339763144e-8
358	-0.6863843807184934	0.2714792537950997	1.610097359683976e-8
359	-0.7251933417652997	0.13577513843015254	1.6415963166898417e-8
360	-0.7375498634921029	0.000018437507724341638	1.7079887692139207e-8
361	-0.7251608836646551	-0.13573052627355023	1.652943603240891e-8
362	-0.6863158043560593	-0.2714056030925995	1.6093249195501607e-8
363	-0.6181616647764224	-0.4028765913968129	1.6192900196450624e-8
364	-0.521573256698149	-0.5215407740754954	1.7024197684106065e-8
365	-0.40288125529975033	-0.6180889193440293	1.7499000883676082e-8
366	-0.27140779506145296	-0.6861963162273039	1.9625144627003392e-8
367	-0.13574235222563255	-0.7249938049237125	1.9682075714502498e-8
368	-0.000018302550244669485	-0.7373540887217874	2.0131871299353722e-8
369	0.13570063983705835	-0.7249628385427626	1.9247689192150736e-8
370	0.2713404864985678	-0.6861310236423376	1.74812817441955e-8
371	0.4027750679588001	-0.6179965503610738	1.4849136924777276e-8
372	0.5214030602697862	-0.5214380100091942	1.15640096982312e-8
373	0.6179209053500397	-0.4027779697195887	7.88685903312809e-9
374	0.6860078279401979	-0.27133467971344927	5.358164899560058e-9
375	0.7248009030060913	-0.13570938107537683	4.497390890792413e-9
376	0.7371546039926646	-0.000013786599522967627	3.5270455496186552e-9
377	0.7247690940741954	0.13566809275924158	2.710664364487733e-9
378	0.6859407263683839	0.2712776579071661	3.9415099581473295e-9
379	0.6178224117845272	0.40267752498250126	4.754082441016883e-9
380	0.5212915049678158	0.5212583203279945	5.8687261739844185e-9
381	0.4026721938386453	0.617747180016138	3.822374004571298e-9
382	0.2712725756437581	0.6858204695360526	3.087935668776212e-9
383	0.1356820603893809	0.7246013405443251	-1.0999973118407343e-9
384	0.000020641360895312425	0.7369565728552335	-3.777889663468105e-9
385	-0.13563972102796423	0.724567135017563	-5.9647336607372025e-9
386	-0.2712066727961617	0.6857523446077949	-7.64948955083623e-9
387	-0.4025683423379556	0.6176555360009157	-8.96267178902635e-9
388	-0.5211176685734104	0.5211540694477976	-9.501455212268956e-9
389	-0.6175759645398704	0.4025660544942008	-9.253741474749872e-9
390	-0.6856297934244807	0.27120664467125105	-9.953438842785683e-9
391	-0.7244104483418587	0.1356485888808407	-9.754320234053067e-9
392	-0.7367641968194115	0.000021040004674192492	-9.32547716823829e-9
393	-0.7243791893197318	-0.13560485846963205	-1.1642277351657826e-8
394	-0.6855646264697572	-0.2711417438351536	-1.1427545851224657e-8
395	-0.6174764166215317	-0.40245897269415826	-1.1531593841897446e-8
396	-0.5210051526865053	-0.5209728375564813	-1.2472072615100274e-8
397	-0.4024631968406849	-0.6173984084630914	-1.1744516376332627e-8
398	-0.2711411484811387	-0.68544773163406	-9.604067612819934e-9
399	-0.13561791268678702	-0.7242130979811863	-8.825464347806568e-9
400	-0.000018323680437240116	-0.736561845304228	-8.557920245411197e-9
401	0.13557447717259094	-0.7241862590740608	-7.90338883259885e-9
402	0.27107278787251277	-0.6853750974674686	-8.434965861812055e-9
403	0.40235246265548064	-0.6173122741176867	-9.663231467566762e-9
404	0.5208357396807446	-0.5208664265920924	-9.52984951323071e-9
405	0.6172328854244687	-0.4023539598403809	-8.71881279749585e-9
406	0.6852515554038399	-0.27107567496141843	-6.9867414269874725e-9
407	0.724015324594506	-0.13558040711084599	-4.7869302997589085e-9
408	0.7363634466963805	-0.000020488423268670626	-2.7837344121388126e-9
409	0.7239864139637557	0.1355433004455032	-1.428383695970562e-9
410	0.685187258310502	0.27100454624478126	1.631980851829958e-9
411	0.6171334079827279	0.40224989088100965	1.6557936540328705e-9
412	0.5207250961805752	0.5206842978940546	1.7015355788045326e-9
413	0.4022505535432686	0.6170622664436214	3.273642221837066e-9
414	0.27100847772260983	0.6850598541532656	5.158193163417659e-9
415	0.13555445946068223	0.7238244229848656	1.1189772519707896e-8
416	0.000015747175065811315	0.7361657702290039	1.5838408699001863e-8
417	-0.13550818320422908	0.7237867855014977	2.3288506924364106e-8
418	-0.2709362968818131	0.6849975211532227	3.113446293721663e-8
419	-0.40214119736443743	0.6169615408359342	3.922060829922111e-8
420	-0.5205440099446245	0.520588232514817	4.3320700693939754e-8
421	-0.6168853087151079	0.4021480118920493	4.535073870000826e-8
422	-0.6848714114595471	0.2709317781064354	4.1845673342141934e-8
423	-0.7236244029747714	0.13551307250101555	3.6372213516949894e-8
424	-0.7359656482227409	0.00002130119777761005	2.7949442205017e-8
425	-0.7235908896337158	-0.13547611249319239	2.0694274469927015e-8
426	-0.6848068110979185	-0.27087397217171627	1.2981590512793961e-8
427	-0.6167919453067827	-0.40203765453227697	8.135122120739809e-9
428	-0.520435820409638	-0.5204019657946187	4.023238895806239e-9
429	-0.4020358683630172	-0.6167091204862343	1.6041044280661394e-9
430	-0.2708702136588686	-0.6846753827618498	1.320058649318692e-10
431	-0.13549109050181088	-0.723430708267804	-1.2607573219995155e-9
432	-0.000015802080063909477	-0.7357632148686638	-4.205256777500123e-9
433	0.13544250466456145	-0.7233922960933976	-6.190740585636046e-9
434	0.2708008909508452	-0.6846128589747069	-9.301687180390399e-9
435	0.40192176722859124	-0.61661626951194	-1.2666135592217148e-8
436	0.5202641918859718	-0.5202863383603378	-1.6657360228745503e-8
437	0.616540223783847	-0.4019348914603359	-1.9521993423280223e-8
438	0.6844929289234151	-0.2707944898196935	-2.0759576294775892e-8
439	0.7232255247168933	-0.1354527201074972	-2.12980171802445e-8
440	0.7355677783994282	-0.000016779609709665127	-2.0307187107760932e-8
441	0.7231894181469839	0.13541043963346766	-2.0485700451943875e-8
442	0.6844248245927778	0.2707376253458061	-1.9049203351788158e-8
443	0.6164479295031976	0.40181873814900376	-1.9349953704843438e-8
444	0.5201484817904144	0.5201240512785075	-1.7908428393094314e-8
445	0.40182727591490053	0.6163655659352537	-1.9046139083820735e-8
446	0.2707335385686282	0.6842938398783661	-1.822538335527605e-8
447	0.13542493484132928	0.7230305740850695	-1.8395448770821443e-8
448	0.000017446617738509212	0.7353760961738721	-1.8701907774186626e-8
449	-0.1353834514755823	0.7229971634172251	-1.8221624417330514e-8
450	-0.270668229181256	0.6842364560543891	-1.7522704806223028e-8
451	-0.40171521295399104	0.6162634861424743	-1.7361639965767618e-8
452	-0.5199728021365801	0.5200010512754746	-1.7507149047964988e-8
453	-0.6161989324468009	0.4017215032984543	-1.590414572949836e-8
454	-0.684105239290949	0.2706619648680083	-1.7898704674868387e-8
455	-0.7228309623414882	0.13539881859347197	-2.1657620490063166e-8
456	-0.7351620401087237	0.00001464283221403216	-2.6736410129930623e-8
457	-0.7227947368596596	-0.13533564027609962	-3.183350324635012e-8
458	-0.6840430819180967	-0.2706037321936409	-3.769428182056614e-8
459	-0.616092720353068	-0.40160422946374147	-4.186300720482706e-8
460	-0.519859200500871	-0.5198283726249534	-4.387860837979656e-8
461	-0.40160799437827405	-0.6160222827559241	-4.090930608320328e-8
462	-0.2705929136762467	-0.6839152541522917	-3.714714552058045e-8
463	-0.13536222460882297	-0.722638536416736	-3.101132035965371e-8
464	-0.000015052397616956214	-0.7349657445706391	-2.428850624300894e-8
465	0.13531903133881956	-0.7225964700055395	-1.6599001273869835e-8
466	0.27053273798603683	-0.6838496698912083	-1.0487979440505529e-8
467	0.40149900772831715	-0.6159213069381873	-4.493414653586877e-9
468	0.519681618026447	-0.5197082200979948	-3.355063077724994e-11
469	0.6158437114035242	-0.4014946748548981	4.247682189454224e-9
470	0.6837214785691874	-0.27052632050946107	8.54008665937009e-9
471	0.7224314232347167	-0.13532965750912135	1.3475790461479948e-8
472	0.7347626210624751	-6.8799589528196665e-6	1.854529446173945e-8
473	0.7223979736841106	0.1352850518780148	2.2287952257969577e-8
474	0.6836541262237553	0.2704629101206194	2.7440255602435102e-8
475	0.6157491588875099	0.40138625016448465	3.0625518730455106e-8
476	0.5195688071911607	0.5195329347340067	3.223835196919017e-8
477	0.40139913090518076	0.615665531337408	3.358096553931522e-8
478	0.2704612973587788	0.6835321604713056	3.642442243998447e-8
479	0.13529999666567208	0.7222288387858719	4.075526889460888e-8
480	0.00001914318354486467	0.7345613018523791	4.583699560289645e-8
481	-0.1352560876106266	0.72219663650779	5.1849437836541253e-8
482	-0.2703996795113824	0.6834585146081361	5.858702632248328e-8
483	-0.40128381480556596	0.6155743991944308	6.189208093275351e-8
484	-0.5193957135793815	0.5194218021679363	6.042630857669515e-8
485	-0.6154944059622425	0.40128404482133356	5.4505198102753826e-8
486	-0.6833361112676563	0.27038258615500904	4.523260560056055e-8
487	-0.7220291535848165	0.13527059989434195	2.953320165182937e-8
488	-0.7343577025578532	0.000019790506969704205	1.3338865621889007e-8
489	-0.7219945641360663	-0.1352149019475861	-1.559747013603297e-9
490	-0.6832708354788536	-0.27032613348370776	-1.5510426169909444e-8
491	-0.6153972936567147	-0.4011799089004224	-2.672397659298379e-8
492	-0.5192776955317778	-0.5192475660837605	-3.413040585795158e-8
493	-0.4011739863485637	-0.6153121558675555	-3.7349883544182874e-8
494	-0.2703288943407438	-0.6831428752360148	-4.132849353535176e-8
495	-0.13523728509722757	-0.7218308794539526	-4.416556440946955e-8
496	-0.000014002065291969845	-0.7341509950895145	-4.8563034670203094e-8
497	0.13518654497755472	-0.721801913783088	-5.4223021837433025e-8
498	0.27025544669562446	-0.6830657073735644	-5.9411832460391056e-8
499	0.4010665923242756	-0.615220767600178	-6.35985532102134e-8
500	0.5190961968047662	-0.5191260958452519	-6.556008256657424e-8
501	0.6151416372339182	-0.40106402549781134	-6.296040612275655e-8
502	0.6829505261765614	-0.2702560454755171	-5.7985550618467826e-8
503	0.7216262191237762	-0.13519422635754236	-4.946600192364856e-8
504	0.7339485068904643	-0.000011042904467428101	-3.9966741805432985e-8
505	0.7215933144515201	0.13515908341554128	-3.12800436324471e-8
506	0.6828821841515015	0.2701801138560627	-2.355021290719408e-8
507	0.615042524657587	0.40095896748492643	-1.8261009767530696e-8
508	0.5189826544285243	0.5189625498750802	-1.5594740690454078e-8
509	0.4009625880541451	0.6149603447178688	-1.638292055928764e-8
510	0.2701884169873402	0.6827666361816186	-1.641091239366523e-8
511	0.13516941125642104	0.7214302418382429	-1.5164320499778538e-8
512	0.00002156561650909108	0.7337495186056433	-1.3403566799503994e-8
513	-0.1351263012149753	0.7213921455555483	-9.737035377989274e-9
514	-0.27012325152789934	0.6826818879186107	-5.819406971999825e-9
515	-0.40084818828444163	0.614872903441853	6.52858021677347e-10
516	-0.5188103373644036	0.5188481168472141	7.474051047937162e-9
517	-0.6147976683858364	0.40084812554665905	1.2319627382642287e-8
518	-0.6825652671013575	0.2701195420322414	1.7816273422246814e-8
519	-0.7212215784116033	0.13514313720587923	2.0183530551426962e-8
520	-0.7335451334444678	0.000024318221449915788	2.3139049064268e-8
521	-0.7211931079730097	-0.1350990035952516	2.3680211540271927e-8
522	-0.6824937795299472	-0.27004756524589296	2.4649504332779386e-8
523	-0.6146915209306061	-0.40073664594861985	2.5404844471488533e-8
524	-0.5186913597833671	-0.5186562527623069	2.5084602276658386e-8
525	-0.4007453220012647	-0.6146065787509514	2.5948381515188935e-8
526	-0.27005327679561636	-0.6823608083820507	2.6208246265368925e-8
527	-0.1351007189550478	-0.7210258889344432	2.731252411512129e-8
528	-0.000015937330513831825	-0.7333390541762455	2.862915665836702e-8
529	0.13505558752052957	-0.7209865015803336	2.9015501434590456e-8
530	0.2699862441865336	-0.682299141657992	2.893288984585796e-8
531	0.4006354941221805	-0.6145119421000479	2.566223883303093e-8
532	0.5185182342864285	-0.5185388538695404	2.3137288559572967e-8
533	0.6144430536307331	-0.40064063540348577	1.810062809478721e-8
534	0.682169732463956	-0.26997942499169364	1.7384020717768866e-8
535	0.7208201052174483	-0.13506323301177556	1.621780041876878e-8
536	0.733132825813751	-0.00003314567590427381	1.67575973660896e-8
537	0.7207867790877605	0.1350358702265305	1.8614545397194034e-8
538	0.682103288036485	0.26991144399913175	2.179729013879198e-8
539	0.6143396417062321	0.40052680056526	2.4858233740363515e-8
540	0.5183946529738239	0.5183690036307349	2.6853927514356453e-8
541	0.40052306805462246	0.6142735042782582	2.661629936572765e-8
542	0.26991239825961005	0.6819702252280119	2.3815158852605927e-8
543	0.1350350234713731	0.7206196298883549	2.091459694866699e-8
544	0.00001806214217796053	0.7329250852559326	1.6775346239077505e-8
545	-0.1349887189845307	0.7205639030889949	1.2795509972434802e-8
546	-0.26984208085478834	0.6819187725665211	8.475964922759303e-9
547	-0.40041040292278907	0.6141635027284934	2.7234985460683844e-9
548	-0.5182203941708391	0.518245186252216	-1.288604919308924e-9
549	-0.6140806475908037	0.40042290748074366	-6.6404937862141025e-9
550	-0.6817795913729192	0.26984380072814357	-1.2541499552530224e-8
551	-0.7204139018706874	0.13501883503138393	-1.9546532732258473e-8
552	-0.732726992113515	0.00001568119606117411	-2.716641873099816e-8
553	-0.7203763252092926	-0.13497074343437251	-3.44041319347102e-8
554	-0.6817126256568338	-0.26976730821999423	-4.03522692752419e-8
555	-0.6139862726551147	-0.4002854853925921	-4.3620749350406817e-8
556	-0.518102939880066	-0.5180698458028388	-4.2859189034169604e-8
557	-0.4003014379086711	-0.6138969532572042	-3.8802280352283864e-8
558	-0.2697742170107408	-0.6815768338841441	-3.2993368523181786e-8
559	-0.1349704500567785	-0.720219398268656	-2.588742044055025e-8
560	-0.00001702152488722323	-0.7325116177051242	-1.9671711724605174e-8
561	0.13492552089583343	-0.7201694679428243	-1.3799545594704137e-8
562	0.2697040102614512	-0.6815108866628934	-8.311158631300455e-9
563	0.40019231409143247	-0.6138147933662871	-5.595250644397869e-9
564	0.5179222967139373	-0.5179508631028262	-5.196466346888835e-9
565	0.613724046050209	-0.40018798739117034	-5.2067466253466174e-9
566	0.6813849304518661	-0.2697001127174557	-4.022046518317766e-9
567	0.7200035701694912	-0.1349483650765703	-2.104680584545503e-9
568	0.7323091308085935	-0.000015447160215447578	1.0861650352386121e-9
569	0.7199645338684135	0.1348814880900583	5.023981049255013e-9
570	0.6813195743806368	0.26963132716074484	6.2810160765277595e-9
571	0.6136319923943088	0.40008326028247915	8.182145723211593e-9
572	0.5178045346030922	0.5177695250306317	5.8363117628055055e-9
573	0.40008477476777504	0.6135472791142046	3.1586264291750713e-9
574	0.26963331464845547	0.6811982189116915	-1.6395983046390004e-9
575	0.13491178361352557	0.7197961494145058	-6.052064720930897e-9
576	0.000013888493399056166	0.7321091825992811	-1.0690659254653999e-8
577	-0.13485702119670528	0.7197542009648613	-1.464122235427462e-8
578	-0.26956522244578107	0.6811212955303134	-1.535815222039476e-8
579	-0.39997628512830746	0.6134507598263352	-1.2890060079821358e-8
580	-0.5176296018638704	0.5176678372852489	-8.271114900662997e-9
581	-0.6133721344087515	0.3999676555166008	-2.930759377706382e-10
582	-0.6809965713178391	0.2695652481812045	1.0825315253018774e-8
583	-0.7195968806590003	0.1348782690575449	2.1490506502905892e-8
584	-0.7319066534341467	0.000023201804256222133	3.2882278498656474e-8
585	-0.7195575478585411	-0.13483413970359015	4.294073208705676e-8
586	-0.6809241489874479	-0.26949649574049855	5.098920235519561e-8
587	-0.6132723661195023	-0.3998580516365755	5.8708447597168186e-8
588	-0.5175117844175794	-0.5174640256193324	6.055229475781338e-8
589	-0.3998718113319127	-0.6131842730855784	6.09304165151993e-8
590	-0.2694948363717837	-0.680800942947572	5.768751704195127e-8
591	-0.1348385550103625	-0.7193797758166051	5.33476025959686e-8
592	-0.000018013329066116853	-0.7317039526008037	4.86537987277723e-8
593	0.13479938453752408	-0.7193621836545557	4.290845134672855e-8
594	0.2694228322725993	-0.680717196093629	3.4738173378338094e-8
595	0.39975559249124076	-0.6130753490146774	2.7666111359567528e-8
596	0.5173299456481459	-0.5173669508365828	2.0472889606889387e-8
597	0.6130049877328116	-0.39975572017699523	1.3544574907847276e-8
598	0.6805925890593341	-0.2694329315320835	5.83936833939662e-9
599	0.7191873258650324	-0.1348086011362109	-9.63347310267033e-10
600	0.7314842848225789	-0.000018084792830775883	-6.62237143836199e-9
601	0.7191451819087357	0.13475215954556996	-1.162485695834413e-8
602	0.6805290105074784	0.26935023364522337	-1.518239457025301e-8
603	0.6129085638445667	0.3996319970092389	-1.58717513200915e-8
604	0.5172127368845707	0.5171860254950392	-1.3684645960879874e-8
605	0.39964356255206185	0.6128284875958391	-6.170780850544604e-9
606	0.26935033471956504	0.680396557345239	4.232750935862745e-9
607	0.13477620926846245	0.7189746319726937	1.5851279384404817e-8
608	0.000018107707016970097	0.731272940773951	3.0025827637362866e-8
609	-0.1347299091476541	0.7189545068016465	4.3571248192247574e-8
610	-0.26928129286041913	0.6803297507355192	5.593936264130867e-8
611	-0.3995233239223668	0.6127293026632802	6.809157183666275e-8
612	-0.5170292157967166	0.5170636242309933	7.602808879018109e-8
613	-0.6126484652665309	0.39951874633378914	7.866761734354125e-8
614	-0.6801978440677733	0.2692911119974138	7.817319123014139e-8
615	-0.7187707646797916	0.1347297452519416	7.432649720289663e-8
616	-0.7310741557147411	0.000014504264078471544	6.925145506714345e-8
617	-0.7187324987222857	-0.1346893519425977	6.433014401600429e-8
618	-0.6801260783039297	-0.26922800865572905	5.997874929776959e-8
619	-0.6125497376246332	-0.3994214662308388	5.38843997354374e-8
620	-0.5169136593645853	-0.5168890259690505	4.9036796515234014e-8
621	-0.3994166664411159	-0.6124774727791379	4.1156010276098044e-8
622	-0.2692160625841376	-0.6799961770254501	3.0103527501723774e-8
623	-0.1347153057887749	-0.7185672990255437	1.9456369066084433e-8
624	-0.000018028989981566312	-0.7308656089480211	7.895005931524529e-9
625	0.13466120951297386	-0.718525254753959	-3.0047242962398368e-9
626	0.2691361788175206	-0.6799260358166365	-1.3139351921250651e-8
627	0.39931295842700193	-0.6123725883814913	-2.19487288543787e-8
628	0.5167277630265946	-0.5167749883063262	-2.8113109528008933e-8
629	0.6122810273786513	-0.39931776696081767	-3.1215277188513486e-8
630	0.6798020761039044	-0.26914386057191514	-3.4733386661374953e-8
631	0.7183501947123918	-0.13467069084657887	-3.8218619421405635e-8
632	0.7306507175329636	-0.00001781603028100949	-4.242711698135537e-8
633	0.7183124538553451	0.13463691054868457	-4.6751508670919143e-8
634	0.6797273844719005	0.26907558958696676	-4.9971992578352836e-8
635	0.6121950384289698	0.39918989948612815	-5.219578823059352e-8
636	0.5166056255033432	0.5165796817228171	-5.096418586371506e-8
637	0.3991967296526027	0.6120948567519534	-4.7786230031577695e-8
638	0.2690628535529293	0.6795970318160021	-4.325409392036291e-8
639	0.1346412991291848	0.7181568771102608	-3.870320399714444e-8
640	0.000017521533547105145	0.7304632625474757	-3.218796020679561e-8
641	-0.1345991766345003	0.7181012193331685	-2.7752748134702842e-8
642	-0.2689956223597643	0.6795338709466797	-2.445465385287783e-8
643	-0.39907720346346304	0.6120126577315914	-2.4360801634896922e-8
644	-0.5164244361077587	0.5164624251864469	-2.5775106783036923e-8
645	-0.6119263577411821	0.39909128559574336	-2.923188070407307e-8
646	-0.6794084368560683	0.2690040778972413	-3.449173449236294e-8
647	-0.7179443610181825	0.13460785850079618	-4.1957425231175894e-8
648	-0.7302378676909673	0.000031163726561162294	-4.844403094393827e-8
649	-0.7179055256649906	-0.13457115472389752	-5.392189210133904e-8
650	-0.6793358122358248	-0.2689291587777008	-5.856994375503915e-8
651	-0.6118229121278341	-0.39897077832364936	-5.966444948031243e-8
652	-0.516308611445754	-0.5162747784656023	-5.74612825378529e-8
653	-0.39897687680333815	-0.6117409733269389	-5.248528646744636e-8
654	-0.26893111879262277	-0.6792009389303566	-4.793478818835065e-8
655	-0.13456894467618769	-0.7177385143429592	-4.2542077098881454e-8
656	-0.000023365505855025095	-0.7300323492786217	-3.913758376118735e-8
657	0.13451971350412203	-0.7176931577918206	-3.622589326670468e-8
658	0.2688504995781918	-0.6791215892972601	-3.554632180805317e-8
659	0.39885657348371373	-0.6116359237499314	-3.325018084688903e-8
660	0.5161173826855162	-0.5161592222329932	-3.051939666653953e-8
661	0.6115595070166654	-0.39886697141148836	-2.5693074849183532e-8
662	0.679006633497123	-0.2688503499300761	-1.722706189691086e-8
663	0.7175209147554579	-0.1345384099377542	-7.108496747298976e-9
664	0.7298170503119819	-0.000034127283976658195	4.7883922111841334e-9
665	0.7174843218739434	0.13449530967773818	1.709234035611559e-8
666	0.6789319963791045	0.2687772779784445	2.7991620170539233e-8
667	0.6114606538383861	0.39873626485302255	3.6420809306305835e-8
668	0.5160116518591114	0.5159795219956393	4.233219613273419e-8
669	0.3987433480429352	0.6113802075601067	4.298368900678758e-8
670	0.26878390820661735	0.6788097409663499	4.090233753444958e-8
671	0.13449965939325528	0.7173133414780091	3.806127929333755e-8
672	0.000030217561924998373	0.7296068873222946	3.5018730962526847e-8
673	-0.13446511565800703	0.7172918316070376	3.3441947569933314e-8
674	-0.26871506816475016	0.6787278335167738	3.232222998378632e-8
675	-0.39863627230288423	0.6112914285428221	3.315316572467866e-8
676	-0.5158322241779165	0.5158753472319014	3.588242266501078e-8
677	-0.6111937654784314	0.3986456554968285	3.881028739745565e-8
678	-0.6786037387048593	0.26872407659812164	4.234934533416776e-8
679	-0.7171059869729527	0.13447357435360457	4.6821431245245295e-8
680	-0.7293952576091524	0.00002417483559829286	4.988473813541543e-8
681	-0.7170742064554901	-0.13441816170071955	5.292045385262295e-8
682	-0.6785207278239174	-0.26864407104466526	5.43729653024191e-8
683	-0.6111038130643636	-0.39851545963731455	5.609484043709483e-8
684	-0.5156946869537734	-0.5156591468728778	5.508224584497856e-8
685	-0.39852477638308637	-0.6110141301802979	5.077830117853129e-8
686	-0.26863752297628385	-0.6784107570381336	4.475036698430735e-8
687	-0.13443866049203354	-0.7168896349546062	3.5450634020313425e-8
688	-0.000017871353083424093	-0.7291835027471498	2.5211942595006773e-8
689	0.13438794508288004	-0.7168680309627038	1.6132145177684922e-8
690	0.2685639758314333	-0.678329853810122	5.223042240208455e-9
691	0.398401054103832	-0.6109273257721659	-3.9412406153974155e-9
692	0.5155179868910749	-0.5155440388708343	-1.197403596447757e-8
693	0.610833331863175	-0.3984232703583546	-1.779167794298007e-8
694	0.67819649709142	-0.26856457907484793	-2.1421775835789858e-8
695	0.7166734007358875	-0.1344111559641473	-2.347044717492555e-8
696	0.7289577696233722	-0.00004486956020733203	-2.375483562748345e-8
697	0.7166540639649048	0.1343577866546007	-2.2090005917631184e-8
698	0.6781167518986386	0.26849140571180724	-2.0946935361737872e-8
699	0.6107321217799747	0.3983130166992089	-1.8749172157117134e-8
700	0.5153895772970375	0.515365800318613	-1.9856128812572004e-8
701	0.39829020627420514	0.6106669232234361	-2.4046528740476972e-8
702	0.26849285290218766	0.6780056147397826	-3.311661580512146e-8
703	0.13436217552810123	0.7164751390785697	-4.590129254006341e-8
704	6.834653863401924e-6	0.7287416783765129	-6.089920585868284e-8
705	-0.1343291507541646	0.7164347027754995	-7.709417556368632e-8
706	-0.2684300873590317	0.6779231965437841	-9.270804320019221e-8
707	-0.39817966760351897	0.6105514662892898	-1.0415519501177613e-7
708	-0.515212659248946	0.5152669784008468	-1.0711784414011073e-7
709	-0.6104569011068822	0.398193783296581	-9.775215119128243e-8
710	-0.6777915496762476	0.2684074265375181	-7.673934134904702e-8
711	-0.7162658842398761	0.13433095369594913	-4.941327902874603e-8
712	-0.7285448250862272	6.351785585729424e-6	-2.0197101980859982e-8
713	-0.7162345851281414	-0.13428787879952908	1.145877341478126e-8
714	-0.6777213050947857	-0.2683490692062062	4.0720470511937556e-8
715	-0.610359720912198	-0.3980556708211031	6.37542792227633e-8
716	-0.5150970766430814	-0.5150813242617878	7.727244448533533e-8
717	-0.39807291754510166	-0.6102773701388992	7.687404812708228e-8
718	-0.26835061746342614	-0.677590609575985	6.412941602404129e-8
719	-0.13430160120906684	-0.7160357015675971	4.270177017169617e-8
720	-0.00002722149645935932	-0.7283247185766343	1.812018443465081e-8
721	0.13425651961858734	-0.7160170700323113	-7.884752279250387e-9
722	0.26826762424283807	-0.6775008565384107	-3.284534086807192e-8
723	0.3979444461259997	-0.610197162529319	-5.348504484642594e-8
724	0.5149026383810359	-0.5149399241722538	-6.391494542619e-8
725	0.6100844089448512	-0.3979545180454017	-6.067558669966552e-8
726	0.677381327625443	-0.26826871958831466	-4.724392605062669e-8
727	0.7158385091535893	-0.13425781759044672	-2.3676495895446702e-8
728	0.7281039217332983	-0.000027047497853611378	6.401184666264279e-9
729	0.7157923202086558	0.1342252830461434	3.522608495386177e-8
730	0.6773056482822534	0.2682028751969515	6.429265775931767e-8
731	0.6099836572171023	0.39785837987088973	8.778022969678512e-8
732	0.5147768704907058	0.5147430922292922	1.0025550884186046e-7
733	0.3978436628539436	0.6099004659010511	1.0238026270414651e-7
734	0.26819456650954987	0.677176470353702	9.607791559194673e-8
735	0.1342315604463842	0.715621980967368	8.713821808554589e-8
736	9.066199034970635e-6	0.7278987280246424	7.554826728549044e-8
737	-0.13418950235792246	0.715597431218892	6.48840490043394e-8
738	-0.2681366504372712	0.6771161890593238	5.527819338738136e-8
739	-0.39772516992387447	0.6098069736185858	4.740429388742456e-8
740	-0.5146018091503489	0.5146414292795638	4.030504563981997e-8
741	-0.6097282692365392	0.39773048525344845	3.303141123792369e-8
742	-0.676978029471379	0.26813882186740856	2.3016339835192106e-8
743	-0.7154241194106189	0.1341919310105361	8.946075319305933e-9
744	-0.7276908718707661	0.000020593826073774988	-6.770302492934033e-9
745	-0.7153793725381852	-0.1341414003114902	-2.2167275026273626e-8
746	-0.6769158412428031	-0.2680665170715512	-3.8680484627224405e-8
747	-0.6096191848311345	-0.39760171050937	-5.082416369140646e-8
748	-0.5144759526125869	-0.5144599226158337	-5.577235439141592e-8
749	-0.39762662715129493	-0.609558940853673	-5.1432782705074253e-8
750	-0.26807328818703674	-0.6767607164675769	-3.992455866120106e-8
751	-0.134164282396515	-0.7152204527223187	-2.371187544149657e-8
752	-0.00003685267617128723	-0.727481330949516	-4.405188909330629e-9
753	0.13410941482255195	-0.7151649646513482	1.453608282361138e-8
754	0.26798209564622893	-0.6766953208205125	3.4204926508392554e-8
755	0.39749584256709075	-0.6094325391319538	4.932583425533863e-8
756	0.5142823507791603	-0.5143156986604845	5.658663684116863e-8
757	0.6093471267012222	-0.39749250945937314	5.56668948519165e-8
758	0.6765497373378122	-0.26798660831086024	4.7371385673395185e-8
759	0.7149744280609148	-0.13413022051481238	3.3983676381370084e-8
760	0.7272575984165297	2.387413315545054e-6	1.8229760380060062e-8
761	0.7149427201596082	0.13408302512906226	3.169672500147747e-9
762	0.6764837863407589	0.26792669334471997	-1.1547353998655416e-8
763	0.6092493170328973	0.39741026361848664	-2.4645651802738616e-8
764	0.5141546522499543	0.514122516998164	-3.2235825192982056e-8
765	0.39735844228237593	0.609145599204852	-3.469430714502936e-8
766	0.26790431175450463	0.6763753167537928	-3.160692106928303e-8
767	0.13408281787279425	0.7147787389575042	-2.667549860542804e-8
768	0.000014031107223908068	0.7270442646742954	-2.0299353083507898e-8
769	-0.1340553438009785	0.7147401697700273	-1.3415100425484624e-8
770	-0.267846782881	0.6763189152717609	-4.457818157468339e-9
771	-0.3972779835266538	0.6090852545208882	2.0802966740104096e-9
772	-0.5139891285541021	0.5140294495288966	9.128032545170452e-9
773	-0.6089828952753683	0.3972949035235164	1.2560667939166578e-8
774	-0.6761544914467112	0.2678608499511806	1.3044668582553344e-8
775	-0.7145688215230093	0.13407344601526644	1.1348183925444164e-8
776	-0.7268303825715893	0.00002395041554288679	8.067609176836866e-9
777	-0.714551857345762	-0.13399314071593507	3.1687873621389906e-9
778	-0.6761037953237639	-0.2677709672538397	-1.3732698873153897e-9
779	-0.6088939470978624	-0.3971871907134578	-5.141796185485429e-9
780	-0.5138718315088304	-0.5137990846797424	-7.1330808771257415e-9
781	-0.3971652211282139	-0.6087917689463885	-7.529529952867923e-9
782	-0.2677854765078962	-0.675957017863338	-7.369501356869134e-9
783	-0.134053552501135	-0.7143338737372446	-7.0396383661327154e-9
784	-0.00002929886594668011	-0.7266137457614605	-9.922748443842018e-9
785	0.13395920686618784	-0.71430784018525	-1.1094708843474056e-8
786	0.2676801484139421	-0.6758555417009464	-1.2608315800610086e-8
787	0.3970079100770465	-0.6086561211518327	-1.3808676375557207e-8
788	0.513644925266918	-0.5136874621874405	-1.182416412286923e-8
789	0.6085794432813697	-0.39700018070456355	-4.476589533562279e-9
790	0.6757257703748897	-0.2676941995556435	5.633537192820802e-9
791	0.7141064001295251	-0.13396871447234981	1.7608108020005015e-8
792	0.7263605974481305	2.2158916829219085e-6	3.296967981464785e-8
793	0.7140679604962058	0.13395571046343	4.774314735937152e-8
794	0.6756451004722458	0.267664377875637	6.163539565533095e-8
795	0.6084788227456294	0.3969501458353727	7.299799306510953e-8
796	0.5135227632334872	0.5135327728143227	7.944120014615151e-8
797	0.3968852215487625	0.6084696350253959	8.188959705165832e-8
798	0.26758691170782556	0.6755635547940531	8.089225601439649e-8
799	0.13393552367385633	0.71396062382452	7.811770710703551e-8
800	-0.000017058588767955147	0.7261586374341232	7.66442210953563e-8
801	-0.13393972165156534	0.7139326663018029	7.605237397388389e-8
802	-0.26757937108991986	0.6754535584359789	7.39190370663071e-8
803	-0.3968317390427134	0.6083490647313039	7.457042266116326e-8
804	-0.5133955033174001	0.513413483213453	7.04745340806295e-8
805	-0.6082739451172577	0.3968492834808673	6.428392456428592e-8
806	-0.6753557814536875	0.2675717100719968	5.356894205317185e-8
807	-0.7137390338614082	0.13394443930970854	4.214889855184272e-8
808	-0.7259931934364365	0.0000613578346405348	2.8509018518967342e-8
809	-0.713708379550485	-0.13387326152033494	1.607342294519017e-8
810	-0.675293464987746	-0.26743490035707507	4.3180129296609516e-9
811	-0.6081735071748806	-0.3966233255677105	-2.699207324465891e-9
812	-0.5132830547203963	-0.513175586129353	-6.9125113358372205e-9
813	-0.396724292459072	-0.607993097253001	-7.310504055796389e-9
814	-0.26752161916155404	-0.6750857118619383	-6.535880778423171e-9
815	-0.1339286807218786	-0.7134779753701136	-5.132125039902536e-9
816	-0.00007593916453204794	-0.7256977518853207	-6.471604569182522e-9
817	0.13378365302700868	-0.7134297862867448	-8.228956486956573e-9
818	0.26733777518090085	-0.6749777284548916	-1.0243566731834378e-8
819	0.3965154303093897	-0.6078866875508729	-1.2074485849058632e-8
820	0.512994625998461	-0.5130088992902587	-1.4142870362771352e-8
821	0.6078018212767226	-0.3965107323951316	-1.4592300128007332e-8
822	0.6748416853643693	-0.26732102185380685	-1.4018451931056063e-8
823	0.7132101647967956	-0.1337918465112896	-1.5168021354966842e-8
824	0.725443336599664	9.497716989722389e-6	-1.4548837366114705e-8
825	0.7131715800814956	0.1338638508599915	-1.1833247152958618e-8
826	0.6747536866486236	0.26743270803354435	-9.695165011262759e-9
827	0.6076757353354852	0.3965305615559357	-6.129026881100555e-9
828	0.5128406564006941	0.5129615930313477	-2.6338838707146674e-10
829	0.3963672870956071	0.6077186929945018	6.5885231628697074e-9
830	0.26724162241317756	0.6748046867952403	1.1649906816131794e-8
831	0.13372821421639577	0.7131505790160698	1.4694848746185352e-8
832	-0.00008182616284855281	0.7254029386587941	1.9501974520797585e-8
833	-0.13385297175729857	0.7131226084479233	2.2407420882437745e-8
834	-0.2673592335052409	0.674725871863688	2.5956611214990088e-8
835	-0.3964546103179834	0.6076493079841101	3.05948156866811e-8
836	-0.5128444968955612	0.5128602248369181	3.2892030794907966e-8
837	-0.607593361760412	0.3964356445764727	3.4772569995194496e-8
838	-0.6746352874402758	0.26737396564173543	3.4196950678173735e-8
839	-0.7129745466336614	0.13390472220905789	3.333932963524832e-8
840	-0.7252175931993277	0.00015406651971535974	3.279365196291197e-8
841	-0.7129471087884723	-0.1335855627898634	3.139688524674509e-8
842	-0.6745826375399632	-0.26701097667416573	3.1440259126103217e-8
843	-0.6075273711999648	-0.3959997072982822	3.071421811885584e-8
844	-0.5127745871115968	-0.5123605237058368	3.029436772711547e-8
845	-0.3964144382117109	-0.6071032771513621	2.624974901048197e-8
846	-0.26736732580250944	-0.6741176549192269	1.9486104603466234e-8
847	-0.13394560111599912	-0.7124195691600838	8.846977732105845e-9
848	-0.00024320834486469135	-0.7246283178414984	-2.8780786817011502e-9
849	0.13347723573345643	-0.7123513243882321	-1.6316688541498366e-8
850	0.26686783068121855	-0.6739425908774549	-2.9011245359638493e-8
851	0.39585568934462295	-0.6069326228738712	-4.113173348646001e-8
852	0.5121529703807967	-0.5121851245355895	-4.848353515939023e-8
853	0.6068233982985871	-0.39578788826833605	-5.212136418913356e-8
854	0.6737815681447323	-0.26676900900495204	-5.304852715677211e-8
855	0.7120928843654336	-0.13333271183883982	-5.324318873282324e-8
856	0.7243347683997349	0.00036699608965523947	-5.327565949553991e-8
857	0.7120330810677588	0.13406229315204388	-5.295631170308009e-8
858	0.6736264895750627	0.26746606210615326	-5.1104274706930204e-8
859	0.6065949987731559	0.3964008165954973	-4.886946743260089e-8
860	0.5118818352180282	0.5127363369891866	-4.535802261647686e-8
861	0.395542251425675	0.6073971217193039	-3.940817357281142e-8
862	0.26656658721746407	0.6744159384985123	-3.2894957842712636e-8
863	0.13316717442623183	0.7127938255138789	-2.455398359721001e-8
864	-0.000513121599198969	0.7250680538324289	-1.7581397686220292e-8
865	-0.13419032495586866	0.7128084983430999	-9.565244733984678e-9
866	-0.267553239741	0.6745356876009235	-8.616432500226787e-10
867	-0.39652532260809564	0.607561622263455	6.91598300167789e-9
868	-0.5127874707723326	0.5129793671534839	1.1637336844630853e-8
869	-0.6074343306808108	0.3968002494055552	1.2664679165459416e-8
870	-0.6744377694568109	0.2679521254710355	8.667727900933036e-9
871	-0.7127835082761754	0.13470379241357494	2.6315084915296735e-9
872	-0.7250899241435539	0.0011580695634712899	-6.7129254044423186e-9
873	-0.7128797854078347	-0.13233427591712527	-1.6349190330966538e-8
874	-0.6745906352435205	-0.26552645590047264	-2.7575887107966845e-8
875	-0.6076868266078246	-0.39427875252970696	-3.7554393104021115e-8
876	-0.5131463134625557	-0.5103660997064275	-4.7972081210272895e-8
877	-0.39702541949415604	-0.6048216554264678	-5.703263083056515e-8
878	-0.2682419013041704	-0.6716125263935973	-6.742689477662479e-8
879	-0.13507502300752194	-0.7097610696491529	-7.735375173448742e-8
880	-0.001613145154037648	-0.7218534508569465	-8.903406716705014e-8
881	0.13184207433253955	-0.7093583528262075	-1.0116116689223877e-7
882	0.264956607841573	-0.6708522550506613	-1.1340505282590321e-7
883	0.39364477042119034	-0.6036623107953121	-1.2334684850675194e-7
884	0.5096267939363475	-0.5087997424157865	-1.2885811315486882e-7
885	0.6040162716202829	-0.3923059406669073	-1.2699326358641492e-7
886	0.6707225260970429	-0.2631831818139605	-1.210509211477424e-7
887	0.7088219290890638	-0.12957063116439788	-1.1043219195513951e-7
888	0.720832121984913	0.004359672775128942	-9.925432121448496e-8
889	0.7082875852096768	0.13833820613318787	-8.776345412282316e-8
890	0.6696717714001141	0.2719985457398737	-7.67604774502683e-8
891	0.6023806019406416	0.4012724693125583	-6.743800938920946e-8
892	0.5074468828344725	0.5179863055253529	-5.753010781607509e-8
893	0.3908509570135934	0.6131454567926959	-4.704746424505538e-8
894	0.26156657536045996	0.680726215159673	-3.703447488916314e-8
895	0.12782273683055567	0.7198240251817609	-2.5224878485132433e-8
896	-0.006324646066985635	0.7329480327504205	-1.1249292688939708e-8
897	-0.14055166726414106	0.7217341813232461	4.4061794168946243e-10
898	-0.27451010273939797	0.6846494848455944	1.3069782875187668e-8
899	-0.40414266150280354	0.619152382748268	2.3227409933428754e-8
900	-0.5211957194878133	0.5262395386635399	2.9966767397660616e-8
901	-0.6166984851536371	0.412001448487202	3.237969796770457e-8
902	-0.6845712164189265	0.28523624237049366	3.318244070039967e-8
903	-0.7238589910914943	0.15421102483719665	3.023296650600632e-8
904	-0.7370752329514055	0.022815765643629277	2.690406365632294e-8
905	-0.7258243094353317	-0.10898522246357578	2.448317957830609e-8
906	-0.688557602510961	-0.24132512455648236	2.2469418145393634e-8
907	-0.6228369063075706	-0.36977196724391453	1.8844766142958445e-8
908	-0.5295800040182864	-0.4836163033240807	1.7498865947450348e-8
909	-0.4149815757954599	-0.5700170173519563	1.532112469578675e-8
910	-0.28790825555562033	-0.6217911861526345	1.3065632762733071e-8
911	-0.15653513907967254	-0.6391748935104468	1.1271383886042458e-8
912	-0.02484758517164149	-0.6252213098320777	8.615823741206182e-9
913	0.10720526201478262	-0.5831380750680822	8.203610491675926e-9
914	0.23974270723555174	-0.5179576094275608	8.54395225496867e-9
915	0.36834556269885743	-0.4371399322151329	-1.1139151657246781e-9
916	0.4823112659313852	-0.34551600635929136	2.2561408495498935e-8
917	0.5688850991933702	-0.2447034277796734	1.5933445752921797e-8
918	0.6207455801492066	-0.14035386709204437	4.799450625648928e-9
919	0.6381945211380395	-0.043203454837253394	6.9587419553267025e-9
920	0.6243486087829516	0.03615164601617414	7.645185069489583e-10
921	0.5823440055482942	0.09388204899968737	-1.3690822003556044e-9
922	0.5171763527558795	0.13594722220642733	1.068713313174422e-7
923	0.43644177109141163	0.1702927453898502	1.2037666605748515e-9
924	0.34490676211687415	0.19639105335391835	4.41719725884242e-9
925	0.24409574561481484	0.2047979081734236	5.299709855126568e-9
926	0.139804230951082	0.18964826813660862	1.8627352607857766e-9
927	0.042687090009119036	0.15875943073616666	1.63163600599074e-9
928	-0.03660569245745017	0.1256189063506966	8.079304168463552e-10
929	-0.09428634329693132	0.09784893731175687	-9.94514113253748e-10
930	-0.13632970319803547	0.07679246240560512	-1.0396493604366164e-9
931	-0.17065723463529534	0.061168883461228535	9.697884229005798e-9
932	-0.19676004987916146	0.049587115363217166	2.1444097138521523e-8
933	-0.20512329370885982	0.04082675055034622	6.567073672990799e-10
934	-0.1899540159934344	0.034099407306174494	-2.728916445490233e-8
935	-0.15907895887956464	0.028783352320111998	-7.602953965318185e-9
936	-0.12588866906395568	0.02454389915070846	8.821743267169412e-10
937	-0.09807022899280897	0.021132492453474722	1.7525973512862145e-9
938	-0.07699800451602201	0.018294485888181413	6.793695202353757e-10
939	-0.06139451063622435	0.015967765861124195	2.039297589459158e-11
940	-0.04981748257243085	0.013988230660256378	9.171155907767328e-10
941	-0.04104636834428733	0.012349663733524896	6.04223463036391e-10
942	-0.034272673090712996	0.010915467728016826	4.117419889318376e-11
943	-0.028965893689988045	0.0096863572112761	9.453557410288217e-11
944	-0.0247113202429827	0.008666448656037514	-4.5971159398083204e-10
945	-0.02127198120086284	0.007731969524290909	-2.533748781033785e-10
946	-0.018438039906694514	0.006933762229741099	1.560206506971787e-9
947	-0.016080944532310536	0.0062482615890941	-3.5442347797869597e-13
948	-0.014120151489335047	0.005658232404910941	-6.321866502436726e-10
949	-0.01245310170782692	0.005144537161186672	3.3636744350437374e-11
950	-0.011023528972913399	0.004592807143759935	-8.60003907703237e-10
951	-0.009806682437545818	0.0041916384936087885	6.461290155480176e-11
952	-0.008751375382531509	0.0038138311599447794	1.9222702709441635e-10
953	-0.007837431214804843	0.0034977493483964693	-8.091179623638456e-10
954	-0.007038950083892491	0.0031427269844241483	7.32678967224179e-11
955	-0.006338816643379186	0.002882689409601876	7.640826577222688e-10
956	-0.005721295315288566	0.0026513441967327177	-1.3083530677579086e-10
957	-0.0051812806030604305	0.002410786179085396	-3.227800523410656e-11
958	-0.0046778908430392	0.002205098586676647	-1.7938633176995116e-10
959	-0.004260427290249949	0.002030198748984285	3.590731883342421e-10
960	-0.0038814004681211912	0.0018655661136654483	-1.541446508236189e-10
961	-0.0035373729243628406	0.0017145414657103375	-8.342978383880799e-10
962	-0.003235853525814263	0.0015848736406858317	-2.1702027426152937e-10
963	-0.0029485733362446353	0.0014469232026162945	-1.0005559859631163e-10
964	-0.0026988763110900016	0.001352939640301778	5.3081720671993255e-11
965	-0.002464305690653904	0.001260422609592663	-6.073525811155336e-10
966	-0.002272997959391495	0.0011441202108957516	1.5083942385640005e-10
967	-0.00209872261563568	0.0010291723907748594	-4.30037439786731e-10
968	-0.0019179820926796196	0.0010146518717719193	-1.2109633269157749e-10
969	-0.0017690733404703781	0.0008912435615407113	-3.986710013998387e-11
970	-0.0016313897274033333	0.0008787206903051147	-3.3370958650633466e-10
971	-0.0015145204276268448	0.0008052401338896433	-7.546415782837967e-11
972	-0.0013937431612977911	0.0007121479547720492	1.6443092499009733e-10
973	-0.0012904534340536524	0.0007074685264485691	-4.907815518338959e-10
974	-0.001211240837713363	0.0006148271342322519	-2.3036008820092374e-11
975	-0.0011068316573291277	0.0005908489632039243	4.4655117685015233e-10
976	-0.0010252182245732177	0.000554712617580591	3.325571849865841e-10
977	-0.0009358350059569186	0.0004969440638816098	-7.5902791416952e-11
978	-0.0009013354337468383	0.0004807584481564199	2.8137124751569167e-10
979	-0.0008319695918289349	0.00046807113404396866	-9.428575769703376e-10
980	-0.0007628402382395765	0.0004343890641731647	-6.9572860498468e-11
981	-0.0007014750924866951	0.00040625329496395276	-4.2539204016588663e-10
982	-0.0006653992100959527	0.00039961717309732484	-2.0537948215780866e-10
983	-0.000629226224880784	0.0003901802213045658	2.3461533363384154e-11
984	-0.0005923496064039216	0.0003343524256201274	-4.1329411704044494e-10
985	-0.0005412920314588552	0.00030260623479387127	-3.0477476775213537e-10
986	-0.0004985350709395072	0.0003131093982552352	-1.9277315947025075e-10
987	-0.0004808735900532287	0.0002482936131078806	-3.4963362936776053e-10
988	-0.000458811484737306	0.00025850457443061647	5.675621379750129e-11
989	-0.00041138971450669444	0.0002766148883440002	1.214924215894585e-11
990	-0.00038255580704009136	0.00022665141685384368	-5.042122959784871e-10
991	-0.0003736030126559715	0.0002466859418692164	-4.717212226418722e-10
992	-0.00034424001847139824	0.00021465582488845882	3.426140916223164e-10
993	-0.0003133968234994268	0.00021282195208342065	-1.2420724924003322e-10
994	-0.0003114926833228037	0.00016821557541992857	-5.7013366902439505e-11
995	-0.00029390498278504334	0.00020419914883252734	1.7801959865534114e-10
996	-0.0002769151219662023	0.0001166698611226434	-5.741532313280739e-10
997	-0.00026432419533048624	0.00014670701954462833	-2.909288317340451e-10
998	-0.0002379281831377853	0.00013416824128089253	-4.786851141927425e-10
999	-0.0002530097818154298	0.00015944791727863825	-3.1791297471710915e-10
1000	-0.0002043034837721754	0.00013072287948943728	-6.03041453835308e-10
1001	-0.00019351789085524882	0.0001062489542377115	6.784150995270838e-11
1002	-0.0001824579372049042	0.00012168304863923593	-2.551422078303943e-10
1003	-0.00017057829186216506	0.00008826883515891727	-5.724735168351847e-10
1004	-0.00017672581145360147	0.00010979592264145408	1.6715580122005963e-10
1005	-0.00016559916601389523	0.00011982246441223865	-1.0488206534454324e-9
1006	-0.0001731817228693383	0.00009381367642132007	-5.244146560270847e-10
1007	-0.00013270617775984183	0.00010638169462487198	9.232104012019089e-10
1008	-0.00013208301446628425	0.0000796420806073815	-5.400424981747828e-10
1009	-0.00012949652132588564	0.00002951081350275483	5.133629744046178e-10
1010	-0.00013061421600018893	0.0001032772438584411	9.126245307890889e-11
1011	-0.00011966623502906471	0.00009345268995616474	-5.90700846533764e-10
1012	-0.00010969487596961473	0.00008182257806257393	5.472174004379887e-10
1013	-0.00010759435035879105	0.000031199151318097955	-4.832467137576708e-10
1014	-0.0000894661066041544	0.000018817013750220817	-5.038350205368982e-10
1015	-0.00009139943075459113	0.00008932070809023593	1.2066248522611594e-9
1016	-0.00009975666798935999	0.00006285469143284024	4.2292932417430635e-10
1017	-0.0000732626724839137	0.00003488951779092412	1.8048201287464525e-10
1018	-0.00007999209341939294	0.00006760618846811655	2.2168991862906517e-10
1019	-0.00006421586327805188	0.000055648995522722356	-2.739752961925046e-10
1020	-0.00006481017067750861	0.00003386338082672169	4.591870206402685e-11
1021	-0.00007413370046672098	0.000047645508121212676	9.119860347961758e-12
1022	-0.00005951621628090455	0.00002617467686963552	5.095676960885396e-10
1023	-0.000049927792992199485	0.000042323270988144516	1.1204666968104752e-13
1024	-0.0000574149170298752	0.000060838147204314306	4.2368212544068283e-10
1025	-0.00009088109749388585	1.8256365299883356e-6	1.6210447044976074e-10
1026	-0.00007147680209678152	1.303081558452643e-6	-4.1407353454768914e-11
1027	-0.00006297246746739278	0.00002102885919253689	-6.890926254174372e-10
1028	-0.00006407659991682833	2.126438647307577e-6	4.2053438419801095e-11
1029	-0.00003797314403523346	0.00005365481249285941	2.9920182087491137e-10
1030	-0.00004059923732364987	0.00004204986282055935	6.739270338620231e-10
1031	-0.00005574781553274654	0.00004652965320946128	-4.0457439919616184e-10
1032	-0.000029633930296247506	0.00002793199610126614	-3.1888107405182367e-10
1033	-0.000026014492267335936	-0.00001765803311713497	-4.6733453299095584e-11
1034	-0.000023635964213815036	0.000021617669658974086	4.66285865913155e-10
1035	-0.000047551901264377005	-6.168354971159182e-6	-3.1681749156580517e-10
1036	-0.000029926083278820503	-6.404500431829563e-6	-4.5021877649766054e-10
1037	-0.000051876129710764695	0.000037230625006164046	3.83788055740538e-10
1038	9.815735416727158e-7	0.000053618649635500315	-2.2427518608021788e-10
1039	-0.000040081128643579125	0.00001984774553098096	5.860286769876205e-11
1040	-0.000028699327563754642	0.00004253126374295665	9.161014136067107e-10
1041	-0.000019090450973104067	-9.448763906923444e-6	-3.0039349478083807e-10
1042	-0.00001834715201273702	0.00002775532867634067	3.005775309263608e-10
1043	-0.00002422811285472862	0.00005086362132245031	3.821655293010126e-10
1044	-8.56054308247723e-6	0.00002691258808972388	-1.4329944429900537e-10
1045	-0.000026339446336039186	0.000011140551827308232	-8.65231223756526e-11
1046	-8.22271756415458e-6	8.551336602751714e-6	-5.166911661404183e-11
1047	-0.000027209026651618873	0.000027560010443326027	3.146399644069995e-10
1048	-0.000025835449613293156	0.00008748395026014259	2.948422690158388e-10
1049	-0.000028429032992301496	0.000014311602511748818	-5.21740418961991e-10
1050	-0.000021480344040162516	0.000012733783339677739	-3.067837473785051e-10
1051	7.508908477870443e-6	-0.00003227630382368106	-5.459427931612452e-10
1052	-3.5984650363005207e-7	0.000017632129977017793	-6.95372392188673e-11
1053	-5.322170487115823e-6	-0.00001580461843729328	-5.742441538915623e-10
1054	-0.000027076854790232276	0.000012909852225893026	3.810310101453147e-10
1055	-0.00002344974849050427	0.000047805582991494626	2.1191132117997431e-10
1056	-8.529972748826162e-7	-0.00001603903650090416	2.7933703781435704e-10
1057	-0.00002690040644774592	-4.8328726534317045e-6	-5.7945789183644704e-11
1058	-8.522020406469579e-6	-0.000022511290948220162	-3.137704012500233e-11
1059	-0.000019989347394779973	0.000020649960579227568	2.8473901150365267e-10
1060	-0.000028642427148142616	-0.000025203187099980822	8.916209247050335e-11
1061	-1.97449936583465e-6	0.00004967093112430388	-5.402643533874836e-11
1062	-0.000027739922018089742	4.306710732948619e-6	-1.1360342979300889e-10
1063	-7.762491165925705e-6	-8.485615350420044e-6	-2.461885163296407e-10
1064	-8.465320682373884e-6	-0.000028033218776363203	-4.821892196021199e-11
1065	-0.000013432944491164465	0.000024948580478588176	-2.7537091229450805e-10
1066	2.349018473129324e-6	0.000023839508893638716	1.9318632835055744e-10
1067	3.4002097253594805e-6	2.0126102714250086e-6	8.269871041495304e-10
1068	-3.7881834428836124e-6	-0.00005327174574440648	-4.3199599645109514e-10
1069	-0.00001988041491983924	0.000037384695136484554	-2.5837391377367535e-11
1070	-4.028313977008407e-6	0.000015727393355596034	1.133648390156571e-10
1071	-4.499395578071379e-6	0.00006814683036226303	2.707444707957499e-10
1072	0.000012694826400526448	3.707889038587767e-6	-3.487548771856291e-10
1073	-0.00001089754825647248	-0.000013043258653948984	-7.039520423902548e-11
1074	1.7453151933636825e-6	-0.000013462412607966932	-1.6288421517592764e-10
1075	-6.046584338496996e-7	0.000029034268263201543	-1.657251199795136e-10
1076	-0.000012248995321216968	-3.234028774956745e-6	-9.686779712231136e-11
1077	-8.17139275563335e-6	2.039509465247562e-7	-1.0845368087780647e-11
1078	-6.388251651536771e-6	-0.00002208185361699873	2.93201008086239e-10
1079	-2.518516105580836e-6	0.000038699867469958086	-4.708445041503961e-11
1080	2.232585960745984e-6	6.3074476915879834e-6	1.509533091383658e-10
1081	-1.6212160405047706e-6	0.000012396952010838863	-4.4420170877789477e-10
1082	-0.00003844925307769869	0.000018317301738608093	7.419505427086205e-10
1083	5.555702819552011e-6	0.00001741152909086344	-3.129639435053472e-10
1084	3.1183923360613597e-7	0.00004378033181504175	-7.119311672249535e-10
1085	8.510444300156212e-6	0.000022832422762824796	-7.467846514726512e-10
1086	-4.763348741228971e-6	0.00005189857186935059	3.838056237316702e-11
1087	6.75323802057406e-6	0.000030170445583359178	3.50692091830675e-10
1088	0.000019653069868855306	6.901122628482402e-6	2.3061274082877e-10
1089	4.324459462913901e-6	0.000015423769386257488	-5.395610723951216e-10
1090	0.000022172413085374755	-0.000016110996424638756	-3.2055908646526116e-10
1091	1.3358312140421665e-6	-0.00006540850330545589	1.0288841786913209e-10
1092	9.070453772685242e-7	0.00005910807474880525	-2.1887293659771697e-10
1093	0.00001777129744056043	-0.000044870654532163924	-8.531584838849822e-10
1094	-0.000011792647273011194	-0.000013898583317734116	-1.9652419655153537e-10
1095	5.493364508006199e-6	8.288812498714968e-7	1.8485194442604467e-10
1096	2.067011692852042e-6	6.009469107908453e-6	-3.8487220944726365e-10
1097	-0.000012818419962628993	1.0055970090034193e-6	-5.369965765051048e-11
1098	-0.000029727570401566127	0.000011041203995496268	-6.871697280064305e-10
1099	2.0083940680190335e-6	0.00005923080162730787	-4.5123923110923387e-11
1100	4.269793051053759e-6	0.00002450142975259145	3.9958000933608646e-10
1101	-0.000042699294080189066	8.554190764974333e-6	7.106289824666018e-10
1102	-6.637368019237809e-6	-8.246791730125533e-6	5.722090793956763e-10
1103	-4.899865006841244e-6	-0.00001844778291381663	-1.7186017350471917e-11
1104	-9.128753412041962e-6	0.00002162784677887969	1.7764164645785938e-10