-96	-0.00011374380689535606	0.00020614899597894663	9.487696602324011e-11
-95	-0.00012047490211316752	0.00021852604644169018	9.460002704506988e-11
-94	-0.00012766333388427543	0.00023178223300384263	-2.2525585473172646e-11
-93	-0.00013534350604850825	0.0002459908039243058	6.979312278122417e-11
-92	-0.00014355413187156074	0.00026122702091549085	-3.4915446384514214e-10
-91	-0.00015233672256029538	0.00027757824906883186	-1.7163461347210088e-10
-90	-0.0001617371229429578	0.00029513722952455204	-6.450327476171609e-11
-89	-0.00017180357724741298	0.0003140072152147159	-5.429130564470703e-10
-88	-0.00018258938908075284	0.0003342978295998226	-6.042968371044321e-10
-87	-0.00019415373998131542	0.0003561333279866783	8.165677734216791e-10
-86	-0.00020656079640645785	0.0003796477948223577	-8.788498745914937e-11
-85	-0.0002198790665468618	0.00040498770253145786	-1.5907306670631425e-10
-84	-0.0002341853344551052	0.0004323194709965042	7.332635056136782e-10
-83	-0.0002495599098314326	0.0004618155449902721	5.55118795941202e-10
-82	-0.00026609788467521695	0.0004936775621588882	-3.754071418856491e-10
-81	-0.0002838954986040724	0.0005281184248528032	8.072669946961078e-11
-80	-0.0003030633235734159	0.0005653781392151976	1.9051784342675593e-11
-79	-0.0003237197663843456	0.0006057211237374448	-1.478741257961878e-12
-78	-0.0003459968427605388	0.0006494390038514816	6.410355659703152e-10
-77	-0.00037003792236738953	0.0006968542763961204	-1.559604324369601e-10
-76	-0.000396000992122213	0.0007483227705211285	-6.852107132912109e-10
-75	-0.00042406100174820807	0.0008042479460761182	-4.371419797982913e-10
-74	-0.00045440976255973955	0.0008650650055672389	-4.146212022366417e-10
-73	-0.0004872595728639266	0.0009312670966244601	-5.531590406912292e-11
-72	-0.0005228433073314823	0.001003402196784971	-4.661405997587203e-10
-71	-0.0005614206709695209	0.0010820837840047654	-2.9348879963519434e-10
-70	-0.0006032761955356916	0.0011679927520155196	-5.381709760033018e-10
-69	-0.0006487266300332439	0.0012618958937489805	-4.119458608344097e-10
-68	-0.0006981242301346952	0.001364653748867542	7.912303331143542e-10
-67	-0.0007518575861122651	0.001477233392725551	3.5091792644697006e-10
-66	-0.0008103612417709661	0.001600726561186114	3.88432481141206e-10
-65	-0.000874117511595957	0.0017363642825915927	-5.357522414831617e-10
-64	-0.0009436657891657762	0.0018855438061285796	1.387610469238124e-10
-63	-0.0010196061361868497	0.002049851962997561	1.624177415522191e-10
-62	-0.0011026135858221988	0.0022310968025012735	-3.071635554714324e-11
-61	-0.0011934408693525572	0.002431343607584236	-1.9776486965458988e-10
-60	-0.0012929370233703392	0.0026529627611564573	-7.328670555506659e-10
-59	-0.0014020554102176905	0.002898680527057913	-1.7675228475048674e-10
-58	-0.0015218713320721824	0.0031716524645996175	-9.204674817320088e-11
-57	-0.0016536031744241225	0.0034755378110460766	-9.165402770947878e-10
-56	-0.0017986300384821208	0.0038146020212899033	-2.660809793074881e-10
-55	-0.001958517476505611	0.004193843468384494	-9.900449508960466e-11
-54	-0.002135055400292268	0.00461914969467931	-4.655550074805133e-10
-53	-0.0023302855799042445	0.0050974930996562	-2.2788488767897017e-10
-52	-0.002546555333892304	0.005637181389539738	-4.733892296758288e-10
-51	-0.002786566555381923	0.006248178006044557	-2.314328739366605e-10
-50	-0.0030534420293654393	0.006942515603346361	-5.998125671855746e-10
-49	-0.0033508100320878077	0.007734835729017435	6.468853703727647e-11
-48	-0.0036829003044361753	0.008643093190091846	7.27777286704375e-11
-47	-0.004054675498972933	0.009689507406592024	-6.826543452088378e-10
-46	-0.004471979265636614	0.010901835238419939	-8.433537921167378e-10
-45	-0.004941736932213176	0.012315109734084957	1.982192679946264e-10
-44	-0.00547220561085423	0.013974067812939226	-8.764890005055019e-10
-43	-0.006073289794029897	0.01593657071150705	-8.153391138792276e-10
-42	-0.006756960289209037	0.01827853122692679	5.7529166625294625e-11
-41	-0.007537784417092867	0.021101188474742013	-3.4901539263982284e-10
-40	-0.008433639735050659	0.02454203725547454	4.685766468558835e-10
-39	-0.009466655960411774	0.028791676025027725	-7.56779909468272e-11
-38	-0.01066448867337868	0.0341203616988832	4.620931381546119e-10
-37	-0.012062058789548255	0.040920427101502996	8.515679494756653e-10
-36	-0.013703972878476816	0.04977386980955964	2.628820231386267e-10
-35	-0.015647947044496884	0.06155495785907896	2.3931075452466937e-12
-34	-0.01796973398372987	0.07755824930947516	-4.886983840122054e-10
-33	-0.02077038019975707	0.09953447958647037	-5.341880488910864e-11
-32	-0.024187166051350188	0.12912381577784668	-9.4457619060957e-10
-31	-0.02841045001162948	0.16538491085086832	2.8630842845609567e-10
-30	-0.03371021347601813	0.19998286945790386	-2.546330338995773e-10
-29	-0.04047847319366219	0.2172237506426148	-8.234110826525839e-10
-28	-0.049296884733986496	0.20781646181658694	-1.5686614227888758e-9
-27	-0.061039339669406334	0.1791995218102997	-1.3216454017772338e-9
-26	-0.07700002381564507	0.14315376821687112	-3.6994636515664163e-10
-25	-0.09892936087484662	0.10036437830740137	-1.3955015284052574e-9
-24	-0.12846741452559238	0.041580657092522	-1.806429411998767e-9
-23	-0.16467314216316	-0.04019872159168602	-7.573591124394073e-9
-22	-0.1992123128237403	-0.1408361360752942	1.8313513968599232e-7
-21	-0.21639143717176335	-0.24849498719596047	-9.431898536303131e-9
-20	-0.2069195720226389	-0.35112281757787406	1.4862530219528787e-7
-19	-0.17823737510671622	-0.44235216051814963	-1.5711102327639968e-8
-18	-0.14213339526719315	-0.5213245548691676	9.505527224582018e-10
-17	-0.09931020230272977	-0.5846785957422064	-1.1133188454041927e-9
-16	-0.040552531132203126	-0.6257352212001197	3.317484416020401e-10
-15	0.041066844999711236	-0.639686043000144	-4.0962559347768377e-10
-14	0.14125729692113306	-0.6233233479574618	-1.4269814175449386e-9
-13	0.24787480819061017	-0.5731930145192453	-2.706855374164884e-9
-12	0.34834432086427525	-0.48823906582387044	3.205939583580423e-9
-11	0.43575548963325733	-0.3745958764568423	9.399570476964795e-9
-10	0.509484964818134	-0.244670153613851	-2.6204288401878948e-8
-9	0.567752174959908	-0.10983305587207057	-3.2489604470366938e-9
-8	0.6055266266212698	0.024983845054094896	-4.130167516581234e-9
-7	0.6184905900028537	0.1598943317594305	-5.565469256776845e-9
-6	0.6033975109820842	0.2951110909850864	-2.5613329346569027e-9
-5	0.5568236684570016	0.4265351526759488	-5.731010443197021e-9
-4	0.4772057415041737	0.5453310677671873	-3.0493599545114726e-8
-3	0.3690223187229752	0.6418934513048457	-2.4289294085639895e-9
-2	0.24312050117947345	0.7096807502310766	4.774053935644282e-10
-1	0.1106662506360737	0.7478096377498727	-2.473586235461876e-9
0	-0.02284689678699849	0.759292466765507	-3.3159996053012264e-9
1	-0.1570018594067196	0.7459027648867448	-3.324162259638578e-9
2	-0.29170179127781065	0.7058134832050857	-2.3907896361988832e-9
3	-0.42270021675949854	0.6359571592034581	-3.879727514387377e-10
4	-0.5411100794448002	0.5371713261712733	6.467713053271224e-10
5	-0.6373323305676328	0.41597579111959626	1.6858932008398704e-9
6	-0.7048595484333509	0.2819724816826914	1.4943096553681183e-9
7	-0.7428399234888765	0.14400645774405516	2.538882143733944e-9
8	-0.7543007523730185	0.006228064593189883	2.2294103262474208e-9
9	-0.7410186619357714	-0.13146522825946994	9.715627772958445e-10
10	-0.7011618042900181	-0.2691788977794442	-1.0745105420450003e-9
11	-0.6316461282595647	-0.4027730095219498	-3.3544942583559004e-9
12	-0.5332746493309634	-0.5234263491153751	-5.6065796946557674e-9
13	-0.4125211431596677	-0.6215797817252002	-7.720536932271811e-9
14	-0.27894604079117213	-0.6907623687098302	-1.0074632946902141e-8
15	-0.14136823689029634	-0.7301625888526303	-1.1417540481916196e-8
16	-0.003929754802329176	-0.7428444575536967	-1.3334030073799572e-8
17	0.13346828239739675	-0.7306172838489169	-1.3431760185892665e-8
18	0.2709236708177819	-0.6916820673116978	-1.517645462553678e-8
19	0.4042911615441348	-0.6229890910414477	-1.6064351178971478e-8
20	0.5247483388824157	-0.5253690859074248	-1.6269083226329667e-8
21	0.6227360288482738	-0.40530921822846944	-1.6107056678027532e-8
22	0.691782434386177	-0.2723723880792235	-1.4167818026722058e-8
23	0.7310712611048059	-0.1353775445266118	-1.2112304343258426e-8
24	0.743660231063203	0.0015297310622187801	-8.828781963919393e-9
25	0.7313543128608679	0.13844044620346993	-5.353453615508516e-9
26	0.6923544983205798	0.2754441265113488	-1.006699455967135e-9
27	0.6236127111308691	0.40839082884925676	1.8243014156828488e-10
28	0.5259588334191415	0.528461642147974	2.5583545008873052e-9
29	0.4058758854180394	0.6261046526721983	2.1679712644349633e-9
30	0.27292161955302263	0.6948522022484392	-5.014742785231975e-10
31	0.13591034418791875	0.7338838288983204	-1.5376285431148612e-9
32	-0.0010130034760797318	0.7462489367725959	-3.799412824003513e-9
33	-0.13793686531611987	0.7337462598055007	-4.987107364284577e-9
34	-0.2749477485632358	0.6945745197758555	-5.795738407929986e-9
35	-0.40789690485361685	0.6256848766184276	-5.476017737252934e-9
36	-0.5279690063358303	0.5279040965295762	-5.552200754725989e-9
37	-0.6256167422661832	0.4077095066313488	-3.4064640803342792e-9
38	-0.6943748297518413	0.2746539794374504	-6.308378672163106e-10
39	-0.7334223010748465	0.13754663582947377	3.1316490187889156e-9
40	-0.7458051847116266	0.000532009515155457	5.0418042812808145e-9
41	-0.7333209496521307	-0.13647601763396777	8.3597889026501e-9
42	-0.6941699635546842	-0.273561955965743	1.0958303978134879e-8
43	-0.6253077253874596	-0.40657761827131933	1.4666283321327298e-8
44	-0.5275621666774055	-0.5267115534607756	1.5572484053095232e-8
45	-0.40740833788145314	-0.6244191616749952	1.7243585619478835e-8
46	-0.2743939435113496	-0.6932375567761822	1.678287251221774e-8
47	-0.13732495347345547	-0.7323450810840838	1.6396332410606543e-8
48	-0.000345000598702748	-0.7447854049781804	1.5025919981212924e-8
49	0.13662890612816458	-0.7323549369953433	1.3443163570568556e-8
50	0.27367793110477584	-0.6932574315441872	1.1542609310120122e-8
51	0.40665447085192336	-0.6244523487456941	6.901625295112008e-9
52	0.5267512007906187	-0.5267699223704901	5.212762133799914e-9
53	0.6244283484341338	-0.4066827306996684	1.489549844785169e-9
54	0.6932255974694818	-0.2737347561192832	3.5038184554774544e-10
55	0.7323210364148693	-0.13672802378244267	-9.65477366652211e-10
56	0.7447541045559899	0.00019441454420728222	-5.312051050056645e-11
57	0.7323191593058742	0.1371120720115459	7.904055454470869e-10
58	0.6932217256700273	0.2741034873596354	1.7622202569724628e-9
59	0.624425375511949	0.4070209918898693	3.308055518117119e-9
60	0.5267607188074719	0.5270613860865236	4.048871605587844e-9
61	0.40669757163503456	0.6246902511916148	2.9424783795461833e-9
62	0.27377523996319	0.6934509484557392	2.179285312826475e-9
63	0.13679114833832462	0.7325201426320139	1.875207234518463e-9
64	-0.00011119845520460887	0.744933062766233	6.990332036948367e-10
65	-0.13700874653990835	0.7324821233007992	9.940696622093976e-10
66	-0.2739769129950177	0.693374601138767	5.838617714707966e-10
67	-0.40686833031011654	0.6245771058650504	1.8845250229696798e-9
68	-0.526884322644988	0.5269209082945142	1.9231793315676004e-9
69	-0.6244941824085753	0.4068730490272541	3.145631822880531e-9
70	-0.6932444359248663	0.27396824272086606	3.098745250295015e-9
71	-0.7323108677496826	0.13699897192744634	4.460296188566603e-9
72	-0.7447249809170978	0.0001086277582872648	5.568734210083864e-9
73	-0.732277664468997	-0.13677632914338808	5.682822437720206e-9
74	-0.6931774153773258	-0.273728342112642	5.217268663165976e-9
75	-0.6243949860865844	-0.406600934774286	5.680421241781138e-9
76	-0.5267628193595034	-0.5265988009668469	6.679799807755934e-9
77	-0.406744798921186	-0.6241963672643509	7.846679092837332e-9
78	-0.2738710232916864	-0.6929417521166085	8.171138243806614e-9
79	-0.13693070092056003	-0.7320104100132521	8.77938112604412e-9
80	-0.00006613449225720989	-0.7444304123724698	8.579455740890601e-9
81	0.13679318767235576	-0.731990932074011	8.369826820224592e-9
82	0.2737167665042953	-0.6929017017281281	6.664324703524306e-9
83	0.40655802074870157	-0.6241380164356796	4.728254941840362e-9
84	0.5265258963867747	-0.5265336584025372	2.8689343768083005e-9
85	0.6240995542093174	-0.40654872506768513	-1.310665244038407e-9
86	0.6928304751987141	-0.2737093744420663	-3.3824958037084142e-9
87	0.7318924404396717	-0.13680068518710503	-4.2299479597445016e-9
88	0.744310017297755	0.00003493126759121325	-5.3184499919633055e-9
89	0.731870317395747	0.13686631011965986	-6.878198404028375e-9
90	0.6927860403831976	0.2737578421037592	-6.912709169888513e-9
91	0.6240349317425475	0.4065650965795071	-6.4238519170370355e-9
92	0.5264522008702951	0.5265006485571403	-6.290095045663541e-9
93	0.40649439052128983	0.6240477011954468	-5.980894871198581e-9
94	0.27368389641024343	0.6927616943791379	-6.210971640821457e-9
95	0.13680155039328543	0.7318148800796478	-5.216532502032965e-9
96	-0.000010817121733873643	0.7442277104303179	-5.616839687228806e-9
97	-0.1368180848782579	0.7317869704407108	-3.7011935067768658e-9
98	-0.2736839095231668	0.6927058466112198	-3.5436279358404144e-9
99	-0.40646224301961614	0.6239653273404081	-5.992913705077359e-10
100	-0.5263701457389941	0.5264020227385156	7.96699147053742e-10
101	-0.6238959712515099	0.4064716408901906	3.03437426218987e-9
102	-0.6925969174459082	0.2736881421842998	3.913844737961255e-9
103	-0.7316453795234358	0.13683094017334807	3.7190066983182307e-9
104	-0.7440580624152787	0.000040673779314774254	3.663982936055171e-9
105	-0.7316186992625124	-0.13674464423504443	3.830736506882425e-9
106	-0.692543063790537	-0.273585788585061	2.786036240732231e-9
107	-0.6238168916149134	-0.4063353570804055	2.2472596747050926e-9
108	-0.5262767086595403	-0.5262172661597054	3.1425761856134375e-9
109	-0.4063743487857773	-0.6237229370850581	2.9884108107166756e-9
110	-0.2736213734937564	-0.692412223869707	3.6404918380141135e-9
111	-0.1367915927460537	-0.7314567279306803	3.979279696127382e-9
112	-0.00002554224201285247	-0.7438692612278764	3.4781421145591584e-9
113	0.13673503468248904	-0.7314325335315488	3.13274442158898e-9
114	0.27354816802955667	-0.6923639535319392	1.296176679669964e-9
115	0.406268443277306	-0.6236519146619393	1.1141148601086528e-9
116	0.5261214647841056	-0.5261352016473203	-5.211714143164847e-10
117	0.6236035575776927	-0.4062615671442099	-2.122709641659847e-9
118	0.6922793173654895	-0.2735403550317683	-3.4921891933040816e-9
119	0.7313178222231116	-0.1367381193679662	-4.231620562108545e-9
120	0.7437286687070847	2.0493150502152304e-6	-4.409448367317231e-9
121	0.7312929811826515	0.13673846153308045	-4.781687412356043e-9
122	0.6922291819844002	0.27352280131934353	-5.22631897467402e-9
123	0.6235312067368697	0.4062116064390759	-5.2318412948613456e-9
124	0.5260359051995146	0.5260359837897651	-6.52854901019618e-9
125	0.4061912875734023	0.6234943781288264	-6.642470844810695e-9
126	0.27349892179280266	0.6921549750469378	-8.041490934246007e-9
127	0.1367238082084216	0.731188170272746	-9.16074758300575e-9
128	7.513861935186767e-6	0.7435972351004337	-9.25995632114816e-9
129	-0.13670474081542772	0.7311625577921197	-8.844374909970185e-9
130	-0.2734620692003894	0.6921043164995281	-6.6506780670636154e-9
131	-0.40612186340337103	0.6234173861497637	-5.174419232466979e-9
132	-0.5259175349031541	0.5259454524881881	-2.4394774242222674e-9
133	-0.6233537783591088	0.40612794113031175	-2.962943239687349e-11
134	-0.6920020063411724	0.27346544097779313	1.7260964257928193e-9
135	-0.7310288303634213	0.1367174238228299	3.862556856258382e-9
136	-0.7434372748386647	0.000024176659718267222	3.061810639735161e-9
137	-0.7310032302123849	-0.13666440778958994	3.479845784467319e-9
138	-0.6919501323495618	-0.2733957329471261	3.290399430316626e-9
139	-0.6232777454243482	-0.40602498403815973	3.294708086460477e-9
140	-0.5258275379399899	-0.5257934406496335	2.4211248237831994e-9
141	-0.4060393622612396	-0.6232079821188266	3.973235317047242e-9
142	-0.2734064889364744	-0.6918427643911781	4.965373478831543e-9
143	-0.13668614718186262	-0.7308647561499253	6.0825570356100724e-9
144	-0.00001677952404720684	-0.743272107071812	7.458294482064113e-9
145	0.1366459473423547	-0.7308403256007412	8.001437184647414e-9
146	0.2733501278003778	-0.691792444747566	8.645590479874325e-9
147	0.4059498344057264	-0.6231339568742389	7.108969385003821e-9
148	0.5256888482222605	-0.5257069125352956	5.357403159180269e-9
149	0.6230808564818995	-0.4059458242693476	3.5654084838126713e-9
150	0.6917025596706496	-0.2733439270296913	2.0526425282396835e-9
151	0.7307186256318119	-0.13665035057466499	8.305288671439312e-10
152	0.7431246743761019	-7.705491715468027e-6	2.7498556154382417e-10
153	0.7306936458406379	0.13663190707753525	-1.1952758082921626e-9
154	0.6916516424902598	0.2733078143908573	-1.6100503391027213e-9
155	0.6230063823129438	0.40587819582891854	-1.3610543044478638e-9
156	0.5256012325550697	0.5255879822159121	-1.926110144103926e-9
157	0.4058694755985347	0.6229567388243162	-2.2549762776773484e-9
158	0.27329755326411626	0.691564356255277	-2.6302366678245866e-9
159	0.13663095746950374	0.7305748199121492	-2.599780787992756e-9
160	0.000011705462725129139	0.7429798930331653	-3.2107540011761184e-9
161	-0.13660252277576534	0.7305496120886487	-2.070559338803063e-9
162	-0.27325063824875345	0.6915126751896123	-9.8356300586107e-10
163	-0.405791710833788	0.6228817413543412	1.3747685845960958e-9
164	-0.5254728802132113	0.5254982632638449	3.554760176610826e-9
165	-0.6228199929038599	0.40579475654396885	4.9735571731315324e-9
166	-0.6914147120483698	0.2732524781455128	6.212527097756799e-9
167	-0.7304184912421834	0.13661408293898333	5.95581442333252e-9
168	-0.7428222718760532	0.000018203012621745637	4.6435267359755016e-9
169	-0.7303929514256658	-0.13657284897953859	3.887676315521935e-9
170	-0.6913617574807062	-0.2731921964353577	3.6670982013906396e-9
171	-0.6227444757238569	-0.4057025213407491	2.584973159590344e-9
172	-0.5253840098171467	-0.5253564900922476	2.0217188105172867e-9
173	-0.4057101116303597	-0.6226793729975243	3.0540490703227965e-9
174	-0.2731973018445304	-0.6912623937673573	4.140765126085465e-9
175	-0.1365860383616146	-0.7302608359086238	3.2202547648160714e-9
176	-0.00001510998612625644	-0.7426646818883603	3.7061740301530745e-9
177	0.13655103862533247	-0.7302370351771821	3.205609851397745e-9
178	0.2731448971618537	-0.6912096339098163	2.2010416718242483e-9
179	0.40562413056714697	-0.6226066877533083	-8.802996976567425e-10
180	0.5252492398182477	-0.5252700703298878	-3.3041383035766396e-9
181	0.6225513681642013	-0.405621861563222	-5.422687709689593e-9
182	0.6911188004500064	-0.2731412512942629	-8.431948175654939e-9
183	0.7301117248510965	-0.13655815946688366	-9.316121566084087e-9
184	0.7425141615019691	-0.000010623284881421909	-9.814743040788097e-9
185	0.7300870115402904	0.1365324921324814	-9.723953760855e-9
186	0.6910662651706446	0.2730979240172731	-9.294394835571531e-9
187	0.6224761886335242	0.40554615777008507	-9.843489814431046e-9
188	0.5251613346098822	0.5251443253069074	-9.769631271296068e-9
189	0.4055444831963366	0.6224225336829748	-9.279032431865577e-9
190	0.2730913314500845	0.6909763168144776	-1.0016910434239658e-8
191	0.13653563252773188	0.7299617146358739	-9.646069444035248e-9
192	0.000013114326610043015	0.7423618597491588	-1.0297400140921488e-8
193	-0.13650383963877366	0.7299368429245324	-1.1057095703810378e-8
194	-0.2730428306856373	0.6909228068049864	-9.946828090104846e-9
195	-0.4054617176679424	0.622347107973343	-8.820305905974633e-9
196	-0.525029965271216	0.5250541708535009	-6.667632115918673e-9
197	-0.6222856333542459	0.4054659029495167	-2.9613471728942255e-9
198	-0.6908253947269068	0.2730421284377979	1.2816182686986233e-9
199	-0.7298073519472662	0.13651557997644093	4.691978090921604e-9
200	-0.742207526380957	0.000015468815966885905	8.109129171852385e-9
201	-0.7297818253898376	-0.1364755195974883	1.1272736154935182e-8
202	-0.6907741962355023	-0.27298586105401484	1.4895573446781355e-8
203	-0.6222098434624841	-0.4053773310080096	1.6526021413628044e-8
204	-0.5249404739679641	-0.5249146713728711	1.7475527562547663e-8
205	-0.4053815315021035	-0.6221493485130571	1.7839161413710397e-8
206	-0.2729891527659962	-0.6906777830509133	1.67504602717297e-8
207	-0.13648794611548207	-0.7296508969209994	1.575251584287456e-8
208	-0.000014385350157670798	-0.7420508131140988	1.4493382772810473e-8
209	0.13645326691865392	-0.7296267270727438	1.235013063239139e-8
210	0.2729375012457784	-0.6906237195938386	9.498011301082312e-9
211	0.4052978058028417	-0.6220736428981367	4.537074605183426e-9
212	0.5248058145760764	-0.5248288823181496	8.992670827100786e-10
213	0.622017039835301	-0.40529623340534077	-2.786218515757952e-9
214	0.6905298018479803	-0.27293481318870527	-4.5644576281506725e-9
215	0.7295015454294498	-0.1364619018757506	-4.749624054109427e-9
216	0.7418966914033931	-0.000011848016898758926	-4.87664867049197e-9
217	0.7294752952191145	0.1364330116622752	-4.787851156729068e-9
218	0.6904781619980487	0.27288888975487663	-3.93800616389952e-9
219	0.6219411977042846	0.40521504955074383	-1.066832209648997e-9
220	0.5247173451665317	0.5246980129568932	-8.407685963406077e-10
221	0.4052152798406818	0.6218847044683755	-1.007801452038547e-10
222	0.272884183768276	0.6903828424448633	8.229427100553853e-10
223	0.1364382569250187	0.7293495990710799	7.077255090676151e-10
224	0.000014643530617333055	0.7417448889635236	8.014531337809849e-10
225	-0.1364040929062239	0.7293227666768164	2.0511103928981557e-9
226	-0.2728341993892955	0.6903326883766983	1.7850589601914898e-9
227	-0.4051316480094612	0.6218093790033044	2.271928915564244e-9
228	-0.5245834754628542	0.5246063547819374	3.227411831720417e-9
229	-0.6217508529098962	0.4051318874851629	2.6563735266578183e-9
230	-0.6902360166699371	0.27283320506320013	2.4517110462769998e-9
231	-0.7291948460298078	0.13641495419814045	1.8590300284113416e-9
232	-0.741589460198152	0.00001581751208729606	2.3128184366601844e-10
233	-0.7291691669697484	-0.13637771113543112	-1.283169523980538e-9
234	-0.6901830962465495	-0.27278108513080934	-1.19604877739243e-9
235	-0.621674506859188	-0.40504691756803934	-2.1712304152007833e-9
236	-0.5244950219085986	-0.5244722197265985	-1.7282129229828106e-9
237	-0.4050491898876912	-0.6216145681049379	-3.5721031674861164e-10
238	-0.27277938058639756	-0.6900860233729187	6.560005631399189e-10
239	-0.1363894277658582	-0.7290380904419423	1.6817655118587165e-9
240	-0.000013742338289679325	-0.7414322850610265	1.223977432180935e-9
241	0.13635478804840406	-0.7290139345505747	4.235715036325085e-11
242	0.27272717799010165	-0.6900345946389338	-1.8727432434441955e-9
243	0.4049662350179001	-0.6215411639086886	-5.132570557890501e-9
244	0.5243616974107268	-0.5243826565601184	-8.102337515222372e-9
245	0.6214809126914398	-0.4049658495561701	-1.0982822529817692e-8
246	0.6899371577187666	-0.2727251847968697	-1.3789931354718895e-8
247	0.7288872320840609	-0.13636168176256835	-1.522751823699925e-8
248	0.741278831629991	-0.000012616874958734231	-1.566918404943694e-8
249	0.7288620505439046	0.13632743870666827	-1.70453156036772e-8
250	0.6898857632036512	0.27267839934060845	-1.7161778081995053e-8
251	0.6214046568060773	0.4048851310584854	-1.6347974274215363e-8
252	0.5242721252979891	0.524249730715118	-1.3961654212397489e-8
253	0.40488378825862126	0.6213455245802927	-1.0959620614229733e-8
254	0.27267366810053345	0.6897878940454611	-6.677279846567861e-9
255	0.13633947997407478	0.728735082747571	-2.6068336680854936e-9
256	0.000014264633523928505	0.7411257684916115	2.788012356785952e-9
257	-0.13630728570970477	0.7287080845033188	7.800401747111684e-9
258	-0.2726239605770031	0.6897396706013432	1.2429268664344128e-8
259	-0.40480193689810584	0.6212672652780054	1.580162334209083e-8
260	-0.524137334056667	0.5241602383248302	1.725599493467919e-8
261	-0.6212117132694327	0.40480334659222544	1.5091362114287282e-8
262	-0.6896397750938522	0.2726248203215882	1.2782589453069497e-8
263	-0.7285790577753357	0.13631668417300524	8.184372437552677e-9
264	-0.7409667842523526	0.000015659578271567672	5.20725551148698e-9
265	-0.7285533679863864	-0.13628014280748024	2.3573549745687625e-9
266	-0.6895883775242916	-0.2725718915997413	-8.705743233475553e-10
267	-0.6211347958730195	-0.4047193259489565	-2.7599751343174326e-9
268	-0.5240485176658167	-0.5240232205721471	-3.983180913127566e-9
269	-0.4047156061819285	-0.6210759208693698	-4.496637488089704e-9
270	-0.27256920505322596	-0.6894947826365602	-4.176391726303726e-9
271	-0.13628951699952244	-0.7284265342255132	-4.105063854881251e-9
272	-0.000014247501467799898	-0.7408099354271136	-4.795566293568892e-9
273	0.13625587805188397	-0.7283949291945924	-7.255915633396728e-9
274	0.27251758997063064	-0.6894371465684976	-8.591406558444778e-9
275	0.4046344746634778	-0.620996568553949	-1.1021177309912914e-8
276	0.5239137337249572	-0.5239342313514299	-1.1582345390152383e-8
277	0.6209402307632902	-0.4046323876656941	-1.1155873565381567e-8
278	0.689343925889737	-0.27251772268644714	-9.73705722890509e-9
279	0.728270610193236	-0.13626515832316702	-6.609634292650797e-9
280	0.7406571362131265	-0.000014451235235714945	-3.6309584355543175e-9
281	0.7282445308207136	0.1362300694828437	9.95387235668208e-10
282	0.6892921014115332	0.27246884501655205	5.505893256985041e-9
283	0.6208649240533285	0.40455252070936965	9.711249253213158e-9
284	0.5238239467537563	0.5238019740092462	1.1058726388463418e-8
285	0.4045507020965514	0.6208046615704923	1.1561025007522415e-8
286	0.2724652761770244	0.6891950998500465	9.765749343353346e-9
287	0.13624064362893065	0.7281192587485316	7.991896978065504e-9
288	0.000012958243791886935	0.7405012556059422	5.8252077433124334e-9
289	-0.13620685994542991	0.7280885573151423	3.735661351703931e-9
290	-0.27241389582776543	0.6891439237552508	2.6468762682805438e-9
291	-0.40446792817517535	0.6207301369474397	2.661997262084869e-9
292	-0.523688144830639	0.5237132172829215	2.3374233271903583e-9
293	-0.6206711704618719	0.40446907117371944	3.659804370721396e-9
294	-0.689045848873894	0.2724126536007608	4.983871123142092e-9
295	-0.7279625233947844	0.13621520420851813	7.265679061814443e-9
296	-0.7403417490979283	0.00001056002883614894	9.52427788363673e-9
297	-0.727932787739185	-0.1361825879868102	9.594058639692039e-9
298	-0.6889923031129512	-0.2723603088299444	1.037677873761822e-8
299	-0.6205936647210473	-0.4043861430610544	1.1763548909715283e-8
300	-0.5235994661409967	-0.5235714642674294	1.1343981338144706e-8
301	-0.40438588517161916	-0.6205368538928998	1.1293598214006432e-8
302	-0.2723587292195908	-0.6888974624173703	1.0149906710218837e-8
303	-0.13618880260767519	-0.7278073320576618	7.036137051070497e-9
304	-0.000013437290013493582	-0.7401883427020389	3.835896255161599e-9
305	0.13615707372691385	-0.7277795931756179	1.4176245409820006e-9
306	0.2723068601749885	-0.6888407306341217	-2.743581339618472e-9
307	0.4042997545584902	-0.6204600137310208	-7.006632407173526e-9
308	0.5234626010522176	-0.5234879725715166	-1.0092936500696916e-8
309	0.6204004327719818	-0.40430074908848845	-1.3387946185403572e-8
310	0.688744567654427	-0.27230572196615127	-1.3802860454641344e-8
311	0.7276492545150821	-0.1361635251477739	-1.3531102816475684e-8
312	0.7400320663465823	-0.000014370800970020496	-1.422258998101807e-8
313	0.7276234297260193	0.1361316227001174	-1.4727242730365284e-8
314	0.6886935027166494	0.27225631321919685	-1.3763001955240322e-8
315	0.6203230188622637	0.404216560668974	-1.54471482092951e-8
316	0.5233708324767632	0.5233462384532988	-1.638536972842972e-8
317	0.40421825787147053	0.6202639212509867	-1.6253964147116676e-8
318	0.27225310789804447	0.6886008486453904	-1.614463966857907e-8
319	0.1361393678172159	0.7274972392437401	-1.3893853202844732e-8
320	0.000015435564297965584	0.7398743362840344	-1.1033182711912219e-8
321	-0.13610551615999097	0.7274705072523084	-6.448793160435558e-9
322	-0.27220247037492473	0.688540528005487	-2.435531734760059e-9
323	-0.40413031577751773	0.6201862295108619	2.3947693275039532e-9
324	-0.5232393560942856	0.5232609479865282	7.47157454955652e-9
325	-0.6201242369339462	0.4041335819354564	9.596834324468032e-9
326	-0.6884452187114468	0.2721988321824739	1.2521375304615524e-8
327	-0.7273380196018043	0.13611110449232008	1.3209044779620563e-8
328	-0.7397168384359497	0.00001671117092289502	1.3367042616229467e-8
329	-0.7273108539369088	-0.1360833152335206	1.3179843832120298e-8
330	-0.688394342847029	-0.2721475037489683	1.2724566238644719e-8
331	-0.6200515828837846	-0.40405227058976256	1.3800056341420034e-8
332	-0.5231475372799455	-0.5231269166578087	1.343348681536023e-8
333	-0.4040515504147996	-0.6199900882217739	1.2008140346193522e-8
334	-0.27214773488307464	-0.6882976936095606	1.0790695412329282e-8
335	-0.13609173393716414	-0.7271812273814323	8.543386992692122e-9
336	-0.000013736653241203142	-0.7395582631277939	7.471353763057604e-9
337	0.13605856303271155	-0.7271614267387152	3.7724740354623474e-9
338	0.27209451191328576	-0.6882436506837715	1.51679107247448e-10
339	0.40396396096928977	-0.6199148098660847	-1.6746684906252965e-9
340	0.5230092495349287	-0.5230323034354198	-4.739494296425318e-9
341	0.6198542215888817	-0.4039603741423747	-5.527604269895274e-9
342	0.6881453847340516	-0.272092572637883	-3.745995738735543e-9
343	0.7270280750797813	-0.1360699754299023	-1.08486982144787e-9
344	0.7394029803005987	-0.000017471233370078117	2.4077792903737852e-9
345	0.7270005746526571	0.1360246996392946	4.146561430322173e-9
346	0.6880924458453929	0.2720390556753863	7.040099751346465e-9
347	0.6197783123740409	0.4038829415480102	8.909323293838571e-9
348	0.5229201375919644	0.5228956973535395	7.3991492425399685e-9
349	0.40388055800268846	0.6197215557870785	5.104427033335331e-9
350	0.27203908505761726	0.687996228940286	1.871820399286546e-9
351	0.13603870104427324	0.7268774858229958	-2.3653228640049345e-9
352	0.000015811280428206733	0.7392473313771727	-5.446001924277923e-9
353	-0.13600497602309433	0.7268393661440388	-8.135121088585417e-9
354	-0.2719899450685509	0.687941394454605	-8.882281940278414e-9
355	-0.4037964468205802	0.6196405242763153	-8.206197979328063e-9
356	-0.5227814360086757	0.5228085229699541	-4.86136651851643e-9
357	-0.6195825213224523	0.40380215589567514	-3.1217186142157674e-9
358	-0.6878431722198624	0.27198363662742797	-1.955832307480453e-9
359	-0.7267139177602548	0.13601528578406064	-5.907086688230022e-10
360	-0.7390855155532762	0.000015626385519682064	2.1995161711805744e-10
361	-0.7266864616982517	-0.13598094070795105	-1.232200055597433e-9
362	-0.6877898230422803	-0.271935596932074	-2.700435197177852e-10
363	-0.61950555134056	-0.4037103509407007	-7.669737749130388e-10
364	-0.522692016435722	-0.522670208239739	5.396453090950404e-10
365	-0.40371232349777	-0.6194454274264763	8.117689708183595e-10
366	-0.27193146615959884	-0.687697543307576	2.9283348610017837e-9
367	-0.13598886785031916	-0.7265536105751602	3.156071284294429e-9
368	-0.000016581435852554676	-0.7389354929255586	4.5167100665687646e-9
369	0.1359548674335842	-0.7265279662572942	2.733432246567977e-9
370	0.2718836297762254	-0.6876379705995129	2.034363627108461e-9
371	0.4036302057615534	-0.619372308655886	-1.0779846086881446e-9
372	0.5225580553009846	-0.5225753862955249	-5.627489053254855e-9
373	0.6193049791813857	-0.40362664048990726	-1.000645693177465e-8
374	0.6875426090813045	-0.27187628821872384	-1.175999183887807e-8
375	0.7264013323853541	-0.1359620454459448	-1.2656200665711423e-8
376	0.7387696687239615	-0.00001556033806616474	-1.3359799187828624e-8
377	0.7263725626937242	0.13592943067934812	-1.2738713774936261e-8
378	0.68748805673511	0.2718256681406166	-1.2314691557728653e-8
379	0.6192311235073735	0.40354163669570536	-1.1668646909652187e-8
380	0.5224656387830081	0.5224416296678969	-1.244344456349341e-8
381	0.4035449898153629	0.619165554636781	-1.465804095589979e-8
382	0.27182587463862545	0.687391253355252	-1.5624067267586863e-8
383	0.13593940693632042	0.7262445284764741	-1.742008211328634e-8
384	0.000015234518966547016	0.7386104214255593	-1.9150851493970255e-8
385	-0.13590591411886116	0.7262162664571983	-2.0944403021708596e-8
386	-0.27177650123938746	0.6873407913921445	-2.1876657225342684e-8
387	-0.4034583841147506	0.6190834796013802	-2.1328786037835767e-8
388	-0.5223274721658628	0.5223559767202192	-1.8034007911012238e-8
389	-0.6190332134676233	0.40346365841819953	-1.4425646846507477e-8
390	-0.6872400256014635	0.2717669388285195	-8.37285248400663e-9
391	-0.7260854097855963	0.1359155008703959	-2.688817978926676e-9
392	-0.7384551478679593	0.00001718479862326511	3.7540849594206515e-9
393	-0.7260571601439744	-0.1358826385298057	9.078825016204619e-9
394	-0.6871863413753341	-0.2717178436924609	1.4632181667912604e-8
395	-0.6189577683602947	-0.4033772410522274	1.8720688045808477e-8
396	-0.5222359856993317	-0.5222154272573155	2.2437858116664697e-8
397	-0.40337636622236	-0.6189003874686075	2.39365009027508e-8
398	-0.27171996627372547	-0.6870855621567497	2.4985469259477402e-8
399	-0.13588952209760802	-0.7259280117234714	2.5345608087115196e-8
400	-0.000017705413582532416	-0.7382933674653706	2.4772795257756778e-8
401	0.13585604029003945	-0.7259036079040302	2.463680395851111e-8
402	0.2716648339508922	-0.6870358348687976	2.336637851596912e-8
403	0.403288056623299	-0.6188188549275644	2.3191566654607213e-8
404	0.5220970501685271	-0.5221241127421286	2.2093992137238617e-8
405	0.6187549935854373	-0.40328786766444946	2.2375516316763524e-8
406	0.6869384683698981	-0.27166983389010246	2.1830912836310778e-8
407	0.7257715756744904	-0.1358552205611988	2.3282357757219537e-8
408	0.7381351501072905	-0.000011749387612376905	2.5655086720960164e-8
409	0.7257450984430022	0.13582377635936288	2.8198598317405398e-8
410	0.6868823015299742	0.271611611471786	2.92725136907223e-8
411	0.6186822545297239	0.40319940819260136	3.1232718746977116e-8
412	0.5220071136217073	0.5219828870481288	3.097242811657502e-8
413	0.40320657461421067	0.6186184817423909	2.9910908529128855e-8
414	0.2716075117530031	0.6867891632506072	2.7926849618389513e-8
415	0.1358383997482485	0.7256107282675409	2.4461081840057587e-8
416	0.000014125683184746022	0.7379690526079801	2.2798535995099602e-8
417	-0.1358008652872156	0.7255846796542373	2.2242679831223722e-8
418	-0.2715593147599761	0.6867344797549342	2.043290079715716e-8
419	-0.4031203677933474	0.6185420330521978	2.0492235631453164e-8
420	-0.5218697384989679	0.5218994373135726	2.0503075419409157e-8
421	-0.6184818246123013	0.4031137505284557	1.9703806290549553e-8
422	-0.6866369076093772	0.27155732524258697	1.6461451231919744e-8
423	-0.7254595214267082	0.13581209982344716	1.3091745050564163e-8
424	-0.7378161330598132	0.000010056140851751557	7.4051695952057805e-9
425	-0.7254299398893764	-0.13577631513340893	3.5020330443059388e-9
426	-0.686581877539751	-0.2715085139424317	-7.382125426650438e-10
427	-0.6184022075140015	-0.40303908237301206	-4.848616435079571e-9
428	-0.521779094720122	-0.5217532056008333	-4.062395812157144e-9
429	-0.40303283487037356	-0.6183529142447011	-4.498061983944574e-9
430	-0.2715065008170592	-0.686477218342067	-2.3475308068766725e-9
431	-0.1357912081207826	-0.7253014837590768	-4.720414414453371e-10
432	-0.000010843371919495187	-0.7376690211547097	6.307351778649073e-10
433	0.13575140219914633	-0.7252670472221897	1.4248901875675963e-9
434	0.2714484336895232	-0.6864307971911784	2.0329986698249574e-9
435	0.40295332048387483	-0.6182626816626728	7.343812030869761e-11
436	0.5216393127447037	-0.5216615193090688	4.3407952965418897e-11
437	0.6182018150886532	-0.4029547354860239	-1.3985537313633324e-9
438	0.6863274856108501	-0.27145160595989964	-5.898760084637927e-10
439	0.72513973605467	-0.13575998799892214	-2.4035943782533027e-9
440	0.7374989898419728	-8.14917273644097e-6	-3.862096150373004e-9
441	0.7251090924587463	0.13573353635433333	-3.4526644888025492e-9
442	0.6862757025896039	0.27138930280652723	-4.297999312349213e-9
443	0.6181266161314384	0.40286484257791894	-5.754942141863438e-9
444	0.5215495348842825	0.5215240623040593	-7.01589938256908e-9
445	0.4028673940629355	0.6180701787046399	-8.934105603358682e-9
446	0.2713944167653233	0.6861836169529207	-9.391129000970525e-9
447	0.1357366979668495	0.7249776113740001	-1.084353514368459e-8
448	0.000016125324597360074	0.7373332255172109	-1.1052292712415998e-8
449	-0.13570566424464203	0.7249527333427253	-9.922932107797114e-9
450	-0.2713409310349066	0.6861242220661425	-8.641470057580142e-9
451	-0.40277804476834395	0.6179887567232468	-6.01785709238918e-9
452	-0.5214096301267559	0.5214347081632318	-4.5558469189091184e-9
453	-0.6179295226715431	0.40278037769979214	-4.222161065565964e-9
454	-0.6860212673651348	0.2713462539747929	-6.579275238503301e-9
455	-0.7248217705691972	0.13571051994122466	-1.1461947845581138e-8
456	-0.7371793783067494	0.000021980762464646883	-1.668885735146328e-8
457	-0.7247946905037889	-0.13567039957110175	-2.193193843175961e-8
458	-0.6859667529793161	-0.2712828431198099	-2.7999171484867176e-8
459	-0.6178500557308217	-0.4026987224181137	-3.1143811475540364e-8
460	-0.5213167632440701	-0.5212973047592526	-3.2579543597158725e-8
461	-0.40269853683937934	-0.6177857595657441	-3.02608242218466e-8
462	-0.2712855799753034	-0.6858647074249459	-2.7725753237150826e-8
463	-0.13568193073837065	-0.7246571294668345	-2.225971188539527e-8
464	-0.00001761747308894306	-0.7370190574134305	-1.835123518796841e-8
465	0.135649314957154	-0.7246420543274823	-1.5599957493601475e-8
466	0.27123734569248276	-0.6858138802795876	-1.2430892873280775e-8
467	0.4026079324012761	-0.6177116313959035	-1.1395257444569052e-8
468	0.5211785436301148	-0.521197832148735	-1.0825245387544792e-8
469	0.6176494591796069	-0.40260306312029165	-1.1722089564346912e-8
470	0.685717732390979	-0.27123437655399174	-1.0905433113303246e-8
471	0.7245041908031604	-0.13566304296272555	-1.2560025000828513e-8
472	0.7368576234674716	-0.00002590054070771256	-1.3058274550264905e-8
473	0.7244777275902524	0.1356246219231101	-1.4077608172520888e-8
474	0.6856582461325058	0.27117849974911207	-1.4781012939284056e-8
475	0.6175747464992782	0.4025247913914352	-1.6862778942091655e-8
476	0.5210844284881968	0.5210599813942979	-1.8687536102225517e-8
477	0.4025243977722418	0.6175112627987032	-2.109081684602833e-8
478	0.27117871476736305	0.6855682092176673	-2.0879268985708825e-8
479	0.13563224170111926	0.7243400700968688	-2.0749730708303688e-8
480	0.000015356749754666785	0.7366919991925074	-1.7716275208604746e-8
481	-0.13560022716737802	0.7243084036063528	-1.4737076648600943e-8
482	-0.2711287972276124	0.6855156563607447	-1.0798236451922782e-8
483	-0.4024438663360823	0.6174345772584525	-7.108764750411167e-9
484	-0.5209457452833437	0.5209679584006485	-2.174442931496893e-9
485	-0.6173699308648926	0.40243307857353977	2.2030166267915167e-9
486	-0.6854103077477318	0.27112874954798327	5.7681270323519196e-9
487	-0.7241856155099888	0.13561363908977214	9.6104655286133e-9
488	-0.736536202776713	0.000016802791375389637	1.2733468575779388e-8
489	-0.724159981415584	-0.1355785056989121	1.4622804830932722e-8
490	-0.685355338684949	-0.27107674517735747	1.766093659325406e-8
491	-0.6172918257524512	-0.4023568711715129	2.004572297692562e-8
492	-0.5208598271583259	-0.5208387159367892	2.109484249898017e-8
493	-0.40235083610075606	-0.6172320460231758	2.057627411595416e-8
494	-0.2710676852512584	-0.6852659414156616	1.946320972209283e-8
495	-0.13558232642593382	-0.7240314841824806	1.5642036345959957e-8
496	-0.00001610888895307615	-0.7363806204966621	1.2827829111574342e-8
497	0.13554331050819923	-0.7239927000548216	9.111063976837294e-9
498	0.2710180727407022	-0.68519426513857	4.808552590507612e-9
499	0.40226518426387403	-0.6171530370139129	4.8860228207194296e-11
500	0.5207155211691261	-0.5207335694961021	-3.781418200763507e-9
501	0.6170965847889337	-0.4022511318223173	-6.749357203575002e-9
502	0.6851048778236758	-0.27101686562204885	-9.400605354648791e-9
503	0.7238683583380773	-0.1355675122043143	-1.1198977084531886e-8
504	0.7362155890388056	-0.000016250598017998137	-1.087471784425148e-8
505	0.7238371130133775	0.13552078502315032	-1.2377232952854866e-8
506	0.6850433327387724	0.2709703121171421	-1.3895720288210045e-8
507	0.6170114404259587	0.4021798220826813	-1.382864831362619e-8
508	0.520622152407067	0.5205867319603412	-1.4291373938645316e-8
509	0.4021821299570416	0.6169539116473546	-1.347047218732503e-8
510	0.2709653694636659	0.6849492482085542	-1.3252650797895379e-8
511	0.13553221390260176	0.7237236228885819	-1.333752005004585e-8
512	0.000016845816530530295	0.7360514790408547	-1.202859992877258e-8
513	-0.1354942104320272	0.7236705753129753	-1.1257400144257221e-8
514	-0.27090413461897345	0.6849034417377028	-9.542740468496702e-9
515	-0.4020856402387622	0.6168731506336563	-8.013368186987812e-9
516	-0.5204814302362664	0.5205071849259127	-3.637569707769563e-9
517	-0.6168175117175114	0.40209186411044634	2.067157161282695e-9
518	-0.6847965184707403	0.27091569314899694	8.173200320450046e-9
519	-0.7235484201725716	0.13551497505818727	1.494562954565096e-8
520	-0.7358898401920141	0.00001818228671446536	2.249374123845215e-8
521	-0.7235163917554432	-0.13547588006466157	2.9363447988173786e-8
522	-0.6847457890481544	-0.2708624996772987	3.6257542568908805e-8
523	-0.6167307382906517	-0.4019984769157279	4.03127458056857e-8
524	-0.5203862103571608	-0.5203765264682981	4.315769672350717e-8
525	-0.4020070167024719	-0.6166704890583211	4.161323808816714e-8
526	-0.27085063112010155	-0.6846453624968709	3.8411473748950166e-8
527	-0.13548048205539293	-0.7233902704008484	3.2712011096458155e-8
528	-0.000015443137597084952	-0.735722416082646	2.6346956901180984e-8
529	0.13544779701171739	-0.7233551588865329	2.1170614237733813e-8
530	0.27079288199351004	-0.6845867826095214	1.387124419072998e-8
531	0.40191865916614616	-0.6166013771177165	9.069832267851208e-9
532	0.520251596422549	-0.5202769965611544	4.1343131599627235e-9
533	0.6165362612136113	-0.4019186962718242	1.4822087075208949e-9
534	0.6844840017256993	-0.2707974230080141	-8.339704206711932e-11
535	0.7232256281592875	-0.1354530922464501	-5.140699873167616e-10
536	0.7355622210225595	-0.000021855193486893364	-7.679037746772881e-10
537	0.7231961276806103	0.1354189532204341	1.4782066493650394e-9
538	0.6844311922561555	0.27074890934550905	2.6469348654314588e-9
539	0.6164545091203295	0.4018223890613462	6.204980791450497e-9
540	0.5201616708113198	0.5201297359959204	8.767570722234145e-9
541	0.4018330431154113	0.6163773016029637	9.339059142182918e-9
542	0.27074626867544616	0.6843284176965888	9.703980295865726e-9
543	0.13543368471930878	0.723073638279268	7.181659591748422e-9
544	0.000020001095958202248	0.7354072699096394	5.151125107434824e-9
545	-0.13539145823843635	0.7230371713564149	6.027023753923149e-10
546	-0.27068880638873766	0.6842649385653866	-1.231963847364325e-9
547	-0.40174741422055915	0.6163158834576875	-6.117927466947722e-9
548	-0.5200196640155957	0.5200336790153176	-1.0033552162671396e-8
549	-0.6162524533525069	0.40175882457844786	-1.1152773870421967e-8
550	-0.6841825410257797	0.2706983256722923	-1.1864151174352755e-8
551	-0.7228983547383819	0.13540911333079964	-8.751888388190053e-9
552	-0.7352457209811469	0.000020833327995646213	-5.1147585139783736e-9
553	-0.7228759425016984	-0.13536708705245676	-2.5457842911778135e-9
554	-0.6841257999097755	-0.27062912716616333	3.3364864915270815e-9
555	-0.6161711709014154	-0.4016674710868801	8.864451249250844e-9
556	-0.5199255072047323	-0.519901007263444	1.439141121167371e-8
557	-0.4016568847659559	-0.6161119091710556	1.727173713821633e-8
558	-0.27062848747477597	-0.6840096207751374	1.946703834579044e-8
559	-0.13537698411145913	-0.722734048542852	1.7510839140822763e-8
560	-0.00001946262303741666	-0.7350773555805586	1.6875379320666595e-8
561	0.13533460748258908	-0.7227206439670173	1.3805854242776131e-8
562	0.27056871036432556	-0.6839614976126819	1.1959332749175255e-8
563	0.4015706663620424	-0.616032783481877	8.781117810319678e-9
564	0.5197802698110793	-0.5198122539732909	6.251579069901887e-9
565	0.615964542669556	-0.40157803320975605	4.2850974661445626e-9
566	0.683865313795199	-0.2705800433702447	2.199532446594522e-9
567	0.7225762052035385	-0.13535894428406667	2.279011448075143e-10
568	0.7349156242987732	-0.000018245494433293985	-1.792767039124969e-9
569	0.7225556263527415	0.1353102563270002	-4.5905952008445435e-9
570	0.6838179232931533	0.27052749357577477	-7.344262376982643e-9
571	0.6158926214613536	0.4014803072821188	-1.1760127237961123e-8
572	0.5196885308922923	0.5196648460858012	-1.3690701641058077e-8
573	0.4014913550981135	0.6158284215409309	-1.468849336113912e-8
574	0.270525928479759	0.6837111035069607	-1.2287113751634127e-8
575	0.1353220416325889	0.7224087755290137	-9.223224410322348e-9
576	0.00001610131056724955	0.7347469129517319	-4.91828913032414e-9
577	-0.13528903868733425	0.7223877170651932	4.374615765734988e-10
578	-0.27047210585172576	0.6836468015277182	8.755894402908865e-9
579	-0.40139118140258223	0.6157515382801425	1.2608729512241289e-8
580	-0.5195488807042922	0.5195637820001183	1.54887111367224e-8
581	-0.6156799918561026	0.40139885957016985	1.4860084332584035e-8
582	-0.6835553794667266	0.2704633501696784	1.0043985198191948e-8
583	-0.7222582299103468	0.1352988443984038	4.068232318422573e-9
584	-0.7345967922392452	5.103811724929038e-6	-4.697424262050997e-9
585	-0.7222255512910247	-0.1352606844363066	-1.2771011927389328e-8
586	-0.6835044417446727	-0.2704190431819831	-1.945884032561231e-8
587	-0.615612086846422	-0.4013111146632548	-2.4513315916358564e-8
588	-0.5194507720710202	-0.5194252316148115	-2.7554135867974153e-8
589	-0.40131052101858494	-0.6155557094755786	-2.465910486884905e-8
590	-0.27042027918905026	-0.6834064529494716	-2.0815690352847598e-8
591	-0.1352709711989674	-0.722090824665637	-1.4747177710952078e-8
592	-9.818053443415949e-6	-0.7344152109044659	-9.563252082330867e-9
593	0.13523630788788268	-0.7220733953009196	-4.65500044481919e-9
594	0.27035515101194885	-0.6833301594967238	3.4212343360761356e-11
595	0.40122462360997346	-0.6154542103562597	2.479970720325613e-9
596	0.5193085760629006	-0.5193351252044395	5.4434074135832796e-9
597	0.6154005738408034	-0.40122457654410876	5.863999582647283e-9
598	0.6832434236308572	-0.2703562914002644	5.400742482778619e-9
599	0.721936876628404	-0.13525208957917256	5.101024063981941e-9
600	0.7342658263003631	-0.000020301615232804868	4.320428437890062e-9
601	0.7219131282284389	0.13520246302087904	4.9302962297580974e-9
602	0.6831833244071939	0.27030121505626004	3.203692834129338e-9
603	0.6153278576496415	0.4011305921979728	1.9656649730409256e-9
604	0.519219818006769	0.5191834448983979	1.2598907223501866e-9
605	0.40113507033636214	0.6152700574276763	1.9925848424532421e-10
606	0.27030022289068545	0.6830786646922927	-1.3285205140923068e-9
607	0.1352153703930375	0.7217760212284754	-3.808041433863911e-9
608	0.00001907870456837177	0.7341126730473326	-4.119123144752299e-9
609	-0.13518843866211008	0.7217446314568564	-4.901082640924695e-9
610	-0.27024621517981584	0.6830298738830987	-4.373940467611165e-9
611	-0.40105170863602896	0.6151666703060082	-2.8632158550021025e-9
612	-0.5190803933402516	0.5190991714536948	-5.385954268137276e-10
613	-0.6151219392142464	0.40103030636965076	2.039785202193693e-9
614	-0.6829314729838943	0.2702309374505798	4.204649155060754e-9
615	-0.7216069111790653	0.1351917600449132	5.338945093130537e-9
616	-0.7339430456547741	0.00002042630756593027	6.250224342522458e-9
617	-0.7215835326776642	-0.13514729531310102	6.488316794764033e-9
618	-0.6828693604869792	-0.2701773493511029	7.458482881343424e-9
619	-0.6150478925131917	-0.40096680182694405	8.788317298071092e-9
620	-0.5189842912894739	-0.5189788909191697	1.0254008544562921e-8
621	-0.4009611928830518	-0.6149904638697142	1.1191813857261467e-8
622	-0.2701873043791419	-0.6827743309148019	1.1892197441675826e-8
623	-0.13516536141286487	-0.7214322515562533	1.1661459615816076e-8
624	-0.00001646461034339203	-0.7337687442560067	9.056175643893029e-9
625	0.1351270578700403	-0.7214172578359944	5.460472917029737e-9
626	0.27013590792599496	-0.6827187486213185	8.664484393160552e-10
627	0.400872623240349	-0.6149139582330474	-5.557251009497724e-9
628	0.5188410086508377	-0.5188607295922883	-1.3014165082984992e-8
629	0.6148359990720937	-0.4008803334797158	-1.894551568895064e-8
630	0.6826116974097065	-0.2701438480849935	-2.3367535249488613e-8
631	0.7212810148062506	-0.1351467383818373	-2.410942096942245e-8
632	0.7336152943220163	-0.000023554364539452605	-2.3677816321961273e-8
633	0.7212562599223159	0.13509446940108485	-2.125564607271354e-8
634	0.6825528573677387	0.27008934847085747	-1.9256419121907938e-8
635	0.6147496081154875	0.4007827410916555	-1.592559757579945e-8
636	0.518744720425547	0.5187154805857993	-1.168793103524764e-8
637	0.40078426572191445	0.6146776986256652	-1.1761890527697539e-8
638	0.2700751310615343	0.6824481444980303	-1.1954619840580419e-8
639	0.13511684659056097	0.7211142851023893	-1.3612139148749998e-8
640	0.000018057653947188196	0.7334493450902888	-1.770979921513344e-8
641	-0.13508153757283753	0.7210969566687506	-2.091588909315188e-8
642	-0.2700237948034977	0.6824084258677228	-2.285766303245137e-8
643	-0.40070121876921017	0.614603231350331	-2.143637869564159e-8
644	-0.5186024164826749	0.518624583472203	-1.740308062704061e-8
645	-0.6145472559296594	0.40070114960086817	-1.0000638676964627e-8
646	-0.6822925288546651	0.2700081108877676	7.796993199086366e-10
647	-0.7209605021694361	0.13508954896757494	1.1687640415747518e-8
648	-0.733277024279551	8.567888219437638e-6	2.1497738612729047e-8
649	-0.7209337745036172	-0.1350599238477875	3.161044457269165e-8
650	-0.6822505107967256	-0.26998199810819834	3.9724422156597355e-8
651	-0.6144686990924062	-0.40059246049924707	4.390539502359889e-8
652	-0.5185095199047062	-0.5184822321448359	4.530154200929032e-8
653	-0.40061781249413847	-0.6144148994337696	4.3299544144969203e-8
654	-0.2699716256734926	-0.6821288761421521	4.2605435365165796e-8
655	-0.13506373812764544	-0.7207933928837137	4.192727243707683e-8
656	-0.000010761512626089714	-0.7331188659521805	4.110480493257965e-8
657	0.1350294358074348	-0.720766839835094	4.149162495129174e-8
658	0.2699072862952288	-0.6820864225196527	4.1190604007875243e-8
659	0.40052418849223925	-0.6143402661489253	3.960145463817372e-8
660	0.5183578570810616	-0.5184004897996206	3.501763580981961e-8
661	0.6142743980883171	-0.40052743323324047	2.4541926653523485e-8
662	0.6819875763167844	-0.2699102347981016	1.1232033610420269e-8
663	0.7206266954286165	-0.13504290472925107	-5.345650783728831e-9
664	0.7329483244440127	-0.00002214496556326099	-2.4126223803856262e-8
665	0.7206026172158736	0.13500062037978933	-4.181048372942058e-8
666	0.6819234691371635	0.26985871798396976	-5.6831434931067345e-8
667	0.6141833626702201	0.40043829035963624	-6.910624998431004e-8
668	0.5182778333610625	0.5182641468312604	-7.489708837225662e-8
669	0.40043295438655235	0.6141154113836422	-7.518616399770683e-8
670	0.26985807448774285	0.6818241109342981	-7.330580253649732e-8
671	0.1350048349592061	0.7204678609485877	-6.942815897519169e-8
672	0.000014258744627536554	0.7328014790667553	-6.720646987954496e-8
673	-0.13497017812057222	0.7204229327190917	-6.422843505217562e-8
674	-0.2697987523453383	0.6817538264373642	-6.151320640082382e-8
675	-0.4003480230482616	0.6140559185936327	-5.962372156228262e-8
676	-0.5181317797006273	0.5181600424949223	-5.639830631269274e-8
677	-0.6139761209351816	0.40035287394635005	-5.1819900462191884e-8
678	-0.6816597794283251	0.269774848241172	-4.468966516734161e-8
679	-0.7202925060809617	0.13498862530146327	-3.4716450424216536e-8
680	-0.7326226417205634	6.386391847167103e-6	-2.5612923741535733e-8
681	-0.7202764353346559	-0.1349528854754844	-1.6219041986807476e-8
682	-0.6816146659182679	-0.26974300029593273	-6.591580823393011e-9
683	-0.6138979297110184	-0.40026131123684106	3.9314128725969886e-10
684	-0.5180303720306786	-0.5180067388066891	5.680689272642991e-9
685	-0.4002649414862413	-0.6138558000608696	8.190238804114629e-9
686	-0.26974618915061965	-0.6815287877332898	9.920369488450695e-9
687	-0.13495212601418363	-0.7201418494139812	1.0627030254946104e-8
688	-0.000012552256360538339	-0.7324643149894657	1.059972699926231e-8
689	0.13492300933035822	-0.7200849115000362	1.0548079284979636e-8
690	0.26968125949815264	-0.6814698161123822	8.731695009031579e-9
691	0.4001663587397609	-0.6137491800614635	7.050950631848044e-9
692	0.5178923222771519	-0.5179073438984643	4.610959300072981e-9
693	0.6136869336623937	-0.4001499535599301	1.4275614441459078e-9
694	0.6813514550813667	-0.26970217401571184	-1.9797051726884646e-9
695	0.7199782932530325	-0.1349304891072898	-4.8877601702186915e-9
696	0.7322858272517587	-5.746873417039155e-6	-7.851003001659021e-9
697	0.7199474783715231	0.13489505973017413	-8.956772343225372e-9
698	0.6813086572731993	0.26962600988923136	-1.1938565660362694e-8
699	0.6136067566293311	0.40006806469923273	-1.360022373330903e-8
700	0.5177919475267693	0.5177771619617748	-1.9030517375773447e-8
701	0.4000749973574903	0.6135347171761878	-2.693284372449877e-8
702	0.26961813348036634	0.6811986736152519	-3.70879720165357e-8
703	0.134901822990032	0.7198187720095247	-5.073392751216949e-8
704	0.000014231855886433126	0.7321285543262648	-6.526429338488347e-8
705	-0.13487318035541776	0.7197862243385267	-8.03567683308631e-8
706	-0.26957965829168096	0.6811369625941154	-9.378283988960498e-8
707	-0.3999954276582147	0.6134756001207976	-1.0353915148658467e-7
708	-0.517650393811769	0.5176743920266904	-1.0292842474146678e-7
709	-0.6134061394232994	0.3999944945975746	-8.989045685951091e-8
710	-0.6810382683368734	0.2695781970701386	-6.756033285592925e-8
711	-0.719637175737886	0.1348818504866317	-3.654635538984032e-8
712	-0.731961687064762	0.00001221263386092658	-5.10818743744419e-9
713	-0.7196191644580391	-0.13485483341290705	2.714834769376348e-8
714	-0.6809798799513983	-0.2695128152905017	5.545488489067935e-8
715	-0.6133296601960323	-0.3998919951461541	7.532792199744379e-8
716	-0.5175641645057234	-0.5175464201051272	8.64523683808678e-8
717	-0.39990491900742614	-0.6132732743304398	8.540256746674384e-8
718	-0.2695245345830279	-0.6808649734523515	7.839315495364914e-8
719	-0.13484705186888574	-0.7194801728857376	6.887863144998652e-8
720	-0.000022012172027460912	-0.7317913803441974	5.843586807295813e-8
721	0.13480198636016336	-0.7194596273394552	4.870746560715132e-8
722	0.2694560035218158	-0.6808323653921255	4.189856221875695e-8
723	0.3998055011205908	-0.613177053843865	3.410481459387247e-8
724	0.5174056798856608	-0.517440303557269	2.693138938932973e-8
725	0.613112482677457	-0.39981551704603663	2.2112784588224123e-8
726	0.680713028168319	-0.2694565454782291	1.5083388912946214e-8
727	0.7193126918562336	-0.13481963892773136	8.46823546938105e-9
728	0.7316073274865174	1.8569276479771279e-6	2.6241609682368667e-9
729	0.719290780269503	0.13478725030922098	-4.373359413530146e-9
730	0.680655795516563	0.26940402196023133	-7.85872697637186e-9
731	0.6130240600158968	0.39974482111036214	-8.360470902538953e-9
732	0.5173144179566596	0.5173066735696916	-2.3835675589841392e-9
733	0.3997197997619502	0.6129699695630145	1.0046830388463348e-8
734	0.2693999396647707	0.6805764936081243	2.7245366108634332e-8
735	0.134791988471851	0.7191733734257417	4.96035464855376e-8
736	0.00002054668110674726	0.7314547898920669	7.251649646029594e-8
737	-0.13477772096817764	0.7191408677550811	9.706267750389976e-8
738	-0.26935642082732936	0.6805033438688931	1.2045324434699532e-7
739	-0.39963804967639316	0.6128756002935403	1.3612700368935443e-7
740	-0.5171808303212893	0.5171889638848417	1.4122593197248052e-7
741	-0.6128331414768643	0.39961854084267107	1.3440928046636367e-7
742	-0.680396730747671	0.26935188871456167	1.1550367162543084e-7
743	-0.7189905435663447	0.13479544198129328	9.030141212608495e-8
744	-0.7313007607698354	0.000031604022392419236	6.306137230600152e-8
745	-0.7189635828353197	-0.13473664208004976	3.590016920466104e-8
746	-0.6803491323700364	-0.26928195975748487	1.0681369043504861e-8
747	-0.6127461576646165	-0.3995259605065257	-1.0848645613866002e-8
748	-0.5170962259634296	-0.5170725050167343	-2.5392448674057822e-8
749	-0.3995488297183934	-0.6126874735184875	-3.4965489576827964e-8
750	-0.2692935969284654	-0.6802558570873164	-4.114957311915352e-8
751	-0.13473816176554146	-0.718800470100261	-4.613308220951513e-8
752	-0.00001841910059087376	-0.7311265730884551	-5.194950503223622e-8
753	0.13469459046164162	-0.7187855326977336	-5.744013271054571e-8
754	0.2692290515894505	-0.6801725836753393	-6.368116064392665e-8
755	0.3994459264116717	-0.6125984203160484	-6.923917048719719e-8
756	0.5169321555998383	-0.5169767636385374	-6.938481133840021e-8
757	0.6125197248837585	-0.3994454701780497	-6.28017073720532e-8
758	0.6800772038107427	-0.26922766427490663	-4.905055469899956e-8
759	0.718646847927142	-0.13472888541876943	-3.182864054090866e-8
760	0.7309502338344209	-0.000011274707631571152	-1.5095679420844957e-8
761	0.7186221510529895	0.1346718501612674	2.577314736290663e-9
762	0.6800227215235283	0.2692073498648356	1.8856763348919978e-8
763	0.6124628584351732	0.3993741868513159	3.1137332319596704e-8
764	0.5168163165410095	0.5168079661466073	3.719707743114834e-8
765	0.39935995357227067	0.6123916280541342	3.752902456319218e-8
766	0.26917495610633	0.6799377810354537	3.3985631537514207e-8
767	0.13466769008967255	0.7184797650612145	3.0574449318425077e-8
768	9.143315367027167e-6	0.7308092124918651	2.9027842101455154e-8
769	-0.1346546035093879	0.7184806943956286	2.881594726884282e-8
770	-0.26913266665371816	0.6798714185312331	2.7402860200436827e-8
771	-0.3992913045741073	0.612311354945556	2.735737664389967e-8
772	-0.5166968232654512	0.5167157658969072	2.7161899010849396e-8
773	-0.6122585418757543	0.39927966061878606	2.3222062258191565e-8
774	-0.679767700495097	0.2691064695015355	1.7155994131864765e-8
775	-0.7183310997227104	0.13467870721093772	6.145389271975009e-9
776	-0.7306360137656854	-2.1954735486530647e-6	-6.244754735000288e-9
777	-0.7183067580374972	-0.13462263582340922	-2.0229585791061364e-8
778	-0.6797262288312229	-0.2690293246958975	-3.2588141887343896e-8
779	-0.6121813595565728	-0.3991670274241737	-4.387634089792987e-8
780	-0.516605157682401	-0.516569117284821	-4.9519626234378665e-8
781	-0.39920260418992604	-0.6120941473418967	-4.7970200213255284e-8
782	-0.26907788706920727	-0.6795878104864097	-4.1396802613321515e-8
783	-0.13465394759476418	-0.7181825577291415	-2.967426971077707e-8
784	-0.000039580841748513194	-0.7304537634562095	-1.6498244166179366e-8
785	0.13458080451660856	-0.7180990732412508	-4.177299919238272e-9
786	0.2689875757623815	-0.6795364052609555	9.086265557628833e-9
787	0.3990716699805421	-0.6120018130177687	2.1159683351346236e-8
788	0.5164306058281366	-0.5164772408112589	2.9991506847003324e-8
789	0.611921768352986	-0.39909036144447296	3.8261302268840506e-8
790	0.6794135984486925	-0.26898996037905265	4.427187453774808e-8
791	0.717959787262107	-0.13457561555398667	4.8554748396678585e-8
792	0.7302670504238473	-6.984631615131751e-6	5.191609432056222e-8
793	0.7179336773276928	0.13457687771118773	5.4510274636872735e-8
794	0.679371910301918	0.268976765422282	5.842999638085369e-8
795	0.6118534677529118	0.399017810832658	5.994959997208955e-8
796	0.5163378440762775	0.5163703258500079	5.974863393127271e-8
797	0.3989869453045104	0.6118112557021367	5.4601771303226107e-8
798	0.26892554921972633	0.6793172067117784	4.62947699174522e-8
799	0.13455178559774816	0.7178477055456097	3.598271548860364e-8
800	-0.00001997694863980186	0.730144692872504	2.5790297724033903e-8
801	-0.1345778352627102	0.7178285749753855	1.5545642380960507e-8
802	-0.2689234846737659	0.6792353073314051	7.179520002065137e-9
803	-0.3989482882127387	0.6117707547455353	-1.792083272502006e-9
804	-0.5162458417122565	0.5162686762572996	-8.011675982774775e-9
805	-0.6117073080186503	0.39894059397478493	-1.2943561158073445e-8
806	-0.67914901805393	0.26892423732467663	-1.6444546867862566e-8
807	-0.7176951805268578	0.1345908300157729	-1.9119509746025126e-8
808	-0.729978997468835	0.000035111540332917295	-1.9946149695261967e-8
809	-0.7176616610510443	-0.1344786568563914	-2.0690499995570775e-8
810	-0.6791006014118531	-0.2687925948840537	-1.9685580441251822e-8
811	-0.6116388978557018	-0.39878236586353555	-1.5967503086738293e-8
812	-0.5161571305943915	-0.5160413403101699	-8.014158792169317e-9
813	-0.3988742980130158	-0.6114964544402532	5.904491771060086e-9
814	-0.26888442235869126	-0.6789079521053538	2.2886906439701614e-8
815	-0.13457471098302345	-0.7174412283365039	4.3089461323634846e-8
816	-0.00005173632692702338	-0.7297135970421863	6.315176365568631e-8
817	0.1344417288840614	-0.7174161971190992	8.233165847603264e-8
818	0.2687168071681289	-0.6788658118267104	9.792691020199173e-8
819	0.39868516567296564	-0.6113894923195147	1.083967556589931e-7
820	0.5159170526368979	-0.5159295970490944	1.0900548451627015e-7
821	0.6113318207869696	-0.3986780639395619	1.0098363343989791e-7
822	0.6787448536254446	-0.2687537220869381	8.448185836399682e-8
823	0.7172532686706052	-0.13442516595050538	6.437913220776238e-8
824	0.7295502402654106	7.476606832853899e-6	4.320465608466956e-8
825	0.7172159594365582	0.13453430148573575	2.426009454045827e-8
826	0.6786777005218749	0.2687792405592224	7.98490105018705e-9
827	0.6112120941818382	0.39871852942268415	-4.2642437205524654e-9
828	0.5157977170297018	0.5159047885406763	-1.231408974074455e-8
829	0.39855677204681084	0.6113188989613465	-1.6438421443838326e-8
830	0.26864252276200096	0.6787157110168729	-2.006463321193687e-8
831	0.13437422422949832	0.7172646405050371	-2.242360306687558e-8
832	-0.0000806402372505868	0.7295317949643946	-2.508002207531862e-8
833	-0.13454618782373354	0.7172375980841286	-2.8261684564137866e-8
834	-0.2687629315828087	0.6786567054316571	-2.8216658090590164e-8
835	-0.39867168303678785	0.6112633131797615	-2.6725097298997555e-8
836	-0.5158357409421856	0.5158522581366576	-2.519417518570718e-8
837	-0.6112084382791543	0.3986671865723711	-2.5786213161175664e-8
838	-0.6786136940016123	0.26878098405151457	-2.850219717814546e-8
839	-0.7171226067329618	0.13457176085479175	-3.479263302089827e-8
840	-0.7294215281123887	0.00015595517842766906	-4.49282493495609e-8
841	-0.7171197647305855	-0.13424290507277126	-5.6830429646366224e-8
842	-0.6785741593739675	-0.26845274699825633	-6.961237296466145e-8
843	-0.6111538708615907	-0.3982812393145542	-7.865644822486902e-8
844	-0.5158093854661076	-0.5154157498069515	-8.231650300140665e-8
845	-0.3986543608430983	-0.6107512315174569	-7.95310501247367e-8
846	-0.26880123512403836	-0.6781192232382536	-6.939737216852317e-8
847	-0.1346119778589057	-0.7166131153577614	-5.846435380854558e-8
848	-0.00024004563792038008	-0.72890893537185	-4.7134307496385136e-8
849	0.1341689450450314	-0.7165199094436389	-3.667820235235261e-8
850	0.2682925106241309	-0.6780267355960163	-2.856839497349736e-8
851	0.39812847789897554	-0.6105959304366311	-2.0860916966841304e-8
852	0.5152186612627789	-0.5152502895488443	-1.5359030854468317e-8
853	0.6104952477639732	-0.3980614605530848	-7.288453341347281e-9
854	0.6778640598218997	-0.268216967328083	2.045165274652563e-9
855	0.7163319479288993	-0.13402915762855283	1.4043757523875887e-8
856	0.7286156489949284	0.0003467251464814485	2.883307307841538e-8
857	0.7162613114266784	0.13475531852996445	4.3577786648333893e-8
858	0.677737128306888	0.26892203660323294	5.731407527985064e-8
859	0.6103157928996505	0.39876785602895726	6.764343841021557e-8
860	0.5149705204528211	0.515824717047699	6.951897352169643e-8
861	0.3978473448941183	0.611190523884695	6.249932387213966e-8
862	0.2680206460459091	0.6785255888031069	4.876778965000218e-8
863	0.133861093379538	0.7170260754367608	2.999632957888845e-8
864	-0.0005086127491041761	0.7293945024748395	1.1400174100889087e-8
865	-0.13490754786450335	0.7171582095132807	-5.0725851546202995e-9
866	-0.26903934853142697	0.6786515815502022	-2.042274478936302e-8
867	-0.3988384661582289	0.6113372394797688	-2.957073110453565e-8
868	-0.5159185295674903	0.5161296457466888	-3.388891797165475e-8
869	-0.6112210036149294	0.39910572448262455	-3.050237339915824e-8
870	-0.6786085930122703	0.2694490745302377	-2.1184186824962322e-8
871	-0.717140208287258	0.13539328191510405	-9.397308795824353e-9
872	-0.7294793416793917	0.0011927566335917447	4.305865187935677e-9
873	-0.7172145267484515	-0.133044784209155	1.6877402865777037e-8
874	-0.6787810422923608	-0.2670197063100901	2.9785423256823292e-8
875	-0.6114941561615592	-0.3966560267181667	3.9431006079310096e-8
876	-0.51630500612691	-0.5135580657643292	4.416768915962375e-8
877	-0.39936152211917514	-0.6086546343494774	4.1733642855306256e-8
878	-0.2697439687797774	-0.6758439799575505	3.2261559493519806e-8
879	-0.1357932190665718	-0.7141865773446633	1.7282059398388303e-8
880	-0.0016194546983665278	-0.7262582989373242	-6.571693760228234e-10
881	0.1325355472166791	-0.7138144603520094	-1.9034327920515823e-8
882	0.2664710490515314	-0.6751205147626684	-3.6259427954593454e-8
883	0.39601054212569337	-0.6075294143213903	-4.9158182128653585e-8
884	0.5128369492134376	-0.512010717123865	-5.340457986115834e-8
885	0.6078737305641818	-0.39473834988858497	-4.827547335097216e-8
886	0.6749892525927115	-0.2647110185605952	-3.622253046851037e-8
887	0.7132435345351512	-0.13030156437150592	-1.986934922552131e-8
888	0.7253230270128345	0.004311500312901957	-2.431501836335864e-9
889	0.7127386677880586	0.13901871575013725	1.53720280487221e-8
890	0.6739605671815893	0.2735422830429304	3.0322947492073824e-8
891	0.6062591648303469	0.40368852982080256	3.959434999017974e-8
892	0.5106540122604893	0.5212360291291969	4.1468318462156925e-8
893	0.3932598987160134	0.6170301012816898	3.4762537770106765e-8
894	0.2630804171743006	0.6850207892949698	2.068729934103949e-8
895	0.12851408165739356	0.7242889292380599	3.445694903692073e-9
896	-0.00636189509335287	0.7374625560371031	-1.4123156737504853e-8
897	-0.14128158199761134	0.7262018251479765	-2.996335131823898e-8
898	-0.2760911552739302	0.688955074876815	-4.461759003449938e-8
899	-0.40661983372268445	0.6231046688482864	-5.47461261902876e-8
900	-0.5245234558545094	0.5295476142559504	-5.883673596408686e-8
901	-0.6206605747485364	0.4144385858550916	-5.766391080980502e-8
902	-0.6889552337644975	0.28680934159082455	-5.317136536331637e-8
903	-0.7283928296306402	0.15496777049935864	-4.759997040026406e-8
904	-0.7416592787961951	0.022867308071777226	-4.117779201733395e-8
905	-0.7303711251518746	-0.10969716463506016	-3.6914995079795644e-8
906	-0.692945204653165	-0.2428698826070479	-3.307772730245677e-8
907	-0.6267980918987647	-0.3722842415550665	-2.893792942130179e-8
908	-0.5328965848685729	-0.48700582948455795	-2.4895301575960162e-8
909	-0.4174423416456176	-0.574086069303082	-2.3585776991679637e-8
910	-0.2895046389371061	-0.626133619346642	-2.12103728190334e-8
911	-0.15733798724375853	-0.6434950121652546	-1.8760628312490617e-8
912	-0.02492006719759683	-0.6293188164122153	-1.81444359500572e-8
913	0.1078871759370746	-0.5868533894343096	-1.5503598491058337e-8
914	0.24124448606141088	-0.5210261996117859	-1.6705859140653565e-8
915	0.3708128382532837	-0.4395356298030517	-9.059755424574463e-9
916	0.4856772730615457	-0.3472893211158726	5.3180561863149715e-9
917	0.5729162426750825	-0.2457180645000985	-1.3135822277073208e-8
918	0.6250428296015104	-0.1405310916409411	-1.1476796532582974e-8
919	0.6424871215363265	-0.04264732969903319	-1.2296777217701555e-8
920	0.6284282226345043	0.03723670865629976	-8.392339995424402e-9
921	0.5860101290396303	0.09514165485331162	1.0338594339772983e-9
922	0.5202495372083372	0.13724263941939022	7.206786998143984e-8
923	0.43888424042857344	0.17178536351880183	-1.0530769037591963e-8
924	0.34668290857769163	0.19812970919092057	-4.617491966645427e-9
925	0.24515868673872732	0.2066597546196453	-6.819568092750227e-9
926	0.1399930965575179	0.19119046501360204	-6.44841504446786e-9
927	0.04210875529158146	0.15977212024680684	-5.434996948633966e-9
928	-0.03767294243400268	0.1261907986497068	-5.28279159261276e-9
929	-0.0955660966090093	0.0981473304884597	-1.7870882392392675e-9
930	-0.13767898047743984	0.07691441810965446	-3.0231017588497078e-9
931	-0.17214266329489689	0.06128512000479309	-4.225124898925035e-9
932	-0.1985281278817557	0.04967122440885001	-4.0011184398000975e-8
933	-0.20696389357097042	0.040878788795866386	-9.522741326966742e-9
934	-0.19151882962544392	0.034105960820763344	7.284774707087244e-8
935	-0.16007369529897836	0.028807540998922722	5.91175505819522e-9
936	-0.12643816025460494	0.024551462327094733	-6.664054995396275e-9
937	-0.09837037309028558	0.021141929495898153	-1.9858407140386915e-9
938	-0.07713919298550156	0.018290668854376003	-1.8088181157837192e-9
939	-0.061496916976721695	0.015977345938293468	-3.5290936298875097e-9
940	-0.04985529770279574	0.01401219247923689	-2.736622266048212e-9
941	-0.041090049545052576	0.012357736000720399	-2.6528582501625e-9
942	-0.03431545139622582	0.010904011466281805	-2.4893680802041095e-9
943	-0.02897393630106514	0.00965679179856416	-1.9484685909571734e-9
944	-0.024701392211896357	0.008651741739391258	-1.7626655548094455e-9
945	-0.021279188800238033	0.007724675482664236	-1.691247255815102e-9
946	-0.018438929050451056	0.006946768008194653	-1.978998942299024e-9
947	-0.016089921208190246	0.006238854538141653	-2.2678521613304533e-9
948	-0.014130546266898423	0.005629474844199471	-1.8165938482077207e-9
949	-0.01245034682017897	0.005081226491807054	-1.5431116339672894e-9
950	-0.011010645077400618	0.004609588862246791	-1.7414265659060746e-9
951	-0.00982783510546189	0.00415754565326629	-2.036665393075836e-9
952	-0.008759702440716978	0.0038172737849768725	-2.18801606077496e-9
953	-0.00781364107108633	0.0034542693975805876	-1.0809256784824378e-9
954	-0.007051716205492504	0.0031672728524568855	-2.032554491203865e-9
955	-0.0063439798608328135	0.0028592509018434973	-1.974400233464619e-9
956	-0.0057101275856459716	0.0025801888529947184	-1.2044701843175913e-9
957	-0.0051951747002513884	0.0024014648746650156	-6.203410344546949e-10
958	-0.004698504459767605	0.0022433320863007055	-8.823844512586783e-10
959	-0.0042733260861807214	0.002007446477236479	-9.096151649724953e-10
960	-0.003879378988194557	0.0019116467036167611	-5.111122481730992e-10
961	-0.003535836988671543	0.0017352298639019114	-2.1477132853986724e-9
962	-0.0032219419925891926	0.0015102360078197436	-2.1400203877538085e-9
963	-0.0029443035938455115	0.0014468685356293334	-9.019007077305244e-10
964	-0.0027004107259294943	0.001368999609561693	-6.188394165088056e-10
965	-0.0025046026617052295	0.001259614402297377	-6.451703261363832e-10
966	-0.0022793697718042354	0.0011415264849889268	-8.042003395606821e-10
967	-0.0020853014744494896	0.0010928584207340743	-1.4493616927357323e-9
968	-0.00194332777738654	0.000988826859758887	-1.513385759393196e-10
969	-0.0017845554524092764	0.0009107034926491808	2.7214919072585496e-10
970	-0.001645979750143178	0.0008237379956357762	-2.2401063365792858e-10
971	-0.0015049314701036493	0.0007871436316602733	6.722118111916377e-11
972	-0.0014003967407148566	0.0007535933269974898	-6.10841710218513e-10
973	-0.0012838590471282117	0.0006636008022851677	-3.7904449653228284e-10
974	-0.0011759833000262198	0.0006244760576626998	-5.487816987598223e-10
975	-0.0010989904361071634	0.0005771415585048512	-3.056512666937791e-10
976	-0.001009884768955149	0.0005268870728847744	-1.2664895982827202e-10
977	-0.0009497464411560235	0.0005385151881781438	-5.719731345185044e-10
978	-0.0008862542334940371	0.00047816009230030254	-4.3766964371263634e-10
979	-0.0008223910610952787	0.000468362067622535	-4.125053755057147e-10
980	-0.0007824385701614259	0.00042350880723221587	-5.342819934556261e-10
981	-0.000714271339785683	0.0003799355447700011	4.856919476362948e-10
982	-0.0006595048141363137	0.00037794561640336756	3.032084766170057e-10
983	-0.0006270360760882778	0.00037301158227557847	-4.5955789501717335e-11
984	-0.0005804715869751292	0.0003223578606703653	-5.185271045438172e-10
985	-0.0005215209588985907	0.0002881562036273786	4.392362217427577e-10
986	-0.0005096753727469572	0.000285536546896243	-9.469824061164993e-10
987	-0.00047166755401246047	0.0002621480853414027	-5.156105072228589e-11
988	-0.00043072012449081425	0.0002405710886505664	7.048095406231137e-10
989	-0.000412699125483338	0.00021859141908110876	3.035325323378132e-10
990	-0.00039836621108755985	0.00020433173056237625	4.2211382854449124e-11
991	-0.00037412987267792066	0.00021337567414783594	-6.142264056975834e-10
992	-0.00034233165218786873	0.00019623007255073157	-7.258791929211731e-10
993	-0.0003178566337298305	0.00019365808126350085	-1.4752314473286815e-10
994	-0.0002933664943190601	0.00018737171503435335	-1.2933185744489908e-10
995	-0.0002971172118968598	0.00014582012764312844	-3.343650733452863e-10
996	-0.0002566314510316675	0.00013888281736357364	-5.039495192608908e-10
997	-0.00024742283320000207	0.00013110242086693776	-1.085434660316294e-9
998	-0.00022624021384773805	0.0001305027362883294	-1.248476552285795e-10
999	-0.00022317554010205956	0.00009996819801022408	2.135174819335412e-10
1000	-0.000230699600112201	0.00012176524978075155	5.943910274583608e-10
1001	-0.00020393303832586795	0.00013009397058857047	-2.551662708143224e-10
1002	-0.00019099116091141963	0.00012283597183664825	6.517398665616444e-11
1003	-0.00016963353359601197	0.00009517337720675036	1.5992688772415442e-10
1004	-0.00015674112477176148	0.00012690716943000588	8.513888626560701e-10
1005	-0.00015856200964845367	0.00009345133783291947	4.99009878592498e-10
1006	-0.0001669425944471307	0.00006588587696749649	-1.5853876246581466e-10
1007	-0.0001507152489282973	0.00008632609142713627	-1.3283266601569459e-10
1008	-0.00014624470744214622	0.000056741709969575715	-3.994985551195772e-10
1009	-0.00013195498609077473	0.00005348040360879665	9.759987671084173e-10
1010	-0.00014625160843565236	0.00011731094500365686	8.581826917241678e-10
1011	-0.00010768209529608877	0.00005222371200257355	2.0404189812391848e-10
1012	-0.0001161766132141966	0.00008012926101821384	1.2374416412236796e-10
1013	-0.00010194691192806402	0.000015828470133194973	-1.0433448541427879e-10
1014	-0.00011781441565272869	0.00006950025092778266	-5.65734254678523e-10
1015	-0.00009662232909036608	0.00009105246158136269	-5.838401646964586e-11
1016	-0.00009711898077227762	0.00005874517970094113	1.1531274052983823e-12
1017	-0.00009388310802945982	2.2080798200650167e-6	-1.3128475465345946e-9
1018	-0.00010466941449420657	3.461693703455342e-6	-4.910207158243744e-10
1019	-0.0000728547855093535	0.000027640743514105725	-6.293443728749848e-10
1020	-0.0000822168925883745	5.900472477311189e-6	-3.99655049736211e-10
1021	-0.00006776844357813617	0.00004268935047845553	-2.396036240465971e-10
1022	-0.00006118535156071276	0.00003097760799716096	-8.827935609394892e-10
1023	-0.00005481862747901736	0.000013689598506281479	-1.8492601221439188e-10
1024	-0.00004904388922138198	0.00003219428342235721	-4.899107567082506e-10
1025	-0.00003757272611680461	0.00005649952461628127	-5.916673115853215e-10
1026	-0.000056677656497953405	0.000024185358800906005	7.967539625886192e-12
1027	-0.00007331672727219197	0.00006406692581495201	3.702834118864442e-10
1028	-0.00005485358442100485	0.00008100304518893179	4.4979370203548014e-10
1029	-0.00004785764554795978	0.0000505438512653968	-3.754941632121266e-10
1030	-0.00004102752769339859	0.000035651958424452366	6.259625978481043e-10
1031	-0.00003676914781425594	0.000013152369454303697	-4.531646199286039e-10
1032	-0.00004320381499639828	0.000012008213957108565	-5.582806453965336e-10
1033	-0.00004884223232990238	0.00004825105828351805	-7.918110569863166e-10
1034	-0.00004723379265269883	-2.132978545457432e-6	2.7621017460139704e-11
1035	-0.00003782886526623803	0.00003601937435399235	6.616058068635691e-10
1036	-0.000027965380208721634	0.000023288050618512838	1.1291567549216008e-10
1037	-0.00002747026843398612	0.000015086275646801402	9.423661714497972e-11
1038	-0.00003254048037117678	7.720857180584597e-6	-9.47203627809843e-11
1039	-0.00002503199958916829	-1.2928588933273916e-6	-1.418893963177222e-10
1040	-0.0000162469528145608	-0.00001273683897899627	-4.600506214728552e-10
1041	-0.000038965909905132845	0.000025038530437324774	4.5415143006759977e-10
1042	-0.000034684418935740484	0.000027754581206210837	-3.7509262526643364e-11
1043	-0.000026581680161924702	0.00003000353187697465	-3.352814966172339e-10
1044	-0.00003476324361098898	7.121362835287492e-6	-1.390287356801224e-10
1045	-0.000032689380064516776	-0.00002537328282825679	-1.4818148112492844e-10
1046	-0.00003443715175865559	0.00006772431430831491	-6.318647519678496e-10
1047	-0.00001277601469000495	0.00004614483872058603	-1.0450559401258531e-10
1048	-0.000026672649965655304	5.006240730690169e-6	6.112177914685219e-10
1049	-0.00001862535327704426	0.00002985398438466425	2.8230303813144407e-10
1050	-0.000027455840240674066	0.000015453286058856713	-7.435831038941102e-10
1051	-0.000010200267002428609	0.00003460718492178888	-1.698269009277796e-10
1052	-2.7991279683408887e-6	0.00001588673786603641	4.07257755966089e-10
1053	-0.00003831861392482661	0.000029040185347199956	-4.51865546477817e-10
1054	-6.042762032266455e-6	0.000055005728831609654	5.069311946045577e-10
1055	-0.000011262836388626789	-1.098251918033006e-6	-1.4074201983324243e-10
1056	-0.0000315974470540242	-1.2159932372406173e-6	-4.948805500307804e-10
1057	-0.000032695581819315	0.00001726179285116269	-9.626055596946201e-11
1058	-0.000027569472019718806	0.00002367417873723396	-3.0355333297399776e-10
1059	-0.000017976954849610484	0.000011963142081941407	-6.50107132052561e-10
1060	-3.2353675196088697e-6	0.000019782646613175257	-3.922477425242027e-10
1061	-0.00001178212886108427	0.00007992904340175883	-3.0397757577062857e-10
1062	-0.000026566024299830644	-5.209165413330965e-6	-2.2019437011641333e-10
1063	-0.000021731579834421734	-0.000018851255513925894	-2.2096950427361432e-11
1064	-0.00001131128818744205	5.571863927085244e-6	-2.0086353093272772e-10
1065	-0.000011827169043356916	0.00004755657837385817	-3.095256585986403e-10
1066	-0.000026238289324667965	9.658327513691861e-6	-8.847066126385986e-12
1067	-0.000022355594157901192	-3.823928555391466e-6	9.600929097544854e-10
1068	-9.326606838222005e-6	-0.000015395723391285564	9.182501176269626e-10
1069	-5.6039303919459305e-6	-0.000052147276059226924	6.2608268905695e-10
1070	-0.000019881147237276985	-0.000018641642869472432	-2.49055363298253e-10
1071	-6.1331492442412664e-6	0.000022646158313111304	-6.272152218944854e-10
1072	-0.000016954799949674512	-0.00001925207170631455	1.047048576054726e-10
1073	-0.000010333187713801567	0.00003796568372920006	-2.277655245765302e-10
1074	3.7027220683422984e-6	-0.000015295201975192236	-2.1441353436642382e-10
1075	-0.000014114683922202526	-0.0000217598954241916	1.2415762265558583e-9
1076	-6.829847749218559e-6	-2.8043573898919817e-6	2.924909019337834e-11
1077	-0.000010196092604093465	-0.000017089871337325275	-6.885219451707704e-10
1078	-5.2980505032123264e-6	0.00003337262749787605	1.985467961749022e-10
1079	-0.0000103221559095379	-5.862149087510165e-7	-2.1810612598139995e-10
1080	-0.00001930448677107416	0.00002040907560647113	2.0824643414251694e-10
1081	-0.000025489795566765077	-0.000045203289241386546	-6.244403311425686e-10
1082	-0.00001815202036230773	-8.256090716444722e-6	-2.333914580694827e-10
1083	-7.952839395766588e-6	-3.991131370163821e-6	-2.146558206994893e-10
1084	7.523800024041088e-6	-0.00003234238138029692	-7.448713308532041e-11
1085	-5.763052801206706e-6	0.000020479714745115237	-4.43413126211412e-10
1086	-0.000022886365258330554	0.000012290350027653949	-3.009302418134195e-10
1087	-9.966194897549535e-6	-0.00001340079590264613	4.2914702391107534e-11
1088	-6.302629023084983e-7	-0.00001247173742276979	-5.314163232102788e-10
1089	-0.00003774642100882313	0.000012126835484058204	1.1206931113094101e-10
1090	-0.000016444129792085954	-0.00003387632738757175	1.6904976052737362e-10
1091	-0.000012768105159775744	0.000012879685043459286	2.137437857492587e-11
1092	6.535192592863979e-6	0.000050358896354475244	-2.980278134403401e-10
1093	-0.00001320970573812525	-0.00002008690694116404	2.8542687882894384e-10
1094	0.000016641487170807535	-0.00001713440962869395	-4.784595917390818e-10
1095	-0.000012579426514198133	-0.000017964696606984857	-2.3319556271541263e-10
1096	-1.1876037936170815e-7	-0.00003727517071235136	2.8048437823991994e-10
1097	1.150704757021324e-6	0.000031992971834342026	6.221130363365795e-10
1098	-2.7701005313941484e-6	0.00004932444817935214	3.3959067219644902e-12
1099	4.258150369840838e-6	0.000013217238346271084	2.1398977633366334e-10
1100	-0.000010909699248380232	0.00002816373699347742	3.532656205869485e-10
1101	4.410890934243885e-6	-0.000018562543699594918	-1.0273022825065642e-9
1102	-0.000013479425345988143	-0.000035051322028757413	-1.0058272133043962e-10
1103	-7.2212128933377235e-6	0.00005141384355904463	-5.425112156370258e-10
1104	-7.806888426521081e-6	-0.000016938492668173523	-3.898437748100047e-10