7907401.00000000	0.01561816	-0.00289880	0.04976038
7903401.00000000	0.01636514	-0.00320605	0.05352930
7899401.00000000	0.01738110	-0.00370413	0.05855383
7895401.00000000	0.01851523	-0.00427432	0.06452725
7891401.00000000	0.01973941	-0.00489188	0.07119373
7887401.00000000	0.02111530	-0.00551135	0.07874033
7883401.00000000	0.02267313	-0.00609476	0.08732767
7879401.00000000	0.02440424	-0.00658130	0.09674948
7875401.00000000	0.02636859	-0.00681186	0.10695648
7871401.00000000	0.02861703	-0.00653302	0.11777139
7867401.00000000	0.03111755	-0.00559393	0.12841220
7863401.00000000	0.03392368	-0.00382187	0.13816092
7859401.00000000	0.03719308	-0.00100156	0.14628516
7855401.00000000	0.04094769	0.00265323	0.15167392
7851401.00000000	0.04514258	0.00687802	0.15357053
7847401.00000000	0.05003375	0.01143228	0.15156613
7843401.00000000	0.05560034	0.01580719	0.14572025
7839401.00000000	0.06184406	0.01989673	0.13644034
7835401.00000000	0.06900385	0.02370642	0.12413327
7831401.00000000	0.07717526	0.02746387	0.10918967
7827401.00000000	0.08589899	0.03118228	0.09200327
7823401.00000000	0.09596329	0.03529660	0.07130545
7819401.00000000	0.10713318	0.03959415	0.04687213
7815401.00000000	0.11899316	0.04358264	0.01851453
7811401.00000000	0.13121899	0.04665253	-0.01379675
7807401.00000000	0.14358347	0.04814838	-0.05097827
7803401.00000000	0.15463770	0.04739188	-0.09071060
7799401.00000000	0.16335965	0.04441672	-0.13225470
7795401.00000000	0.16883093	0.03949164	-0.17602505
7791401.00000000	0.17005621	0.03376746	-0.21840543
7787401.00000000	0.16720950	0.02844235	-0.25950690
7783401.00000000	0.16084860	0.02426849	-0.29971967
7779401.00000000	0.15201102	0.02187848	-0.33777988
7775401.00000000	0.14157953	0.02093335	-0.37372964
7771401.00000000	0.12971310	0.02052936	-0.40897580
7767401.00000000	0.11666910	0.01947647	-0.44261319
7763401.00000000	0.10189606	0.01690005	-0.47391180
7759401.00000000	0.08432623	0.01183832	-0.50278430
7755401.00000000	0.06250385	0.00402945	-0.52838666
7751401.00000000	0.03628290	-0.00592838	-0.54876825
7747401.00000000	0.00478574	-0.01740472	-0.56379111
7743401.00000000	-0.03251028	-0.02950616	-0.57271689
7739401.00000000	-0.07289798	-0.04092175	-0.57465460
7735401.00000000	-0.11604605	-0.05170047	-0.56980197
7731401.00000000	-0.16095111	-0.06163376	-0.55747870
7727401.00000000	-0.20454373	-0.07044052	-0.53773535
7723401.00000000	-0.24598230	-0.07834540	-0.51081647
7719401.00000000	-0.28638449	-0.08581180	-0.47592514
7715401.00000000	-0.32407434	-0.09239835	-0.43484753
7711401.00000000	-0.35963055	-0.09797745	-0.38891812
7707401.00000000	-0.39471121	-0.10212119	-0.33789838
7703401.00000000	-0.42826355	-0.10428659	-0.28447769
7699401.00000000	-0.45987000	-0.10414786	-0.22980475
7695401.00000000	-0.48975659	-0.10149213	-0.17281500
7691401.00000000	-0.51613361	-0.09664001	-0.11444904
7687401.00000000	-0.53731540	-0.09027670	-0.05671057
7683401.00000000	-0.55319666	-0.08259628	0.00218579
7679401.00000000	-0.56290240	-0.07386093	0.06311380
7675401.00000000	-0.56555579	-0.06456906	0.12379599
7671401.00000000	-0.56102148	-0.05449539	0.18540262
7667401.00000000	-0.54871994	-0.04333188	0.24811517
7663401.00000000	-0.52880771	-0.03150488	0.30928329
7659401.00000000	-0.50129974	-0.01911523	0.36858746
7655401.00000000	-0.46562381	-0.00602286	0.42637399
7651401.00000000	-0.42394437	0.00661624	0.47904993
7647401.00000000	-0.37735986	0.01861298	0.52626874
7643401.00000000	-0.32509119	0.03019119	0.56850494
7639401.00000000	-0.26955914	0.04038922	0.60412863
7635401.00000000	-0.21239749	0.04994803	0.63247110
7631401.00000000	-0.15245215	0.05860599	0.65483017
7627401.00000000	-0.09118329	0.06649521	0.67089929
7623401.00000000	-0.03091647	0.07371286	0.68079800
7619401.00000000	0.03044836	0.08106015	0.68509534
7615401.00000000	0.09331689	0.08874869	0.68376306
7611401.00000000	0.15514001	0.09635757	0.67674261
7607401.00000000	0.21740646	0.10422867	0.66388489
7603401.00000000	0.28040143	0.11187344	0.64432462
7599401.00000000	0.34191528	0.11873074	0.61801886
7595401.00000000	0.40069293	0.12397180	0.58547095
7591401.00000000	0.45835669	0.12775708	0.54519385
7587401.00000000	0.51080685	0.12923138	0.49908511
7583401.00000000	0.55725922	0.12863318	0.44841385
7579401.00000000	0.59829422	0.12597940	0.39254889
7575401.00000000	0.63281485	0.12193280	0.33315717
7571401.00000000	0.65991153	0.11708972	0.27274631
7567401.00000000	0.68120306	0.11179724	0.20950262
7563401.00000000	0.69635175	0.10633243	0.14495987
7559401.00000000	0.70526691	0.10094778	0.08081198
7555401.00000000	0.70895087	0.09587549	0.01560773
7551401.00000000	0.70707712	0.09056281	-0.05007288
7547401.00000000	0.69969275	0.08506155	-0.11509250
7543401.00000000	0.68642770	0.07843698	-0.18053064
7539401.00000000	0.66660501	0.07003821	-0.24660489
7535401.00000000	0.64027191	0.05987329	-0.31066696
7531401.00000000	0.60676309	0.04771957	-0.37307074
7527401.00000000	0.56548798	0.03355164	-0.43319666
7523401.00000000	0.51738831	0.01802463	-0.48854227
7519401.00000000	0.46418079	0.00221414	-0.53725208
7515401.00000000	0.40471310	-0.01371091	-0.58098788
7511401.00000000	0.34264551	-0.02820529	-0.61700177
7507401.00000000	0.27960669	-0.04054987	-0.64558194
7503401.00000000	0.21440652	-0.05153333	-0.66811108
7499401.00000000	0.14855414	-0.06086050	-0.68456271
7495401.00000000	0.08349149	-0.06903354	-0.69505786
7491401.00000000	0.01852905	-0.07571292	-0.70011694
7487401.00000000	-0.04747089	-0.08169461	-0.69969354
7483401.00000000	-0.11169797	-0.08851740	-0.69356317
7479401.00000000	-0.17601694	-0.09589670	-0.68153192
7475401.00000000	-0.24102069	-0.10364096	-0.66291919
7471401.00000000	-0.30342032	-0.11074014	-0.63790387
7467401.00000000	-0.36309729	-0.11636203	-0.60671600
7463401.00000000	-0.42090417	-0.12064639	-0.56815244
7459401.00000000	-0.47380856	-0.12274832	-0.52354953
7455401.00000000	-0.51951474	-0.12294165	-0.47552734
7451401.00000000	-0.56054071	-0.12131616	-0.42133322
7447401.00000000	-0.59465436	-0.11823373	-0.36390442
7443401.00000000	-0.62166690	-0.11400919	-0.30480771
7439401.00000000	-0.64254062	-0.10916428	-0.24324387
7435401.00000000	-0.65745071	-0.10386548	-0.18047241
7431401.00000000	-0.66634506	-0.09859637	-0.11830087
7427401.00000000	-0.66996304	-0.09337244	-0.05512045
7423401.00000000	-0.66801422	-0.08798041	0.00943491
7419401.00000000	-0.66046689	-0.08239224	0.07278229
7415401.00000000	-0.64705936	-0.07621545	0.13688708
7411401.00000000	-0.62691364	-0.06887411	0.20196188
7407401.00000000	-0.60060754	-0.06045123	0.26536575
7403401.00000000	-0.56791946	-0.05014539	0.32689621
7399401.00000000	-0.52795135	-0.03931296	0.38752383
7395401.00000000	-0.48208197	-0.02715332	0.44407056
7391401.00000000	-0.43184164	-0.01472385	0.49506805
7387401.00000000	-0.37598505	0.00022427	0.54049344
7383401.00000000	-0.31711038	0.01288184	0.57963095
7379401.00000000	-0.25747229	0.02441196	0.61098212
7375401.00000000	-0.19530273	0.03542337	0.63624197
7371401.00000000	-0.13248569	0.04489221	0.65488358
7367401.00000000	-0.07025439	0.05319858	0.66752087
7363401.00000000	-0.00741068	0.06121765	0.67468399
7359401.00000000	0.05652856	0.06893103	0.67629233
7355401.00000000	0.11862036	0.07675729	0.67241547
7351401.00000000	0.18141431	0.08466287	0.66284567
7347401.00000000	0.24477231	0.09288928	0.64701605
7343401.00000000	0.30575577	0.10017551	0.62503296
7339401.00000000	0.36474283	0.10690137	0.59670187
7335401.00000000	0.42245981	0.11211792	0.56073166
7331401.00000000	0.47532809	0.11572629	0.51923590
7327401.00000000	0.52274484	0.11743039	0.47289417
7323401.00000000	0.56571530	0.11763290	0.42098093
7319401.00000000	0.60206854	0.11627618	0.36587427
7315401.00000000	0.63147910	0.11360577	0.30925647
7311401.00000000	0.65512064	0.10992099	0.24978156
7307401.00000000	0.67270795	0.10575244	0.18876636
7303401.00000000	0.68420734	0.10157108	0.12868808
7299401.00000000	0.69043347	0.09746976	0.06802026
7295401.00000000	0.69133542	0.09346774	0.00570755
7291401.00000000	0.68689282	0.08947375	-0.05657486
7287401.00000000	0.67716470	0.08502103	-0.11868088
7283401.00000000	0.66110071	0.07946213	-0.18277863
7279401.00000000	0.63904572	0.07263654	-0.24568738
7275401.00000000	0.61070279	0.06422507	-0.30716412
7271401.00000000	0.57442722	0.05369168	-0.36908121
7267401.00000000	0.53146188	0.04156390	-0.42817148
7263401.00000000	0.48348727	0.02876837	-0.48213968
7259401.00000000	0.42908286	0.01481689	-0.53231442
7255401.00000000	0.37053488	0.00050098	-0.57610620
7251401.00000000	0.31072729	-0.01269885	-0.61204150
7247401.00000000	0.24802802	-0.02507901	-0.64140781
7243401.00000000	0.18377280	-0.03650049	-0.66385254
7239401.00000000	0.12098267	-0.04669281	-0.67921069
7235401.00000000	0.05757794	-0.05647028	-0.68862610
7231401.00000000	-0.00702948	-0.06583646	-0.69228000
7227401.00000000	-0.07030762	-0.07492896	-0.69012756
7223401.00000000	-0.13326364	-0.08414520	-0.68200363
7219401.00000000	-0.19769644	-0.09358252	-0.66712546
7215401.00000000	-0.25999402	-0.10279419	-0.64550531
7211401.00000000	-0.31994418	-0.11136438	-0.61682019
7207401.00000000	-0.37977399	-0.11877365	-0.57984085
7203401.00000000	-0.43551447	-0.12393546	-0.53592447
7199401.00000000	-0.48555853	-0.12626172	-0.48718414
7195401.00000000	-0.53115970	-0.12594135	-0.43237625
7191401.00000000	-0.57078824	-0.12361539	-0.37363593
7187401.00000000	-0.60304779	-0.11974469	-0.31422516
7183401.00000000	-0.62957300	-0.11474463	-0.25184598
7179401.00000000	-0.64996609	-0.10910693	-0.18768204
7175401.00000000	-0.66401080	-0.10367572	-0.12449988
7171401.00000000	-0.67234439	-0.09846710	-0.06128610
7167401.00000000	-0.67526312	-0.09342389	0.00327466
7163401.00000000	-0.67266190	-0.08859280	0.06667514
7159401.00000000	-0.66435153	-0.08374847	0.13035162
7155401.00000000	-0.65000311	-0.07820874	0.19488885
7151401.00000000	-0.62949026	-0.07178128	0.25840610
7147401.00000000	-0.60289975	-0.06442639	0.31957251
7143401.00000000	-0.56903558	-0.05549649	0.38018240
7139401.00000000	-0.52883560	-0.04541937	0.43708481
7135401.00000000	-0.48387006	-0.03457294	0.48842892
7131401.00000000	-0.43204590	-0.02293353	0.53609268
7127401.00000000	-0.37615790	-0.01108124	0.57698331
7123401.00000000	-0.31806744	0.00038580	0.61053149
7119401.00000000	-0.25663699	0.01112299	0.63795691
7115401.00000000	-0.19330203	0.02108395	0.65905652
7111401.00000000	-0.13118597	0.02971774	0.67349033
7107401.00000000	-0.06855231	0.03782144	0.68243234
7103401.00000000	-0.00428714	0.04590768	0.68598801
7099401.00000000	0.05867883	0.05384109	0.68408212
7095401.00000000	0.12183093	0.06218628	0.67657626
7091401.00000000	0.18634448	0.07113705	0.66271841
7087401.00000000	0.24893396	0.08025674	0.64272882
7083401.00000000	0.30970407	0.08929660	0.61622281
7079401.00000000	0.36966840	0.09760510	0.58203571
7075401.00000000	0.42599426	0.10447299	0.54129050
7071401.00000000	0.47726605	0.10949826	0.49505161
7067401.00000000	0.52463361	0.11271323	0.44240356
7063401.00000000	0.56615204	0.11416660	0.38538828
7059401.00000000	0.60092590	0.11372025	0.32591516
7055401.00000000	0.62929800	0.11156973	0.26405362
7051401.00000000	0.65150888	0.10851938	0.20005133
7047401.00000000	0.66715076	0.10502301	0.13763666
7043401.00000000	0.67720596	0.10132574	0.07475867
7039401.00000000	0.68200101	0.09748892	0.00999771
7035401.00000000	0.68137573	0.09348776	-0.05362302
7031401.00000000	0.67550018	0.08903397	-0.11701913
7027401.00000000	0.66381265	0.08359399	-0.18188626
7023401.00000000	0.64606314	0.07685248	-0.24587491
7019401.00000000	0.62253339	0.06847119	-0.30759662
7015401.00000000	0.59201791	0.05804907	-0.36828476
7011401.00000000	0.55529919	0.04617148	-0.42511447
7007401.00000000	0.51351303	0.03363147	-0.47632932
7003401.00000000	0.46507468	0.02001532	-0.52345169
6999401.00000000	0.41108829	0.00658521	-0.56510736
6995401.00000000	0.35499591	-0.00595929	-0.59895346
6991401.00000000	0.29542618	-0.01727780	-0.62671979
6987401.00000000	0.23264188	-0.02740494	-0.64858408
6983401.00000000	0.16986575	-0.03621353	-0.66382581
6979401.00000000	0.10671216	-0.04394586	-0.67370361
6975401.00000000	0.04182913	-0.05142358	-0.67807928
6971401.00000000	-0.02247427	-0.05875751	-0.67703372
6967401.00000000	-0.08603693	-0.06613562	-0.67060263
6963401.00000000	-0.15119653	-0.07396454	-0.65812134
6959401.00000000	-0.21552972	-0.08179977	-0.63955798
6955401.00000000	-0.27788589	-0.08922934	-0.61505521
6951401.00000000	-0.34066284	-0.09602496	-0.58307642
6947401.00000000	-0.40038226	-0.10134363	-0.54491058
6943401.00000000	-0.45527039	-0.10470911	-0.50174445
6939401.00000000	-0.50610150	-0.10632922	-0.45294763
6935401.00000000	-0.55134189	-0.10626627	-0.39958026
6931401.00000000	-0.58951068	-0.10489709	-0.34397940
6927401.00000000	-0.62107910	-0.10252164	-0.28588837
6923401.00000000	-0.64622992	-0.09933197	-0.22543646
6919401.00000000	-0.66430338	-0.09587302	-0.16547696
6915401.00000000	-0.67623117	-0.09246741	-0.10500195
6911401.00000000	-0.68257123	-0.08909479	-0.04287698
6907401.00000000	-0.68303964	-0.08586411	0.01841809
6903401.00000000	-0.67782660	-0.08250964	0.07977164
6899401.00000000	-0.66632690	-0.07873065	0.14354071
6895401.00000000	-0.64888486	-0.07424228	0.20553186
6891401.00000000	-0.62511261	-0.06861838	0.26662482
6887401.00000000	-0.59449219	-0.06153690	0.32699149
6883401.00000000	-0.55731738	-0.05322052	0.38503671
6879401.00000000	-0.51491394	-0.04424368	0.43851706
6875401.00000000	-0.46594577	-0.03438818	0.48905780
6871401.00000000	-0.41217487	-0.02413608	0.53432230
6867401.00000000	-0.35585635	-0.01334470	0.57250580
6863401.00000000	-0.29711679	-0.00227124	0.60423398
6859401.00000000	-0.23535892	0.00841840	0.62970990
6855401.00000000	-0.17326941	0.01822705	0.64894537
6851401.00000000	-0.11057272	0.02756854	0.66200525
6847401.00000000	-0.04638071	0.03646515	0.66970285
6843401.00000000	0.01762189	0.04536069	0.67189423
6839401.00000000	0.08104453	0.05451740	0.66874252
6835401.00000000	0.14594867	0.06365060	0.66006006
6831401.00000000	0.21035681	0.07379535	0.64529300
6827401.00000000	0.27317239	0.08388541	0.62428876
6823401.00000000	0.33639896	0.09412253	0.59580624
6819401.00000000	0.39703333	0.10330450	0.56011472
6815401.00000000	0.45308478	0.11038989	0.51805344
6811401.00000000	0.50524734	0.11549365	0.46890674
6807401.00000000	0.55176428	0.11822714	0.41430801
6803401.00000000	0.59102618	0.11839380	0.35659381
6799401.00000000	0.62370456	0.11669077	0.29585297
6795401.00000000	0.64969217	0.11362088	0.23345743
6791401.00000000	0.66910324	0.10986118	0.17092685
6787401.00000000	0.68233524	0.10574734	0.10834647
6783401.00000000	0.68998221	0.10169333	0.04473627
6779401.00000000	0.69180264	0.09772119	-0.01876251
6775401.00000000	0.68796036	0.09382745	-0.08279562
6771401.00000000	0.67791260	0.08944266	-0.14756882
6767401.00000000	0.66135068	0.08453339	-0.21234543
6763401.00000000	0.63853824	0.07836658	-0.27562402
6759401.00000000	0.60826782	0.07082956	-0.33880658
6755401.00000000	0.57132776	0.06169077	-0.39925165
6751401.00000000	0.52757755	0.05185312	-0.45681256
6747401.00000000	0.47876318	0.03985025	-0.50870590
6743401.00000000	0.42628729	0.02624750	-0.55407831
6739401.00000000	0.36843732	0.01435535	-0.59499808
6735401.00000000	0.30734290	0.00218323	-0.62919003
6731401.00000000	0.24430600	-0.00799860	-0.65700903
6727401.00000000	0.18107883	-0.01696313	-0.67794977
6723401.00000000	0.11791840	-0.02514175	-0.69279907
6719401.00000000	0.05353812	-0.03304822	-0.70208215
6715401.00000000	-0.01044470	-0.04054532	-0.70597522
6711401.00000000	-0.07437775	-0.04822144	-0.70453387
6707401.00000000	-0.13921133	-0.05657388	-0.69761362
6703401.00000000	-0.20299863	-0.06500369	-0.68478644
6699401.00000000	-0.26513168	-0.07389694	-0.66573453
6695401.00000000	-0.32674921	-0.08276517	-0.63907434
6691401.00000000	-0.38522638	-0.09083386	-0.60492163
6687401.00000000	-0.43897635	-0.09754300	-0.56403671
6683401.00000000	-0.48884747	-0.10288522	-0.51569241
6679401.00000000	-0.53343344	-0.10660217	-0.46155432
6675401.00000000	-0.57150766	-0.10804755	-0.40383554
6671401.00000000	-0.60368628	-0.10787753	-0.34312640
6667401.00000000	-0.62980634	-0.10655487	-0.28024197
6663401.00000000	-0.64961148	-0.10451236	-0.21720364
6659401.00000000	-0.66374591	-0.10199216	-0.15301917
6655401.00000000	-0.67222601	-0.09953619	-0.08835413
6651401.00000000	-0.67508862	-0.09714972	-0.02484979
6647401.00000000	-0.67240848	-0.09483261	0.03939172
6643401.00000000	-0.66385352	-0.09247812	0.10434848
6639401.00000000	-0.64943848	-0.08969907	0.16835422
6635401.00000000	-0.62879758	-0.08600320	0.23168207
6631401.00000000	-0.60127554	-0.08102112	0.29463904
6627401.00000000	-0.56708130	-0.07472290	0.35543054
6623401.00000000	-0.52716049	-0.06734927	0.41178922
6619401.00000000	-0.48105902	-0.05883566	0.46458865
6615401.00000000	-0.42981311	-0.04950665	0.51234888
6611401.00000000	-0.37513388	-0.03969257	0.55385205
6607401.00000000	-0.31628690	-0.02938541	0.58964960
6603401.00000000	-0.25535699	-0.01905960	0.61885889
6599401.00000000	-0.19416666	-0.00903387	0.64132159
6595401.00000000	-0.13231796	0.00056229	0.65759988
6591401.00000000	-0.06891284	0.01002087	0.66830331
6587401.00000000	-0.00564532	0.01938821	0.67367114
6583401.00000000	0.05717706	0.02894186	0.67381250
6579401.00000000	0.12088193	0.03917365	0.66831183
6575401.00000000	0.18378787	0.05001343	0.65715598
6571401.00000000	0.24568927	0.06173871	0.63975739
6567401.00000000	0.30736349	0.07383298	0.61529626
6563401.00000000	0.36665842	0.08541455	0.58349246
6559401.00000000	0.42220160	0.09609131	0.54494543
6555401.00000000	0.47425046	0.10531293	0.49895523
6551401.00000000	0.52113324	0.11249442	0.44658154
6547401.00000000	0.56118576	0.11741483	0.39053073
6543401.00000000	0.59517102	0.12003433	0.33107047
6539401.00000000	0.62300897	0.12077954	0.26885480
6535401.00000000	0.64433554	0.12036270	0.20635010
6531401.00000000	0.66019815	0.11944873	0.14286667
6527401.00000000	0.67009253	0.11750436	0.07855713
6523401.00000000	0.67454181	0.11532394	0.01502884
6519401.00000000	0.67369315	0.11313467	-0.04823785
6515401.00000000	0.66731668	0.11049265	-0.11291815
6511401.00000000	0.65533655	0.10726581	-0.17717670
6507401.00000000	0.63731454	0.10272342	-0.24168042
6503401.00000000	0.61277350	0.09643164	-0.30592059
6499401.00000000	0.58203094	0.08780969	-0.36817355
6495401.00000000	0.54507526	0.07708929	-0.42710135
6491401.00000000	0.50188651	0.06431348	-0.48194846
6487401.00000000	0.45327826	0.05017465	-0.53104126
6483401.00000000	0.40082205	0.03558450	-0.57307883
6479401.00000000	0.34446658	0.02127600	-0.60851678
6475401.00000000	0.28513663	0.00776120	-0.63711826
6471401.00000000	0.22499832	-0.00437930	-0.65872006
6467401.00000000	0.16317731	-0.01556717	-0.67457516
6463401.00000000	0.09963895	-0.02608643	-0.68506775
6459401.00000000	0.03688690	-0.03597989	-0.69009341
6455401.00000000	-0.02586945	-0.04578308	-0.68997061
6451401.00000000	-0.08984744	-0.05620309	-0.68453934
6447401.00000000	-0.15418515	-0.06712531	-0.67315384
6443401.00000000	-0.21749399	-0.07829138	-0.65565118
6439401.00000000	-0.28108438	-0.08976874	-0.63081046
6435401.00000000	-0.34271976	-0.10067429	-0.59874289
6431401.00000000	-0.40116708	-0.11028369	-0.55974173
6427401.00000000	-0.45667389	-0.11816568	-0.51345505
6423401.00000000	-0.50740106	-0.12377780	-0.46116968
6419401.00000000	-0.55172842	-0.12698807	-0.40501419
6415401.00000000	-0.58979837	-0.12804370	-0.34562833
6411401.00000000	-0.62118994	-0.12736966	-0.28395673
6407401.00000000	-0.64570941	-0.12557394	-0.22177069
6403401.00000000	-0.66410248	-0.12330298	-0.15839209
6399401.00000000	-0.67636639	-0.12090125	-0.09412561
6395401.00000000	-0.68251099	-0.11882858	-0.03182880
6391401.00000000	-0.68309766	-0.11683609	0.03148962
6387401.00000000	-0.67789450	-0.11481207	0.09665027
6383401.00000000	-0.66692844	-0.11233585	0.16105902
6379401.00000000	-0.65011304	-0.10910074	0.22454324
6375401.00000000	-0.62671130	-0.10440323	0.28919394
6371401.00000000	-0.59667123	-0.09792795	0.35252618
6367401.00000000	-0.56143851	-0.08981485	0.41159521
6363401.00000000	-0.51980194	-0.07984055	0.46808429
6359401.00000000	-0.47315186	-0.06826755	0.51922131
6355401.00000000	-0.42283740	-0.05575781	0.56400177
6351401.00000000	-0.36793896	-0.04238501	0.60310214
6347401.00000000	-0.31023895	-0.02879181	0.63566684
6343401.00000000	-0.25178192	-0.01569604	0.66101205
6339401.00000000	-0.19261105	-0.00324854	0.68015396
6335401.00000000	-0.13103983	0.00897177	0.69411670
6331401.00000000	-0.06996802	0.02030069	0.70245151
6327401.00000000	-0.00825174	0.03108914	0.70559708
6323401.00000000	0.05417545	0.04263531	0.70344699
6319401.00000000	0.11644293	0.05493829	0.69546890
6315401.00000000	0.17827084	0.06828537	0.68157016
6311401.00000000	0.24001022	0.08230231	0.66049045
6307401.00000000	0.30064963	0.09792566	0.63229486
6303401.00000000	0.35826630	0.11345581	0.59721008
6299401.00000000	0.41345648	0.12468365	0.55296582
6295401.00000000	0.46418149	0.13263950	0.50181427
6291401.00000000	0.50905087	0.13818509	0.44691922
6287401.00000000	0.54871140	0.14113092	0.38767529
6283401.00000000	0.58277527	0.14111780	0.32492712
6279401.00000000	0.61009317	0.13929266	0.26199695
6275401.00000000	0.63105917	0.13611398	0.19917316
6271401.00000000	0.64640454	0.13261758	0.13516931
6267401.00000000	0.65598199	0.12908057	0.07094376
6263401.00000000	0.65983301	0.12570648	0.00849835
6259401.00000000	0.65843396	0.12216422	-0.05632623
6255401.00000000	0.65110205	0.11833926	-0.12192700
6251401.00000000	0.63816489	0.11384106	-0.18560791
6247401.00000000	0.61886996	0.10795764	-0.25000082
6243401.00000000	0.59260999	0.10021204	-0.31382138
6239401.00000000	0.56004440	0.09070596	-0.37455615
6235401.00000000	0.52052420	0.07917703	-0.43247333
6231401.00000000	0.47499774	0.06630725	-0.48529352
6227401.00000000	0.42508011	0.05297141	-0.53139700
6223401.00000000	0.37106961	0.03941458	-0.57123276
6219401.00000000	0.31271829	0.02593625	-0.60507162
6215401.00000000	0.25339316	0.01357477	-0.63141577
6211401.00000000	0.19302826	0.00211667	-0.65158157
6207401.00000000	0.13151331	-0.00880505	-0.66616174
6203401.00000000	0.06974228	-0.01916479	-0.67529938
6199401.00000000	0.00829126	-0.02931833	-0.67933350
6195401.00000000	-0.05401019	-0.03980264	-0.67798242
6191401.00000000	-0.11563855	-0.05066592	-0.67134509
6187401.00000000	-0.17625449	-0.06172800	-0.65891882
6183401.00000000	-0.23694656	-0.07329453	-0.63979160
6179401.00000000	-0.29672241	-0.08495984	-0.61358017
6175401.00000000	-0.35321634	-0.09599371	-0.58093835
6171401.00000000	-0.40711697	-0.10640479	-0.54168329
6167401.00000000	-0.45697729	-0.11435046	-0.49581424
6163401.00000000	-0.50141534	-0.11979294	-0.44518567
6159401.00000000	-0.54118265	-0.12345789	-0.38917700
6155401.00000000	-0.57554678	-0.12513187	-0.32907635
6151401.00000000	-0.60294797	-0.12502206	-0.26862982
6147401.00000000	-0.62451120	-0.12352841	-0.20661517
6143401.00000000	-0.64054391	-0.12135666	-0.14336310
6139401.00000000	-0.65082040	-0.11893375	-0.08082440
6135401.00000000	-0.65564551	-0.11644962	-0.01906146
6131401.00000000	-0.65522681	-0.11393506	0.04377655
6127401.00000000	-0.64926273	-0.11117459	0.10721939
6123401.00000000	-0.63784763	-0.10784244	0.16995917
6119401.00000000	-0.62012912	-0.10342551	0.23433517
6115401.00000000	-0.59630371	-0.09755261	0.29781134
6111401.00000000	-0.56622214	-0.08991586	0.35959274
6107401.00000000	-0.52952206	-0.08035266	0.41932440
6103401.00000000	-0.48673053	-0.06920383	0.47511908
6099401.00000000	-0.43911264	-0.05700797	0.52494217
6095401.00000000	-0.38787939	-0.04448975	0.56791196
6091401.00000000	-0.33228973	-0.03192877	0.60492816
6087401.00000000	-0.27503583	-0.02025079	0.63455173
6083401.00000000	-0.21657489	-0.00946021	0.65738571
6079401.00000000	-0.15642676	0.00070782	0.67444870
6075401.00000000	-0.09561307	0.01013116	0.68591330
6071401.00000000	-0.03465027	0.01904050	0.69212863
6067401.00000000	0.02703055	0.02813116	0.69326932
6063401.00000000	0.08887558	0.03746039	0.68882880
6059401.00000000	0.14999026	0.04748575	0.67868271
6055401.00000000	0.21173892	0.05808868	0.66176001
6051401.00000000	0.27239645	0.06926257	0.63802634
6047401.00000000	0.32999014	0.07931842	0.60772861
6043401.00000000	0.38548743	0.08812131	0.57030325
6039401.00000000	0.43788364	0.09619333	0.52633606
6035401.00000000	0.48505002	0.10275836	0.47759814
6031401.00000000	0.52707999	0.10779697	0.42416064
6027401.00000000	0.56361298	0.11119275	0.36659186
6023401.00000000	0.59340247	0.11303131	0.30770026
6019401.00000000	0.61708386	0.11366074	0.24728940
6015401.00000000	0.63514673	0.11348010	0.18492737
6011401.00000000	0.64742825	0.11301447	0.12252878
6007401.00000000	0.65413046	0.11259531	0.06009271
6003401.00000000	0.65532324	0.11230716	-0.00338925
5999401.00000000	0.65086755	0.11217572	-0.06773071
5995401.00000000	0.64065253	0.11186893	-0.13145029
5991401.00000000	0.62418680	0.11087283	-0.19664282
5987401.00000000	0.60144559	0.10871509	-0.26113687
5983401.00000000	0.57246716	0.10501105	-0.32386456
5979401.00000000	0.53668915	0.09932904	-0.38508859
5975401.00000000	0.49448987	0.09178012	-0.44348901
5971401.00000000	0.44759756	0.08270822	-0.49646194
5967401.00000000	0.39551752	0.07206396	-0.54470206
5963401.00000000	0.33982523	0.06032617	-0.58661935
5959401.00000000	0.28216937	0.04807190	-0.62158386
5955401.00000000	0.22303799	0.03598145	-0.64931335
5951401.00000000	0.16176816	0.02406451	-0.67105582
5947401.00000000	0.09960925	0.01282272	-0.68654330
5943401.00000000	0.03734116	0.00225101	-0.69613318
5939401.00000000	-0.02567297	-0.00838324	-0.70047375
5935401.00000000	-0.08926410	-0.01945471	-0.69936746
5931401.00000000	-0.15173288	-0.03112051	-0.69255670
5927401.00000000	-0.21392273	-0.04362830	-0.67994327
5923401.00000000	-0.27591541	-0.05711673	-0.66016150
5919401.00000000	-0.33436295	-0.07084775	-0.63378195
5915401.00000000	-0.39090579	-0.08475140	-0.59956064
5911401.00000000	-0.44378802	-0.09778351	-0.55770779
5907401.00000000	-0.49117194	-0.10884875	-0.50943155
5903401.00000000	-0.53290558	-0.11765228	-0.45596811
5899401.00000000	-0.56910577	-0.12410071	-0.39748544
5895401.00000000	-0.59858505	-0.12790686	-0.33700534
5891401.00000000	-0.62207590	-0.12982767	-0.27506546
5887401.00000000	-0.63987296	-0.13017068	-0.21181683
5883401.00000000	-0.65194864	-0.12945547	-0.14849008
5879401.00000000	-0.65871240	-0.12839764	-0.08588211
5875401.00000000	-0.66032086	-0.12712363	-0.02171286
5871401.00000000	-0.65649564	-0.12577094	0.04271094
5867401.00000000	-0.64731299	-0.12411951	0.10705869
5863401.00000000	-0.63234067	-0.12176935	0.17224872
5859401.00000000	-0.61140845	-0.11825836	0.23820404
5855401.00000000	-0.58469861	-0.11304453	0.30257056
5851401.00000000	-0.55189124	-0.10544247	0.36558206
5847401.00000000	-0.51287888	-0.09550922	0.42658554
5843401.00000000	-0.46893631	-0.08345868	0.48265323
5839401.00000000	-0.42097275	-0.07024005	0.53241223
5835401.00000000	-0.36769458	-0.05588037	0.57694131
5831401.00000000	-0.31211255	-0.04149026	0.61360336
5827401.00000000	-0.25482886	-0.02772928	0.64271622
5823401.00000000	-0.19474725	-0.01523877	0.66574985
5819401.00000000	-0.13491568	-0.00410165	0.68215311
5815401.00000000	-0.07452353	0.00648004	0.69278680
5811401.00000000	-0.01317917	0.01681842	0.69781656
5807401.00000000	0.04854813	0.02713010	0.69745828
5803401.00000000	0.10913330	0.03815695	0.69119357
5799401.00000000	0.17149319	0.04999957	0.67822534
5795401.00000000	0.23291339	0.06203333	0.65814255
5791401.00000000	0.29194122	0.07406943	0.63123276
5787401.00000000	0.34997665	0.08576385	0.59612872
5783401.00000000	0.40547266	0.09637265	0.55341840
5779401.00000000	0.45631299	0.10489984	0.50499945
5775401.00000000	0.50251984	0.11124469	0.45162671
5771401.00000000	0.54364664	0.11517160	0.39417661
5767401.00000000	0.57823373	0.11711749	0.33510516
5763401.00000000	0.60692160	0.11757523	0.27466245
5759401.00000000	0.63002084	0.11696811	0.21228265
5755401.00000000	0.64698843	0.11588074	0.15044141
5751401.00000000	0.65821176	0.11466672	0.08899194
5747401.00000000	0.66406122	0.11356183	0.02581158
5743401.00000000	0.66427661	0.11232635	-0.03740775
5739401.00000000	0.65883014	0.11112704	-0.10010684
5735401.00000000	0.64729041	0.10929590	-0.16395575
5731401.00000000	0.62926971	0.10640863	-0.22730264
5727401.00000000	0.60524838	0.10238269	-0.28809460
5723401.00000000	0.57429184	0.09711526	-0.34749197
5719401.00000000	0.53639880	0.09047552	-0.40437024
5715401.00000000	0.49300058	0.08241891	-0.45635928
5711401.00000000	0.44382150	0.07356567	-0.50376651
5707401.00000000	0.38973907	0.06413821	-0.54589505
5703401.00000000	0.33306143	0.05394385	-0.58091324
5699401.00000000	0.27405078	0.04346906	-0.60979510
5695401.00000000	0.21221939	0.03313455	-0.63279477
5691401.00000000	0.14968832	0.02318924	-0.64966260
5687401.00000000	0.08765152	0.01368472	-0.66074390
5683401.00000000	0.02397226	0.00401315	-0.66649707
5679401.00000000	-0.04002203	-0.00561349	-0.66713553
5675401.00000000	-0.10284393	-0.01550607	-0.66229468
5671401.00000000	-0.16696097	-0.02637793	-0.65155481
5667401.00000000	-0.23025540	-0.03798849	-0.63419949
5663401.00000000	-0.29144226	-0.05005872	-0.61035095
5659401.00000000	-0.35172449	-0.06196567	-0.57874075
5655401.00000000	-0.40893567	-0.07363831	-0.53961914
5651401.00000000	-0.46111240	-0.08414352	-0.49450281
5647401.00000000	-0.50844543	-0.09321402	-0.44334393
5643401.00000000	-0.55071100	-0.10050287	-0.38631625
5639401.00000000	-0.58588345	-0.10570203	-0.32701752
5635401.00000000	-0.61479648	-0.10911371	-0.26552792
5631401.00000000	-0.63774899	-0.11100119	-0.20203159
5627401.00000000	-0.65453867	-0.11192410	-0.13823236
5623401.00000000	-0.66543402	-0.11227228	-0.07504953
5619401.00000000	-0.67092401	-0.11235336	-0.01048389
5615401.00000000	-0.67085342	-0.11242618	0.05382150
5611401.00000000	-0.66528952	-0.11250613	0.11758664
5607401.00000000	-0.65385541	-0.11239105	0.18274606
5603401.00000000	-0.63615424	-0.11155707	0.24783853
5599401.00000000	-0.61267682	-0.10953549	0.31054755
5595401.00000000	-0.58211368	-0.10600040	0.37315823
5591401.00000000	-0.54473227	-0.10079132	0.43320334
5587401.00000000	-0.50209958	-0.09405798	0.48807523
5583401.00000000	-0.45403085	-0.08590878	0.53781494
5579401.00000000	-0.40046872	-0.07622620	0.58270752
5575401.00000000	-0.34403033	-0.06580157	0.62048441
5571401.00000000	-0.28562582	-0.05507916	0.65136047
5567401.00000000	-0.22477374	-0.04424225	0.67580020
5563401.00000000	-0.16328967	-0.03384604	0.69378580
5559401.00000000	-0.10213263	-0.02393240	0.70559766
5555401.00000000	-0.03927121	-0.01394626	0.71222897
5551401.00000000	0.02334775	-0.00404712	0.71307367
5547401.00000000	0.08465698	0.00590338	0.70884314
5543401.00000000	0.14688712	0.01698813	0.69876169
5539401.00000000	0.20909412	0.02914529	0.68223044
5535401.00000000	0.26917810	0.04213254	0.65924246
5531401.00000000	0.32817838	0.05590845	0.62891687
5527401.00000000	0.38492816	0.06985342	0.59069949
5523401.00000000	0.43706976	0.08301099	0.54637323
5519401.00000000	0.48502466	0.09496234	0.49571866
5515401.00000000	0.52858530	0.10514456	0.43872205
5511401.00000000	0.56541660	0.11289993	0.37950375
5507401.00000000	0.59601822	0.11821548	0.31788940
5503401.00000000	0.62117761	0.12169254	0.25341940
5499401.00000000	0.63999786	0.12374829	0.18888547
5495401.00000000	0.65280655	0.12486957	0.12551410
5491401.00000000	0.66022668	0.12552142	0.06065439
5487401.00000000	0.66219049	0.12586163	-0.00429791
5483401.00000000	0.65854022	0.12587354	-0.06807773
5479401.00000000	0.64898026	0.12526489	-0.13400793
5475401.00000000	0.63311679	0.12344955	-0.20029312
5471401.00000000	0.61151178	0.11987259	-0.26431940
5467401.00000000	0.58282303	0.11336642	-0.32791357
5463401.00000000	0.54697998	0.10447318	-0.39001535
5459401.00000000	0.50566782	0.09350897	-0.44697885
5455401.00000000	0.45825858	0.07981290	-0.49901990
5451401.00000000	0.40487836	0.06578824	-0.54615506
5447401.00000000	0.34911255	0.05213776	-0.58500781
5443401.00000000	0.29135345	0.03979718	-0.61687112
5439401.00000000	0.22991766	0.02791684	-0.64295258
5435401.00000000	0.16834326	0.01696933	-0.66220422
5431401.00000000	0.10737216	0.00733511	-0.67548553
5427401.00000000	0.04373807	-0.00207657	-0.68364359
5423401.00000000	-0.02002435	-0.01119412	-0.68629749
5419401.00000000	-0.08169287	-0.02000613	-0.68348767
5415401.00000000	-0.14452725	-0.02925549	-0.67490057
5411401.00000000	-0.20778619	-0.03955695	-0.65994318
5407401.00000000	-0.26860794	-0.05019937	-0.63865421
5403401.00000000	-0.32883939	-0.06096872	-0.61019159
5399401.00000000	-0.38712668	-0.07137357	-0.57426361
5395401.00000000	-0.44065994	-0.08036331	-0.53299088
5391401.00000000	-0.49009949	-0.08788760	-0.48607748
5387401.00000000	-0.53574945	-0.09414053	-0.43302417
5383401.00000000	-0.57462900	-0.09868350	-0.37754501
5379401.00000000	-0.60706750	-0.10126495	-0.31994495
5375401.00000000	-0.63403638	-0.10260623	-0.25887155
5371401.00000000	-0.65435590	-0.10310547	-0.19768402
5367401.00000000	-0.66840967	-0.10316452	-0.13726077
5363401.00000000	-0.67702725	-0.10308435	-0.07484732
5359401.00000000	-0.67996295	-0.10295694	-0.01219812
5355401.00000000	-0.67728305	-0.10272989	0.04869431
5351401.00000000	-0.66866507	-0.10227783	0.11151804
5347401.00000000	-0.65361185	-0.10124393	0.17514551
5343401.00000000	-0.63246848	-0.09941406	0.23670432
5339401.00000000	-0.60407178	-0.09663092	0.29834283
5335401.00000000	-0.56841074	-0.09261658	0.35856677
5331401.00000000	-0.52680392	-0.08699509	0.41436221
5327401.00000000	-0.47948901	-0.08020209	0.46627261
5323401.00000000	-0.42574622	-0.07213925	0.51453827
5319401.00000000	-0.36927655	-0.06341519	0.55585162
5315401.00000000	-0.31060538	-0.05429950	0.59084351
5311401.00000000	-0.24858630	-0.04506836	0.62013049
5307401.00000000	-0.18567505	-0.03600537	0.64293893
5303401.00000000	-0.12393222	-0.02760516	0.65925830
5299401.00000000	-0.05992297	-0.01966797	0.67041608
5295401.00000000	0.00358252	-0.01164548	0.67593457
5291401.00000000	0.06512000	-0.00365897	0.67597684
5287401.00000000	0.12808878	0.00488165	0.67055417
5283401.00000000	0.19141812	0.01437662	0.65915167
5279401.00000000	0.25160736	0.02367191	0.64204846
5275401.00000000	0.31097601	0.03312375	0.61780051
5271401.00000000	0.36920871	0.04293887	0.58563083
5267401.00000000	0.42252344	0.05229987	0.54717056
5263401.00000000	0.47102933	0.06055838	0.50253836
5259401.00000000	0.51559088	0.06753607	0.45043759
5255401.00000000	0.55384796	0.07250021	0.39407922
5251401.00000000	0.58549603	0.07633984	0.33574924
5247401.00000000	0.61189554	0.07878384	0.27345407
5243401.00000000	0.63221906	0.08021075	0.21011127
5239401.00000000	0.64648477	0.08090735	0.14775824
5235401.00000000	0.65563339	0.08134738	0.08330771
5231401.00000000	0.65933640	0.08170642	0.01835950
5227401.00000000	0.65777219	0.08193054	-0.04483725
5223401.00000000	0.65068539	0.08191058	-0.10985825
5219401.00000000	0.63756964	0.08140491	-0.17575146
5215401.00000000	0.61851645	0.08010489	-0.24014899
5211401.00000000	0.59323935	0.07761526	-0.30350049
5207401.00000000	0.56084628	0.07376376	-0.36568884
5203401.00000000	0.52278986	0.06851419	-0.42354495
5199401.00000000	0.47928845	0.06212195	-0.47650510
5195401.00000000	0.42978156	0.05483566	-0.52512994
5191401.00000000	0.37636569	0.04725681	-0.56704550
5187401.00000000	0.32163510	0.03965039	-0.60095853
5183401.00000000	0.26202176	0.03209897	-0.62978851
5179401.00000000	0.20180795	0.02482047	-0.65148187
5175401.00000000	0.14184521	0.01839771	-0.66675018
5171401.00000000	0.07896606	0.01210144	-0.67693903
5167401.00000000	0.01657446	0.00585361	-0.68094180
5163401.00000000	-0.04482654	-0.00030328	-0.67960165
5159401.00000000	-0.10807755	-0.00648016	-0.67245190
5155401.00000000	-0.17256592	-0.01306808	-0.65900739
5151401.00000000	-0.23392493	-0.01934012	-0.63984366
5147401.00000000	-0.29529446	-0.02560843	-0.61415909
5143401.00000000	-0.35713260	-0.03202216	-0.58087024
5139401.00000000	-0.41435486	-0.03768710	-0.54205011
5135401.00000000	-0.46718634	-0.04294519	-0.49839276
5131401.00000000	-0.51673544	-0.04764890	-0.44826129
5127401.00000000	-0.55973358	-0.05166266	-0.39493790
5123401.00000000	-0.59587674	-0.05489856	-0.33953143
5119401.00000000	-0.62696634	-0.05744238	-0.27970663
5115401.00000000	-0.65139026	-0.05904865	-0.21883011
5111401.00000000	-0.66927048	-0.06006595	-0.15862320
5107401.00000000	-0.68197522	-0.06076929	-0.09581122
5103401.00000000	-0.68902194	-0.06140176	-0.03287814
5099401.00000000	-0.69053854	-0.06196271	0.02838574
5095401.00000000	-0.68652588	-0.06260605	0.09147556
5091401.00000000	-0.67643576	-0.06321909	0.15570432
5087401.00000000	-0.66035120	-0.06350800	0.21804263
5083401.00000000	-0.63747177	-0.06337708	0.28048782
5079401.00000000	-0.60738956	-0.06262384	0.34205121
5075401.00000000	-0.57157327	-0.06092532	0.39917020
5071401.00000000	-0.52905695	-0.05842871	0.45373059
5067401.00000000	-0.48015182	-0.05507947	0.50444055
5063401.00000000	-0.42743353	-0.05082901	0.54886328
5059401.00000000	-0.37136719	-0.04565094	0.58665784
5055401.00000000	-0.31102945	-0.03994983	0.61911917
5051401.00000000	-0.24971820	-0.03387268	0.64411679
5047401.00000000	-0.18818829	-0.02837833	0.66227869
5043401.00000000	-0.12453610	-0.02293201	0.67459937
5039401.00000000	-0.06055063	-0.01687958	0.68075171
5035401.00000000	0.00268250	-0.01171500	0.68119080
5031401.00000000	0.06669034	-0.00654749	0.67572028
5027401.00000000	0.13119299	-0.00094974	0.66411545
5023401.00000000	0.19333051	0.00497540	0.64671939
5019401.00000000	0.25646094	0.01157703	0.62234332
5015401.00000000	0.31842352	0.01866083	0.59068076
5011401.00000000	0.37619482	0.02588583	0.55330582
5007401.00000000	0.43082709	0.03315982	0.50924823
5003401.00000000	0.48195108	0.04000552	0.45848474
4999401.00000000	0.52634167	0.04578400	0.40446588
4995401.00000000	0.56446811	0.05075668	0.34731671
4991401.00000000	0.59725510	0.05457910	0.28596176
4987401.00000000	0.62315463	0.05713852	0.22387634
4983401.00000000	0.64254755	0.05914899	0.16196255
4979401.00000000	0.65619180	0.06067270	0.09829855
4975401.00000000	0.66392242	0.06180353	0.03457831
4971401.00000000	0.66584415	0.06282916	-0.02774670
4967401.00000000	0.66192847	0.06374634	-0.09155371
4963401.00000000	0.65168668	0.06444052	-0.15620773
4959401.00000000	0.63521408	0.06469888	-0.21933643
4955401.00000000	0.61194104	0.06430185	-0.28207239
4951401.00000000	0.58116190	0.06300290	-0.34453937
4947401.00000000	0.54468845	0.06062845	-0.40243323
4943401.00000000	0.50173871	0.05712952	-0.45722791
4939401.00000000	0.45287698	0.05293747	-0.50771732
4935401.00000000	0.40017749	0.04839554	-0.55188452
4931401.00000000	0.34433432	0.04378134	-0.58981421
4927401.00000000	0.28451535	0.03900424	-0.62200519
4923401.00000000	0.22356842	0.03466742	-0.64746896
4919401.00000000	0.16244537	0.03081219	-0.66631735
4915401.00000000	0.09897339	0.02715881	-0.67979691
4911401.00000000	0.03513440	0.02362015	-0.68752881
4907401.00000000	-0.02677075	0.02080200	-0.68966409
4903401.00000000	-0.09162119	0.01786078	-0.68627847
4899401.00000000	-0.15673383	0.01414932	-0.67724036
4895401.00000000	-0.21935886	0.01049295	-0.66228204
4891401.00000000	-0.28277484	0.00585385	-0.64072440
4887401.00000000	-0.34524847	0.00083554	-0.61190775
4883401.00000000	-0.40333386	-0.00442035	-0.57742865
4879401.00000000	-0.45826419	-0.00983301	-0.53622067
4875401.00000000	-0.50996152	-0.01513260	-0.48786365
4871401.00000000	-0.55459601	-0.01985794	-0.43574643
4867401.00000000	-0.59271396	-0.02385623	-0.38020056
4863401.00000000	-0.62495236	-0.02692917	-0.32095071
4859401.00000000	-0.65038702	-0.02942520	-0.26042529
4855401.00000000	-0.66917783	-0.03140326	-0.20015097
4851401.00000000	-0.68253687	-0.03313904	-0.13772443
4847401.00000000	-0.68989813	-0.03451102	-0.07501495
4843401.00000000	-0.69152661	-0.03565964	-0.01414514
4839401.00000000	-0.68741602	-0.03672610	0.04889282
4835401.00000000	-0.67705548	-0.03730991	0.11146744
4831401.00000000	-0.66103485	-0.03787674	0.17167740
4827401.00000000	-0.63824921	-0.03786169	0.23225079
4823401.00000000	-0.60832867	-0.03753098	0.29208704
4819401.00000000	-0.57235651	-0.03683859	0.34844876
4815401.00000000	-0.53029880	-0.03581396	0.40164603
4811401.00000000	-0.48204514	-0.03419748	0.45136487
4807401.00000000	-0.43023721	-0.03236270	0.49522998
4803401.00000000	-0.37489926	-0.03028729	0.53337192
4799401.00000000	-0.31538275	-0.02801895	0.56630151
4795401.00000000	-0.25548303	-0.02532013	0.59250476
4791401.00000000	-0.19508099	-0.02256958	0.61264511
4787401.00000000	-0.13167401	-0.01991388	0.62744815
4783401.00000000	-0.06923254	-0.01751306	0.63621808
4779401.00000000	-0.00775983	-0.01492676	0.63957309
4775401.00000000	0.05502109	-0.01208218	0.63734995
4771401.00000000	0.11725903	-0.00908801	0.62973129
4767401.00000000	0.17769754	-0.00637561	0.61664429
4763401.00000000	0.23945255	-0.00366394	0.59689139
4759401.00000000	0.30039075	-0.00054007	0.57056503
4755401.00000000	0.35807782	0.00265729	0.53820200
4751401.00000000	0.41305084	0.00629434	0.49937115
4747401.00000000	0.46472992	0.01010510	0.45392160
4743401.00000000	0.51058646	0.01386682	0.40423169
4739401.00000000	0.55108939	0.01738989	0.35029507
4735401.00000000	0.58625186	0.02056177	0.29206699
4731401.00000000	0.61434924	0.02310287	0.23339291
4727401.00000000	0.63649524	0.02523431	0.17367004
4723401.00000000	0.65333939	0.02690692	0.11155811
4719401.00000000	0.66445377	0.02830194	0.04940399
4715401.00000000	0.67005701	0.02941599	-0.01186075
4711401.00000000	0.67043195	0.03030774	-0.07449564
4707401.00000000	0.66501956	0.03093756	-0.13816483
4703401.00000000	0.65408212	0.03124695	-0.19961697
4699401.00000000	0.63668439	0.03120557	-0.26174228
4695401.00000000	0.61226480	0.03036859	-0.32359399
4691401.00000000	0.58197885	0.02877670	-0.38169907
4687401.00000000	0.54485727	0.02652606	-0.43716678
4683401.00000000	0.50067065	0.02346756	-0.48963315
4679401.00000000	0.45193652	0.02024091	-0.53573563
4675401.00000000	0.39883759	0.01675784	-0.57589792
4671401.00000000	0.34127759	0.01321564	-0.61042593
4667401.00000000	0.28197787	0.01026590	-0.63809351
4663401.00000000	0.22068668	0.00767209	-0.65957263
4659401.00000000	0.15650684	0.00559729	-0.67559460
4655401.00000000	0.09290634	0.00349915	-0.68516437
4651401.00000000	0.02976318	0.00173099	-0.68929657
4647401.00000000	-0.03542160	0.00020639	-0.68788950
4643401.00000000	-0.10126746	-0.00090164	-0.68061212
4639401.00000000	-0.16499811	-0.00212735	-0.66774826
4635401.00000000	-0.23026776	-0.00320822	-0.64837869
4631401.00000000	-0.29471039	-0.00431284	-0.62205997
4627401.00000000	-0.35538715	-0.00521854	-0.59028864
4623401.00000000	-0.41418860	-0.00601657	-0.55170959
4619401.00000000	-0.46951364	-0.00655328	-0.50649960
4615401.00000000	-0.51816916	-0.00699689	-0.45769238
4611401.00000000	-0.56163321	-0.00764203	-0.40404797
4607401.00000000	-0.59923611	-0.00803070	-0.34620389
4603401.00000000	-0.62972211	-0.00835370	-0.28687265
4599401.00000000	-0.65334644	-0.00858600	-0.22671774
4595401.00000000	-0.67137561	-0.00895203	-0.16357285
4591401.00000000	-0.68306012	-0.00930331	-0.10094809
4587401.00000000	-0.68881949	-0.00949771	-0.04001218
4583401.00000000	-0.68914813	-0.01011563	0.02373267
4579401.00000000	-0.68363675	-0.01057159	0.08683789
4575401.00000000	-0.67246329	-0.01108810	0.14817899
4571401.00000000	-0.65475351	-0.01172318	0.21048953
4567401.00000000	-0.63003009	-0.01273782	0.27265897
4563401.00000000	-0.59942532	-0.01382501	0.33082031
4559401.00000000	-0.56202197	-0.01502319	0.38698315
4555401.00000000	-0.51682062	-0.01635837	0.44088214
4551401.00000000	-0.46748239	-0.01753018	0.48835513
4547401.00000000	-0.41419086	-0.01866696	0.53006784
4543401.00000000	-0.35539627	-0.01974829	0.56708737
4539401.00000000	-0.29469669	-0.02069147	0.59744128
4535401.00000000	-0.23328180	-0.02142920	0.62102255
4531401.00000000	-0.16952188	-0.02200674	0.63925134
4527401.00000000	-0.10588348	-0.02291553	0.65132678
4523401.00000000	-0.04374777	-0.02427585	0.65743054
4519401.00000000	0.02124210	-0.02507114	0.65844241
4515401.00000000	0.08627283	-0.02583914	0.65367786
4511401.00000000	0.14992303	-0.02684641	0.64323972
4507401.00000000	0.21452365	-0.02782388	0.62619659
4503401.00000000	0.27786905	-0.02863275	0.60301727
4499401.00000000	0.33778000	-0.02914935	0.57408255
4495401.00000000	0.39501102	-0.02948709	0.53904218
4491401.00000000	0.44973242	-0.02956351	0.49698203
4487401.00000000	0.49826913	-0.02937234	0.45071536
4483401.00000000	0.54060324	-0.02880228	0.40078143
4479401.00000000	0.57776996	-0.02801364	0.34629239
4475401.00000000	0.60821109	-0.02701337	0.28922787
4471401.00000000	0.63177521	-0.02593579	0.23174643
4467401.00000000	0.65010605	-0.02468280	0.17057629
4463401.00000000	0.66229529	-0.02356183	0.10905792
4459401.00000000	0.66877533	-0.02243106	0.04827371
4455401.00000000	0.66983728	-0.02117435	-0.01427420
4451401.00000000	0.66516809	-0.01963577	-0.07781799
4447401.00000000	0.65492575	-0.01770917	-0.13984192
4443401.00000000	0.63848282	-0.01524609	-0.20252841
4439401.00000000	0.61502475	-0.01207993	-0.26633792
4435401.00000000	0.58543390	-0.00775238	-0.32725665
4431401.00000000	0.54959967	-0.00267645	-0.38542587
4427401.00000000	0.50618784	0.00253470	-0.44192267
4423401.00000000	0.45794708	0.00764258	-0.49276160
4419401.00000000	0.40551270	0.01097827	-0.53767627
4415401.00000000	0.34830099	0.01496335	-0.57700610
4411401.00000000	0.28889737	0.01897900	-0.60942368
4407401.00000000	0.22884457	0.02270386	-0.63487823
4403401.00000000	0.16572934	0.02624008	-0.65479932
4399401.00000000	0.10262039	0.02927908	-0.66838144
4395401.00000000	0.03926382	0.03268124	-0.67611703
4391401.00000000	-0.02533914	0.03566827	-0.67821902
4387401.00000000	-0.09059152	0.03905334	-0.67425485
4383401.00000000	-0.15410162	0.04232785	-0.66452838
4379401.00000000	-0.21820657	0.04573099	-0.64829068
4375401.00000000	-0.28225266	0.04909521	-0.62513116
4371401.00000000	-0.34310803	0.05197025	-0.59574817
4367401.00000000	-0.40121350	0.05385764	-0.56008145
4363401.00000000	-0.45723169	0.05427872	-0.51701285
4359401.00000000	-0.50751810	0.05448517	-0.46905692
4355401.00000000	-0.55158191	0.05503067	-0.41755487
4351401.00000000	-0.59062869	0.05499329	-0.36099173
4347401.00000000	-0.62300525	0.05459656	-0.30168967
4343401.00000000	-0.64805634	0.05405685	-0.24259418
4339401.00000000	-0.66774551	0.05319763	-0.18023468
4335401.00000000	-0.68111295	0.05223709	-0.11736642
4331401.00000000	-0.68843213	0.05139758	-0.05580408
4327401.00000000	-0.69012207	0.05063574	0.00675293
4323401.00000000	-0.68608347	0.04995084	0.07042172
4319401.00000000	-0.67609985	0.04917227	0.13233841
4315401.00000000	-0.65999026	0.04826425	0.19403668
4311401.00000000	-0.63688052	0.04686789	0.25628052
4307401.00000000	-0.60738013	0.04462634	0.31605057
4303401.00000000	-0.57159586	0.04124075	0.37306552
4299401.00000000	-0.52817361	0.03629102	0.42865732
4295401.00000000	-0.47999982	0.03037424	0.47880649
4291401.00000000	-0.42787598	0.02425128	0.52359198
4287401.00000000	-0.36987555	0.01700085	0.56415817
4283401.00000000	-0.30986301	0.00995395	0.59815417
4279401.00000000	-0.25014902	0.00450720	0.62503741
4275401.00000000	-0.18718704	0.00100644	0.64678384
4271401.00000000	-0.12303522	-0.00423874	0.66230960
4267401.00000000	-0.06119476	-0.00923346	0.67152176
4263401.00000000	0.00223135	-0.01397516	0.67554639
4259401.00000000	0.06682913	-0.01897629	0.67362863
4255401.00000000	0.13002194	-0.02407074	0.66616144
4251401.00000000	0.19279355	-0.02961661	0.65232626
4247401.00000000	0.25604208	-0.03547473	0.63183301
4243401.00000000	0.31667349	-0.04102798	0.60475082
4239401.00000000	0.37481857	-0.04608322	0.57106146
4235401.00000000	0.43072241	-0.05064215	0.53002237
4231401.00000000	0.48233435	-0.05492636	0.48323846
4227401.00000000	0.52765387	-0.05730334	0.43241949
4223401.00000000	0.56871759	-0.05860065	0.37588571
4219401.00000000	0.60343408	-0.05849869	0.31636862
4215401.00000000	0.63115063	-0.05821667	0.25662994
4211401.00000000	0.65344247	-0.05750336	0.19454764
4207401.00000000	0.66955939	-0.05666516	0.13200220
4203401.00000000	0.67966849	-0.05598303	0.07049811
4199401.00000000	0.68443930	-0.05529391	0.00849921
4195401.00000000	0.68374149	-0.05486884	-0.05410446
4191401.00000000	0.67768042	-0.05453558	-0.11405994
4187401.00000000	0.66612128	-0.05438898	-0.17307996
4183401.00000000	0.64809357	-0.05390723	-0.23351080
4179401.00000000	0.62363892	-0.05270270	-0.29289603
4175401.00000000	0.59337891	-0.05064948	-0.34915808
4171401.00000000	0.55621698	-0.04769250	-0.40411578
4167401.00000000	0.51312949	-0.04349936	-0.45567062
4163401.00000000	0.46636987	-0.03865768	-0.50156375
4159401.00000000	0.41436325	-0.03444934	-0.54413159
4155401.00000000	0.35840338	-0.02938962	-0.58169626
4151401.00000000	0.30169205	-0.02368796	-0.61260172
4147401.00000000	0.24124893	-0.01730887	-0.63890125
4143401.00000000	0.18031699	-0.01091983	-0.65944394
4139401.00000000	0.11981973	-0.00465808	-0.67400696
4135401.00000000	0.05891144	0.00166504	-0.68358835
4131401.00000000	-0.00348010	0.00816656	-0.68802673
4127401.00000000	-0.06387045	0.01441064	-0.68727740
4123401.00000000	-0.12410593	0.02123642	-0.68140717
4119401.00000000	-0.18876831	0.03003012	-0.66903571
4115401.00000000	-0.25085986	0.03751294	-0.65037100
4111401.00000000	-0.31092233	0.04413025	-0.62533496
4107401.00000000	-0.37048889	0.05047705	-0.59234845
4103401.00000000	-0.42472757	0.05547021	-0.55385461
4099401.00000000	-0.47405328	0.05877527	-0.50987024
4095401.00000000	-0.51968872	0.06112918	-0.45928204
4091401.00000000	-0.55932446	0.06183838	-0.40431879
4087401.00000000	-0.59218234	0.06259134	-0.34738846
4083401.00000000	-0.61975281	0.06339233	-0.28722192
4079401.00000000	-0.64055716	0.06245444	-0.22596283
4075401.00000000	-0.65543036	0.06215247	-0.16453503
4071401.00000000	-0.66519116	0.06308725	-0.10132663
4067401.00000000	-0.66910013	0.06338806	-0.03715515
4063401.00000000	-0.66684143	0.06361646	0.02501288
4059401.00000000	-0.65897534	0.06391296	0.08689688
4055401.00000000	-0.64496054	0.06407889	0.14936639
4051401.00000000	-0.62497415	0.06398013	0.21001117
4047401.00000000	-0.59893741	0.06326666	0.26867868
4043401.00000000	-0.56606039	0.06201251	0.32628775
4039401.00000000	-0.52717621	0.06027631	0.38058514
4035401.00000000	-0.48339377	0.05766592	0.43005899
4031401.00000000	-0.43370477	0.05362012	0.47558658
4027401.00000000	-0.38027466	0.04975720	0.51508981
4023401.00000000	-0.32456949	0.04567520	0.54793814
4019401.00000000	-0.26578653	0.04153976	0.57475177
4015401.00000000	-0.20483612	0.03760431	0.59542133
4011401.00000000	-0.14424939	0.03428046	0.60944839
4007401.00000000	-0.08222348	0.03135565	0.61765030
4003401.00000000	-0.01872723	0.02908670	0.62022232
3999401.00000000	0.04455615	0.02770679	0.61716855
3995401.00000000	0.10840195	0.02681909	0.60828506
3991401.00000000	0.17311996	0.02685855	0.59358582
3987401.00000000	0.23708090	0.02784354	0.57293454
3983401.00000000	0.29982367	0.03048669	0.54663895
3979401.00000000	0.36144354	0.03556415	0.51462433
3975401.00000000	0.41884256	0.04284106	0.47886215
3971401.00000000	0.47180493	0.05253683	0.44027011
3967401.00000000	0.52137405	0.06460776	0.39883109
3963401.00000000	0.56540442	0.07864172	0.35631482
3959401.00000000	0.60248666	0.09284427	0.31523178
3955401.00000000	0.63365988	0.10715628	0.27481659
3951401.00000000	0.65896829	0.12084714	0.23538483
3947401.00000000	0.67822247	0.13317593	0.19800150
3943401.00000000	0.69243991	0.14441348	0.16130060
3939401.00000000	0.70155902	0.15411978	0.12557483
3935401.00000000	0.70569031	0.16212762	0.09143909
3931401.00000000	0.70520544	0.16881329	0.05752972
3927401.00000000	0.69946014	0.17424197	0.02297995
3923401.00000000	0.68828583	0.17792310	-0.01075351
3919401.00000000	0.67070306	0.17971390	-0.04535800
3915401.00000000	0.64533319	0.17941855	-0.08123737
3911401.00000000	0.61234729	0.17676227	-0.11723523
3907401.00000000	0.57047397	0.17089395	-0.15330563
3903401.00000000	0.51780405	0.16066660	-0.18998917
3899401.00000000	0.45669382	0.14611539	-0.22423196
3895401.00000000	0.39006039	0.12734943	-0.25445886
3891401.00000000	0.31716574	0.10447168	-0.28089023
3887401.00000000	0.24124301	0.07902570	-0.30231332
3883401.00000000	0.16557343	0.05227426	-0.31852045
3879401.00000000	0.08754123	0.02405890	-0.33031744
3875401.00000000	0.00854489	-0.00490515	-0.33789688
3871401.00000000	-0.06821979	-0.03348624	-0.34127155
3867401.00000000	-0.14481198	-0.06137817	-0.34087491
3863401.00000000	-0.22223193	-0.08964517	-0.33626703
3859401.00000000	-0.29784653	-0.11760211	-0.32725769
3855401.00000000	-0.37085901	-0.14517511	-0.31352359
3851401.00000000	-0.44091934	-0.17197379	-0.29414203
3847401.00000000	-0.50275626	-0.19687704	-0.27037390
3843401.00000000	-0.55533386	-0.21843634	-0.24297363
3839401.00000000	-0.59923523	-0.23579544	-0.21272641
3835401.00000000	-0.63402289	-0.24866626	-0.18159326
3831401.00000000	-0.66029404	-0.25739069	-0.15095282
3827401.00000000	-0.68034235	-0.26310825	-0.12019678
3823401.00000000	-0.69421747	-0.26619208	-0.09009561
3819401.00000000	-0.70245529	-0.26725726	-0.06105692
3815401.00000000	-0.70579727	-0.26670529	-0.03246329
3811401.00000000	-0.70412119	-0.26471332	-0.00401123
3807401.00000000	-0.69762997	-0.26147607	0.02332620
3803401.00000000	-0.68588742	-0.25686957	0.05107462
3799401.00000000	-0.66825192	-0.25082867	0.07876938
3795401.00000000	-0.64512820	-0.24350714	0.10553973
3791401.00000000	-0.61548975	-0.23453104	0.13202219
3787401.00000000	-0.57935123	-0.22394327	0.15788943
3783401.00000000	-0.53846179	-0.21202386	0.18218964
3779401.00000000	-0.49204584	-0.19860791	0.20561829
3775401.00000000	-0.44031842	-0.18383112	0.22798361
3771401.00000000	-0.38485699	-0.16777502	0.24871884
3767401.00000000	-0.32862973	-0.15132779	0.26721198
3763401.00000000	-0.26865433	-0.13357986	0.28446918
3759401.00000000	-0.20735312	-0.11552719	0.29991187
3755401.00000000	-0.14686472	-0.09797977	0.31301871
3751401.00000000	-0.08492819	-0.08050180	0.32442221
3747401.00000000	-0.02284665	-0.06380511	0.33391565
3743401.00000000	0.03841940	-0.04850098	0.34125156
3739401.00000000	0.10129559	-0.03435883	0.34643246
3735401.00000000	0.16457352	-0.02218503	0.34915298
3731401.00000000	0.22567261	-0.01284058	0.34876355
3727401.00000000	0.28541995	-0.00652908	0.34477045
3723401.00000000	0.34427646	-0.00335641	0.33617645
3719401.00000000	0.39992053	-0.00341629	0.32217569
3715401.00000000	0.45173129	-0.00626834	0.30226645
3711401.00000000	0.50024347	-0.01101263	0.27520349
3707401.00000000	0.54286856	-0.01659949	0.24256015
3703401.00000000	0.57966000	-0.02216467	0.20499710
3699401.00000000	0.61163348	-0.02741968	0.16190906
3695401.00000000	0.63758548	-0.03210938	0.11538272
3691401.00000000	0.65719571	-0.03620328	0.06764093
3687401.00000000	0.67164249	-0.04001001	0.01678601
3683401.00000000	0.68078442	-0.04367114	-0.03667307
3679401.00000000	0.68451315	-0.04688004	-0.09051932
3675401.00000000	0.68292923	-0.04952136	-0.14600616
3671401.00000000	0.67576740	-0.05129816	-0.20280228
3667401.00000000	0.66283603	-0.05170639	-0.25983157
3663401.00000000	0.64380832	-0.05033276	-0.31664365
3659401.00000000	0.61700751	-0.04489532	-0.37287323
3655401.00000000	0.58554568	-0.04038712	-0.42559171
3651401.00000000	0.54751788	-0.03301501	-0.47478476
3647401.00000000	0.50244156	-0.02314160	-0.52047275
3643401.00000000	0.45375214	-0.01290305	-0.55959598
3639401.00000000	0.40178204	-0.00262155	-0.59277368
3635401.00000000	0.34529089	0.00694376	-0.62123486
3631401.00000000	0.28615436	0.01678427	-0.64356683
3627401.00000000	0.22645667	0.02671448	-0.65978076
3623401.00000000	0.16475180	0.03662775	-0.67105405
3619401.00000000	0.10119772	0.04687256	-0.67735580
3615401.00000000	0.03894333	0.05658551	-0.67835812
3611401.00000000	-0.02368100	0.06418567	-0.67444827
3607401.00000000	-0.08803046	0.07399313	-0.66502487
3603401.00000000	-0.15172040	0.08407602	-0.64981409
3599401.00000000	-0.21491614	0.09427689	-0.62854871
3595401.00000000	-0.27909879	0.10454074	-0.59986682
3591401.00000000	-0.33901331	0.10765439	-0.56418723
3587401.00000000	-0.39636835	0.11572968	-0.52365936
3583401.00000000	-0.45078769	0.12274872	-0.47701367
3579401.00000000	-0.50004218	0.12832141	-0.42545065
3575401.00000000	-0.54196777	0.13220135	-0.37205472
3571401.00000000	-0.57864243	0.13462912	-0.31466815
3567401.00000000	-0.60906665	0.13562296	-0.25564420
3563401.00000000	-0.63294711	0.13563861	-0.19664008
3559401.00000000	-0.65149051	0.13508740	-0.13544266
3555401.00000000	-0.66436813	0.13434879	-0.07349405
3551401.00000000	-0.67152054	0.13358798	-0.01248145
3547401.00000000	-0.67332742	0.13288217	0.05003815
3543401.00000000	-0.66953299	0.13197070	0.11323077
3539401.00000000	-0.66003943	0.13064127	0.17566599
3535401.00000000	-0.64449213	0.12822122	0.23831992
3531401.00000000	-0.62210892	0.12408905	0.30145862
3527401.00000000	-0.59380020	0.11797806	0.36135144
3523401.00000000	-0.55912451	0.10970676	0.41836966
3519401.00000000	-0.51799591	0.09923364	0.47193182
3515401.00000000	-0.47205869	0.08721057	0.51948709
3511401.00000000	-0.42190176	0.07451749	0.56062558
3507401.00000000	-0.36728391	0.06187439	0.59609750
3503401.00000000	-0.30992606	0.04966101	0.62496146
3499401.00000000	-0.25055438	0.03847589	0.64760501
3495401.00000000	-0.18972418	0.02813651	0.66414215
3491401.00000000	-0.12736469	0.01840726	0.67526935
3487401.00000000	-0.06508109	0.00924460	0.68082654
3483401.00000000	-0.00227844	0.00027255	0.68105127
3479401.00000000	0.06158212	-0.00900800	0.67576581
3475401.00000000	0.12455917	-0.01825586	0.66485815
3471401.00000000	0.18757040	-0.02781543	0.64789648
3467401.00000000	0.25148074	-0.03785150	0.62374979
3463401.00000000	0.31208975	-0.04747601	0.59401364
3459401.00000000	0.36984378	-0.05614798	0.55847693
3455401.00000000	0.42568970	-0.06401529	0.51649017
3451401.00000000	0.47695694	-0.07183295	0.46987164
3447401.00000000	0.52233231	-0.07857153	0.41999942
3443401.00000000	0.56256168	-0.08430850	0.36613962
3439401.00000000	0.59689352	-0.08882150	0.30918811
3435401.00000000	0.62470569	-0.09225317	0.25144214
3431401.00000000	0.64667606	-0.09482898	0.19239627
3427401.00000000	0.66276804	-0.09660706	0.13348898
3423401.00000000	0.67359637	-0.09822751	0.07359018
3419401.00000000	0.67893503	-0.09991519	0.01274823
3415401.00000000	0.67858868	-0.10156198	-0.05042679
3411401.00000000	0.67243869	-0.10280463	-0.11275726
3407401.00000000	0.66005112	-0.10341034	-0.17531284
3403401.00000000	0.64110522	-0.10297372	-0.23822406
3399401.00000000	0.61547849	-0.10089896	-0.30005637
3395401.00000000	0.58312106	-0.09678656	-0.36007443
3391401.00000000	0.54382114	-0.09033624	-0.41787064
3387401.00000000	0.49919171	-0.08177048	-0.47061020
3383401.00000000	0.44909027	-0.06996664	-0.51820856
3379401.00000000	0.39412015	-0.05970496	-0.56029926
3375401.00000000	0.33594858	-0.04739017	-0.59498962
3371401.00000000	0.27713699	-0.03657062	-0.62204492
3367401.00000000	0.21529898	-0.02507376	-0.64285049
3363401.00000000	0.15135709	-0.01402246	-0.65753058
3359401.00000000	0.08854395	-0.00408487	-0.66591556
3355401.00000000	0.02579138	0.00548804	-0.66875354
3351401.00000000	-0.03911481	0.01501361	-0.66599692
3347401.00000000	-0.10398911	0.02473013	-0.65743646
3343401.00000000	-0.16759998	0.03485928	-0.64299640
3339401.00000000	-0.23168210	0.04581332	-0.62186295
3335401.00000000	-0.29394379	0.05667645	-0.59386264
3331401.00000000	-0.35276660	0.06674661	-0.55949448
3327401.00000000	-0.40869937	0.07592978	-0.51840164
3323401.00000000	-0.46101404	0.08383929	-0.47062689
3319401.00000000	-0.50684106	0.08971729	-0.41900732
3315401.00000000	-0.54770599	0.09386511	-0.36207172
3311401.00000000	-0.58243442	0.09610373	-0.30203244
3307401.00000000	-0.61006863	0.09668646	-0.24139771
3303401.00000000	-0.63171991	0.09607513	-0.17984137
3299401.00000000	-0.64764911	0.09468674	-0.11673474
3295401.00000000	-0.65769827	0.09285153	-0.05469168
3291401.00000000	-0.66228955	0.09077710	0.00844644
3287401.00000000	-0.66117963	0.08844559	0.07234265
3283401.00000000	-0.65428104	0.08581784	0.13608313
3279401.00000000	-0.64131085	0.08261157	0.19892346
3275401.00000000	-0.62179105	0.07839008	0.26278046
3271401.00000000	-0.59578189	0.07289398	0.32536145
3267401.00000000	-0.56378391	0.06616089	0.38515024
3263401.00000000	-0.52547784	0.05793552	0.44199884
3259401.00000000	-0.48135590	0.04842358	0.49442352
3255401.00000000	-0.43336179	0.03848563	0.54016064
3251401.00000000	-0.38091196	0.02832758	0.57962305
3247401.00000000	-0.32491824	0.01845721	0.61217123
3243401.00000000	-0.26799921	0.00945560	0.63725906
3239401.00000000	-0.20889948	0.00109354	0.65598715
3235401.00000000	-0.14802924	-0.00674396	0.66881491
3231401.00000000	-0.08732300	-0.01378708	0.67594077
3227401.00000000	-0.02559305	-0.02111249	0.67776407
3223401.00000000	0.03762299	-0.02847272	0.67412402
3219401.00000000	0.10073898	-0.03549445	0.66515765
3215401.00000000	0.16312741	-0.04254776	0.65062442
3211401.00000000	0.22515112	-0.04954678	0.62994653
3207401.00000000	0.28672305	-0.05557693	0.60277115
3203401.00000000	0.34501071	-0.06087088	0.56998010
3199401.00000000	0.40093613	-0.06508157	0.53089832
3195401.00000000	0.45351605	-0.06832584	0.48592642
3191401.00000000	0.50007397	-0.07030991	0.43736456
3187401.00000000	0.54160190	-0.07097214	0.38490845
3183401.00000000	0.57787793	-0.07040479	0.32825403
3179401.00000000	0.60731104	-0.06887671	0.27046219
3175401.00000000	0.63088678	-0.06677515	0.21079092
3171401.00000000	0.64847156	-0.06418817	0.14983783
3167401.00000000	0.66009976	-0.06165872	0.08824408
3163401.00000000	0.66599719	-0.05880872	0.02641330
3159401.00000000	0.66612701	-0.05583456	-0.03767038
3155401.00000000	0.66005783	-0.05266403	-0.10092065
3151401.00000000	0.64763251	-0.04934723	-0.16437262
3147401.00000000	0.62820221	-0.04548828	-0.22828043
3143401.00000000	0.60158810	-0.04107651	-0.29122089
3139401.00000000	0.56842807	-0.03610916	-0.35096442
3135401.00000000	0.52807556	-0.03040054	-0.40857779
3131401.00000000	0.48128873	-0.02418289	-0.46220407
3127401.00000000	0.43037845	-0.01788937	-0.50957550
3123401.00000000	0.37503702	-0.01158020	-0.55123965
3119401.00000000	0.31651352	-0.00544315	-0.58664124
3115401.00000000	0.25671732	0.00026892	-0.61511588
3111401.00000000	0.19463806	0.00556198	-0.63773981
3107401.00000000	0.13154727	0.01035272	-0.65432016
3103401.00000000	0.06897449	0.01443488	-0.66484732
3099401.00000000	0.00687347	0.01801062	-0.66996249
3095401.00000000	-0.05537292	0.02114957	-0.66975037
3091401.00000000	-0.11849258	0.02291794	-0.66385947
3087401.00000000	-0.18010202	0.02563812	-0.65246146
3083401.00000000	-0.24196066	0.02826849	-0.63499625
3079401.00000000	-0.30206158	0.03046320	-0.61141650
3075401.00000000	-0.35953476	0.03117725	-0.58154285
3071401.00000000	-0.41542465	0.03256137	-0.54466769
3067401.00000000	-0.46668393	0.03449362	-0.50245016
3063401.00000000	-0.51196249	0.03616916	-0.45613806
3059401.00000000	-0.55242398	0.03749838	-0.40484433
3055401.00000000	-0.58724991	0.03847418	-0.34963254
3051401.00000000	-0.61574716	0.03897949	-0.29218784
3047401.00000000	-0.63826593	0.03915234	-0.23298035
3043401.00000000	-0.65511359	0.03898892	-0.17189420
3039401.00000000	-0.66613849	0.03868851	-0.11088672
3035401.00000000	-0.67169281	0.03835400	-0.04975964
3031401.00000000	-0.67170453	0.03813513	0.01356085
3027401.00000000	-0.66610919	0.03790875	0.07609949
3023401.00000000	-0.65452036	0.03773083	0.13893817
3019401.00000000	-0.63683136	0.03763928	0.20119708
3015401.00000000	-0.61230612	0.03736279	0.26351868
3011401.00000000	-0.58181213	0.03673758	0.32306323
3007401.00000000	-0.54464197	0.03575317	0.38103348
3003401.00000000	-0.50071649	0.03427649	0.43626004
2999401.00000000	-0.45227362	0.03233383	0.48599603
2995401.00000000	-0.39908954	0.02988507	0.53061270
2991401.00000000	-0.34149771	0.02704669	0.56948062
2987401.00000000	-0.28203400	0.02402475	0.60127625
2983401.00000000	-0.22019608	0.02103433	0.62675748
2979401.00000000	-0.15736148	0.01816443	0.64573361
2975401.00000000	-0.09417078	0.01540137	0.65834845
2971401.00000000	-0.02976111	0.01289758	0.66523059
2967401.00000000	0.03518680	0.01060562	0.66631171
2963401.00000000	0.09943427	0.00841574	0.66166852
2959401.00000000	0.16432758	0.00628229	0.65087973
2955401.00000000	0.22900961	0.00406308	0.63405878
2951401.00000000	0.29284293	0.00167749	0.61065204
2947401.00000000	0.35346628	-0.00086337	0.58116553
2943401.00000000	0.41214908	-0.00355161	0.54471976
2939401.00000000	0.46695914	-0.00620151	0.50205066
2935401.00000000	0.51577863	-0.00867279	0.45482657
2931401.00000000	0.55965393	-0.01085431	0.40218604
2927401.00000000	0.59739221	-0.01269565	0.34534723
2923401.00000000	0.62819974	-0.01400711	0.28690842
2919401.00000000	0.65275021	-0.01509860	0.22636108
2915401.00000000	0.67132382	-0.01581418	0.16406781
2911401.00000000	0.68357410	-0.01608057	0.10230252
2907401.00000000	0.69026569	-0.01597202	0.04024377
2903401.00000000	0.69111514	-0.01534406	-0.02383771
2899401.00000000	0.68614096	-0.01446756	-0.08734949
2895401.00000000	0.67524487	-0.01347131	-0.14986078
2891401.00000000	0.65767044	-0.01249368	-0.21332693
2887401.00000000	0.63369247	-0.01151297	-0.27501755
2883401.00000000	0.60361560	-0.01020737	-0.33398471
2879401.00000000	0.56633231	-0.00850195	-0.39131729
2875401.00000000	0.52322998	-0.00675613	-0.44440579
2871401.00000000	0.47550323	-0.00501706	-0.49191913
2867401.00000000	0.42334845	-0.00337708	-0.53395538
2863401.00000000	0.36705997	-0.00195105	-0.57031384
2859401.00000000	0.30956180	-0.00080542	-0.59960934
2855401.00000000	0.24961990	0.00014224	-0.62303949
2851401.00000000	0.18800958	0.00095535	-0.64039444
2847401.00000000	0.12647351	0.00131201	-0.65196332
2843401.00000000	0.06466995	0.00144116	-0.65807428
2839401.00000000	0.00158780	0.00173987	-0.65875583
2835401.00000000	-0.06122290	0.00151584	-0.65402487
2831401.00000000	-0.12366989	0.00102676	-0.64378879
2827401.00000000	-0.18744638	0.00035422	-0.62735110
2823401.00000000	-0.24983084	0.00009427	-0.60508017
2819401.00000000	-0.30999493	-0.00028580	-0.57697180
2815401.00000000	-0.36862604	-0.00083008	-0.54248849
2811401.00000000	-0.42391064	-0.00125394	-0.50234439
2807401.00000000	-0.47481390	-0.00150067	-0.45694370
2803401.00000000	-0.52080542	-0.00167273	-0.40656805
2799401.00000000	-0.56075867	-0.00174179	-0.35268137
2795401.00000000	-0.59377081	-0.00198663	-0.29693509
2791401.00000000	-0.62100610	-0.00233206	-0.23808212
2787401.00000000	-0.64221481	-0.00250607	-0.17762830
2783401.00000000	-0.65736121	-0.00286594	-0.11689029
2779401.00000000	-0.66682291	-0.00333469	-0.05553687
2775401.00000000	-0.67089578	-0.00412073	0.00770453
2771401.00000000	-0.66936942	-0.00496716	0.07013397
2767401.00000000	-0.66231451	-0.00594662	0.13211499
2763401.00000000	-0.64880496	-0.00720065	0.19614413
2759401.00000000	-0.62924249	-0.00860483	0.25870154
2755401.00000000	-0.60310846	-0.01016235	0.31942612
2751401.00000000	-0.56985657	-0.01191125	0.37916644
2747401.00000000	-0.53012061	-0.01366925	0.43527576
2743401.00000000	-0.48562357	-0.01532727	0.48580099
2739401.00000000	-0.43588574	-0.01679178	0.53149969
2735401.00000000	-0.38155145	-0.01806467	0.57149734
2731401.00000000	-0.32432050	-0.01904562	0.60506659
2727401.00000000	-0.26516589	-0.01936575	0.63204077
2723401.00000000	-0.20329004	-0.01914365	0.65295883
2719401.00000000	-0.14172131	-0.01822449	0.66751825
2715401.00000000	-0.07937589	-0.01574973	0.67616769
2711401.00000000	-0.01540771	-0.01489404	0.67915036
2707401.00000000	0.04781143	-0.01393591	0.67632895
2703401.00000000	0.11088773	-0.01226227	0.66774799
2699401.00000000	0.17529285	-0.00796136	0.65280511
2695401.00000000	0.23905209	-0.00600793	0.63138171
2691401.00000000	0.30089697	-0.00404303	0.60380356
2687401.00000000	0.36152051	-0.00166354	0.56936783
2683401.00000000	0.41900861	0.00012891	0.52854669
2679401.00000000	0.47100418	0.00145276	0.48331723
2675401.00000000	0.51795731	0.00206833	0.43310513
2671401.00000000	0.55916296	0.00225003	0.37879703
2667401.00000000	0.59318121	0.00217758	0.32257101
2663401.00000000	0.62098892	0.00202090	0.26402362
2659401.00000000	0.64245319	0.00183606	0.20386389
2655401.00000000	0.65759012	0.00165955	0.14367691
2651401.00000000	0.66692078	0.00144382	0.08288815
2647401.00000000	0.67072110	0.00109274	0.02072964
2643401.00000000	0.66882202	0.00057901	-0.04071057
2639401.00000000	0.66119400	-0.00005380	-0.10195190
2635401.00000000	0.64720044	-0.00087064	-0.16490323
2631401.00000000	0.62673071	-0.00170084	-0.22648215
2627401.00000000	0.60019904	-0.00246191	-0.28549530
2623401.00000000	0.56659937	-0.00310190	-0.34335260
2619401.00000000	0.52640189	-0.00321390	-0.39820749
2615401.00000000	0.48144873	-0.00281314	-0.44787790
2611401.00000000	0.43122382	-0.00213837	-0.49300653
2607401.00000000	0.37626474	-0.00072922	-0.53327222
2603401.00000000	0.31939011	0.00116888	-0.56689423
2599401.00000000	0.26026682	0.00341675	-0.59453979
2595401.00000000	0.19885675	0.00604562	-0.61676065
2591401.00000000	0.13748108	0.00812952	-0.63284808
2587401.00000000	0.07571606	0.01033389	-0.64351703
2583401.00000000	0.01221286	0.01252255	-0.64869690
2579401.00000000	-0.05003253	0.01512250	-0.64843646
2575401.00000000	-0.11232306	0.01821176	-0.64262396
2571401.00000000	-0.17638821	0.02062738	-0.63043732
2567401.00000000	-0.23965924	0.02230640	-0.61174182
2563401.00000000	-0.30034442	0.02383286	-0.58717999
2559401.00000000	-0.36031802	0.02447385	-0.55538354
2555401.00000000	-0.41779077	0.02392654	-0.51697888
2551401.00000000	-0.47012305	0.02255539	-0.47341248
2547401.00000000	-0.51817239	0.02037317	-0.42413574
2543401.00000000	-0.56073840	0.01759427	-0.37032135
2539401.00000000	-0.59613437	0.01454584	-0.31477628
2535401.00000000	-0.62563229	0.01125403	-0.25637161
2531401.00000000	-0.64894150	0.00801440	-0.19600531
2527401.00000000	-0.66598080	0.00492126	-0.13589999
2523401.00000000	-0.67716293	0.00191672	-0.07530359
2519401.00000000	-0.68295413	-0.00084421	-0.01322421
2515401.00000000	-0.68318839	-0.00347644	0.04790030
2511401.00000000	-0.67784015	-0.00608008	0.10861575
2507401.00000000	-0.66625897	-0.00882330	0.17066666
2503401.00000000	-0.64836914	-0.01162869	0.23157974
2499401.00000000	-0.62436432	-0.01458984	0.29018744
2495401.00000000	-0.59277179	-0.01783511	0.34856055
2491401.00000000	-0.55417822	-0.02111664	0.40417828
2487401.00000000	-0.51030426	-0.02421512	0.45498404
2483401.00000000	-0.46050037	-0.02703848	0.50197018
2479401.00000000	-0.40556003	-0.02932498	0.54404214
2475401.00000000	-0.34843967	-0.03077081	0.57972369
2471401.00000000	-0.28857373	-0.03151013	0.60956900
2467401.00000000	-0.22610638	-0.03159848	0.63366669
2463401.00000000	-0.16407471	-0.03099350	0.65136646
2459401.00000000	-0.10126364	-0.03007785	0.66340543
2455401.00000000	-0.03681454	-0.02866019	0.66980206
2451401.00000000	0.02664185	-0.02701120	0.67037952
2447401.00000000	0.08991937	-0.02496756	0.66525839
2443401.00000000	0.15432925	-0.02220908	0.65397635
2439401.00000000	0.21806583	-0.01871411	0.63619806
2435401.00000000	0.27917023	-0.01458325	0.61228015
2431401.00000000	0.33944345	-0.00972583	0.58108701
2427401.00000000	0.39664191	-0.00425809	0.54303656
2423401.00000000	0.44846884	0.00115475	0.50002393
2419401.00000000	0.49632489	0.00659961	0.45074017
2415401.00000000	0.53900125	0.01186389	0.39624823
2411401.00000000	0.57489822	0.01619037	0.33947342
2407401.00000000	0.60493027	0.01976083	0.27970346
2403401.00000000	0.62892245	0.02241809	0.21821246
2399401.00000000	0.64690793	0.02442722	0.15623929
2395401.00000000	0.65923456	0.02596704	0.09425851
2391401.00000000	0.66630585	0.02725119	0.03118732
2387401.00000000	0.66796124	0.02830954	-0.03222778
2383401.00000000	0.66420480	0.02924969	-0.09474371
2379401.00000000	0.65474033	0.03032755	-0.15812622
2375401.00000000	0.63900565	0.03136618	-0.22153824
2371401.00000000	0.61730743	0.03182782	-0.28249503
2367401.00000000	0.58920078	0.03236340	-0.34197375
2363401.00000000	0.55432642	0.03246780	-0.39882944
2359401.00000000	0.51400201	0.03218146	-0.45079037
2355401.00000000	0.46793906	0.03126517	-0.49813318
2351401.00000000	0.41673215	0.02996701	-0.53986975
2347401.00000000	0.36214529	0.02827066	-0.57494495
2343401.00000000	0.30455563	0.02646521	-0.60382703
2339401.00000000	0.24450040	0.02441174	-0.62674417
2335401.00000000	0.18336185	0.02236746	-0.64348114
2331401.00000000	0.12156497	0.02021356	-0.65461716
2327401.00000000	0.05788312	0.01788925	-0.66052457
2323401.00000000	-0.00651535	0.01558023	-0.66060321
2319401.00000000	-0.07043576	0.01297260	-0.65535956
2315401.00000000	-0.13575757	0.01018713	-0.64394232
2311401.00000000	-0.20203461	0.00732675	-0.62607965
2307401.00000000	-0.26627713	0.00424030	-0.60198502
2303401.00000000	-0.32946390	0.00053033	-0.57129312
2299401.00000000	-0.39096405	-0.00314963	-0.53339478
2295401.00000000	-0.44769730	-0.00644794	-0.49005084
2291401.00000000	-0.49919440	-0.00944913	-0.44184641
2287401.00000000	-0.54575543	-0.01226099	-0.38825143
2283401.00000000	-0.58533109	-0.01467139	-0.33181094
2279401.00000000	-0.61795963	-0.01661227	-0.27362500
2275401.00000000	-0.64442947	-0.01821124	-0.21266684
2271401.00000000	-0.66438144	-0.01975684	-0.15099832
2267401.00000000	-0.67808405	-0.02110809	-0.08969098
2263401.00000000	-0.68608914	-0.02267230	-0.02724432
2259401.00000000	-0.68831314	-0.02450723	0.03641995
2255401.00000000	-0.68455420	-0.02664032	0.09914627
2251401.00000000	-0.67451883	-0.02868491	0.16219330
2247401.00000000	-0.65753421	-0.03079486	0.22598297
2243401.00000000	-0.63419196	-0.03248712	0.28687735
2239401.00000000	-0.60316678	-0.03377347	0.34732629
2235401.00000000	-0.56518991	-0.03457993	0.40479333
2231401.00000000	-0.52121756	-0.03496494	0.45775116
2227401.00000000	-0.47159232	-0.03488525	0.50616794
2223401.00000000	-0.41649048	-0.03418576	0.54974442
2219401.00000000	-0.35824094	-0.03312097	0.58705292
2215401.00000000	-0.29823709	-0.03173282	0.61786810
2211401.00000000	-0.23616348	-0.03013553	0.64286115
2207401.00000000	-0.17248627	-0.02841656	0.66227216
2203401.00000000	-0.10914600	-0.02650388	0.67566644
2199401.00000000	-0.04431445	-0.02423111	0.68356049
2195401.00000000	0.02032181	-0.02172986	0.68588065
2191401.00000000	0.08443484	-0.01897180	0.68245172
2187401.00000000	0.14897089	-0.01561026	0.67322314
2183401.00000000	0.21384067	-0.01168655	0.65734811
2179401.00000000	0.27628284	-0.00739810	0.63527615
2175401.00000000	0.33786380	-0.00258582	0.60604181
2171401.00000000	0.39687262	0.00251343	0.56967004
2167401.00000000	0.45037680	0.00753119	0.52768704
2163401.00000000	0.49938531	0.01204733	0.47998178
2159401.00000000	0.54322809	0.01616705	0.42665210
2155401.00000000	0.58007465	0.01936938	0.37077637
2151401.00000000	0.61072754	0.02167868	0.31229285
2147401.00000000	0.63566806	0.02323178	0.25122253
2143401.00000000	0.65435779	0.02421408	0.18972372
2139401.00000000	0.66723352	0.02476517	0.12869293
2135401.00000000	0.67483704	0.02514099	0.06591010
2131401.00000000	0.67694568	0.02552112	0.00299838
2127401.00000000	0.67361401	0.02582980	-0.05852899
2123401.00000000	0.66428955	0.02637619	-0.12143381
2119401.00000000	0.64882550	0.02703485	-0.18396976
2115401.00000000	0.62722083	0.02769626	-0.24424506
2111401.00000000	0.59861307	0.02863992	-0.30369644
2107401.00000000	0.56290405	0.02978589	-0.36110367
2103401.00000000	0.52168585	0.03090579	-0.41390244
2099401.00000000	0.47392169	0.03206812	-0.46346735
2095401.00000000	0.42010684	0.03304367	-0.50912775
2091401.00000000	0.36417065	0.03352979	-0.54806436
2087401.00000000	0.30512888	0.03361475	-0.58158804
2083401.00000000	0.24293820	0.03316357	-0.61010132
2079401.00000000	0.18036447	0.03208716	-0.63233865
2075401.00000000	0.11759262	0.02999445	-0.64882629
2071401.00000000	0.05342856	0.02720233	-0.66006219
2067401.00000000	-0.00971167	0.02430515	-0.66586719
2063401.00000000	-0.07216943	0.02286444	-0.66622888
2059401.00000000	-0.13602634	0.02094455	-0.66117703
2055401.00000000	-0.19892902	0.01703528	-0.65027682
2051401.00000000	-0.25990796	0.01474417	-0.63335959
2047401.00000000	-0.32083087	0.01208698	-0.60974469
2043401.00000000	-0.37917108	0.00901486	-0.57957718
2039401.00000000	-0.43339600	0.00563388	-0.54340714
2035401.00000000	-0.48363150	0.00200107	-0.50110425
2031401.00000000	-0.52929172	-0.00160626	-0.45282339
2027401.00000000	-0.56821588	-0.00504929	-0.40133948
2023401.00000000	-0.60133414	-0.00836948	-0.34591696
2019401.00000000	-0.62870679	-0.01090057	-0.28710403
2015401.00000000	-0.64968646	-0.01311734	-0.22711963
2011401.00000000	-0.66458780	-0.01501779	-0.16717142
2007401.00000000	-0.67434964	-0.01679184	-0.10415811
2003401.00000000	-0.67849121	-0.01842056	-0.04101749
1999401.00000000	-0.67724643	-0.01999918	0.02042807
1995401.00000000	-0.67021552	-0.02162479	0.08439447
1991401.00000000	-0.65699896	-0.02338223	0.14958316
1987401.00000000	-0.63775687	-0.02497696	0.21256775
1983401.00000000	-0.61168405	-0.02647568	0.27524872
1979401.00000000	-0.57743149	-0.02761984	0.33831296
1975401.00000000	-0.53698282	-0.02558987	0.39650049
1971401.00000000	-0.48997928	-0.02552628	0.45135202
1967401.00000000	-0.43689859	-0.02516394	0.50144888
1963401.00000000	-0.38075110	-0.02431534	0.54451898
1959401.00000000	-0.32133011	-0.02312067	0.58121524
1955401.00000000	-0.25888257	-0.02178836	0.61198761
1951401.00000000	-0.19487878	-0.02048047	0.63624088
1947401.00000000	-0.13144229	-0.01916425	0.65382828
1943401.00000000	-0.06550238	-0.01795117	0.66602997
1939401.00000000	-0.00019046	-0.01701395	0.67206082
1935401.00000000	0.06362302	-0.01612375	0.67242368
1931401.00000000	0.12840021	-0.01562732	0.66704144
1927401.00000000	0.19338550	-0.01534396	0.65549741
1923401.00000000	0.25573682	-0.01505157	0.63782095
1919401.00000000	0.31648883	-0.01482504	0.61399722
1915401.00000000	0.37656674	-0.01441098	0.58257251
1911401.00000000	0.43134360	-0.01384863	0.54581412
1907401.00000000	0.48190414	-0.01311850	0.50345074
1903401.00000000	0.52856058	-0.01204205	0.45480688
1899401.00000000	0.56844534	-0.01068076	0.40316504
1895401.00000000	0.60254059	-0.00911542	0.34849686
1891401.00000000	0.63119733	-0.00735779	0.29020343
1887401.00000000	0.65366025	-0.00541837	0.23064120
1883401.00000000	0.67007684	-0.00369672	0.17146942
1879401.00000000	0.68125296	-0.00193665	0.11085278
1875401.00000000	0.68701447	-0.00002899	0.04973593
1871401.00000000	0.68751361	0.00200806	-0.01001273
1867401.00000000	0.68247473	0.00437766	-0.07180045
1863401.00000000	0.67120374	0.00705246	-0.13501373
1859401.00000000	0.65401212	0.01006583	-0.19621811
1855401.00000000	0.62975378	0.01328842	-0.25754053
1851401.00000000	0.59795718	0.01692807	-0.31888135
1847401.00000000	0.56045996	0.02030719	-0.37561877
1843401.00000000	0.51725296	0.02327072	-0.42856573
1839401.00000000	0.46682620	0.02592670	-0.47883670
1835401.00000000	0.41293372	0.02797375	-0.52299179
1831401.00000000	0.35574982	0.02932813	-0.56101678
1827401.00000000	0.29495880	0.03000766	-0.59342322
1823401.00000000	0.23295572	0.03022421	-0.61922733
1819401.00000000	0.17187558	0.03001791	-0.63842923
1815401.00000000	0.10855722	0.02966071	-0.65231201
1811401.00000000	0.04514374	0.02916083	-0.66040756
1807401.00000000	-0.01750772	0.02846765	-0.66306363
1803401.00000000	-0.08256409	0.02760504	-0.66001190
1799401.00000000	-0.14782370	0.02642654	-0.65072720
1795401.00000000	-0.21003986	0.02508975	-0.63586215
1791401.00000000	-0.27248834	0.02321747	-0.61432108
1787401.00000000	-0.33354697	0.02091013	-0.58583145
1783401.00000000	-0.38995401	0.01837689	-0.55175583
1779401.00000000	-0.44332416	0.01553198	-0.51108691
1775401.00000000	-0.49295270	0.01238220	-0.46354245
1771401.00000000	-0.53568149	0.00936658	-0.41280823
1767401.00000000	-0.57242081	0.00643448	-0.35813403
1763401.00000000	-0.60352399	0.00366345	-0.29979562
1759401.00000000	-0.62798947	0.00115549	-0.24012448
1755401.00000000	-0.64615585	-0.00119525	-0.18046426
1751401.00000000	-0.65915390	-0.00342609	-0.11857059
1747401.00000000	-0.66661731	-0.00562381	-0.05634109
1743401.00000000	-0.66857315	-0.00782990	0.00489438
1739401.00000000	-0.66492267	-0.01034265	0.06872888
1735401.00000000	-0.65522549	-0.01298822	0.13278949
1731401.00000000	-0.63963675	-0.01579691	0.19489197
1727401.00000000	-0.61718216	-0.01872006	0.25740799
1723401.00000000	-0.58746115	-0.02181735	0.31943289
1719401.00000000	-0.55232651	-0.02450369	0.37648492
1715401.00000000	-0.51073477	-0.02681354	0.43057452
1711401.00000000	-0.46288202	-0.02858936	0.48093259
1707401.00000000	-0.41125427	-0.02967612	0.52492303
1703401.00000000	-0.35649594	-0.03008203	0.56271533
1699401.00000000	-0.29756738	-0.02997498	0.59529868
1695401.00000000	-0.23757730	-0.02949066	0.62118668
1691401.00000000	-0.17760538	-0.02884125	0.64067545
1687401.00000000	-0.11500745	-0.02802423	0.65506909
1683401.00000000	-0.05205411	-0.02709381	0.66373260
1679401.00000000	0.00966763	-0.02605569	0.66690689
1675401.00000000	0.07331244	-0.02479785	0.66471030
1671401.00000000	0.13804874	-0.02333911	0.65663055
1667401.00000000	0.20068716	-0.02150122	0.64275250
1663401.00000000	0.26353293	-0.01927512	0.62234811
1659401.00000000	0.32524557	-0.01667105	0.59518436
1655401.00000000	0.38234064	-0.01387576	0.56238919
1651401.00000000	0.43604486	-0.01090823	0.52332172
1647401.00000000	0.48566675	-0.00771841	0.47786517
1643401.00000000	0.52850507	-0.00465982	0.42893716
1639401.00000000	0.56484219	-0.00178024	0.37698685
1635401.00000000	0.59649481	0.00097205	0.31965915
1631401.00000000	0.62141922	0.00347861	0.26103760
1627401.00000000	0.64000687	0.00557877	0.20258163
1623401.00000000	0.65365295	0.00751779	0.14109659
1619401.00000000	0.66167670	0.00935852	0.07946552
1615401.00000000	0.66443298	0.01117657	0.01882486
1611401.00000000	0.66189212	0.01302499	-0.04393973
1607401.00000000	0.65370801	0.01519119	-0.10733279
1603401.00000000	0.64010019	0.01757962	-0.16898077
1599401.00000000	0.62011969	0.02028168	-0.23145923
1595401.00000000	0.59338132	0.02315060	-0.29387021
1591401.00000000	0.56131082	0.02592328	-0.35240106
1587401.00000000	0.52367871	0.02858051	-0.40789453
1583401.00000000	0.47918491	0.03113382	-0.46100235
1579401.00000000	0.43091367	0.03317026	-0.50773099
1575401.00000000	0.37992578	0.03466571	-0.54809317
1571401.00000000	0.32348154	0.03570520	-0.58403391
1567401.00000000	0.26546661	0.03615796	-0.61302591
1563401.00000000	0.20759702	0.03618677	-0.63527740
1559401.00000000	0.14586139	0.03597641	-0.65250986
1555401.00000000	0.08452704	0.03547931	-0.66375180
1551401.00000000	0.02405804	0.03482739	-0.66920578
1547401.00000000	-0.03880725	0.03400824	-0.66930737
1543401.00000000	-0.10323248	0.03302866	-0.66351962
1539401.00000000	-0.16491373	0.03172501	-0.65216476
1535401.00000000	-0.22750461	0.03002411	-0.63448557
1531401.00000000	-0.29015704	0.02793347	-0.60999020
1527401.00000000	-0.34947992	0.02531903	-0.57990213
1523401.00000000	-0.40656741	0.02244855	-0.54321240
1519401.00000000	-0.46154996	0.01931570	-0.49931302
1515401.00000000	-0.51005719	0.01607092	-0.45157031
1511401.00000000	-0.55245279	0.01279041	-0.40021637
1507401.00000000	-0.58958691	0.00942105	-0.34419019
1503401.00000000	-0.61997000	0.00601892	-0.28620135
1499401.00000000	-0.64364340	0.00284268	-0.22766132
1495401.00000000	-0.66195667	-0.00028671	-0.16628903
1491401.00000000	-0.67432785	-0.00332983	-0.10450812
1487401.00000000	-0.68093640	-0.00619376	-0.04384177
1483401.00000000	-0.68221423	-0.00922522	0.01918842
1479401.00000000	-0.67758301	-0.01234158	0.08298032
1475401.00000000	-0.66719901	-0.01532397	0.14446985
1471401.00000000	-0.65029065	-0.01848926	0.20687601
1467401.00000000	-0.62602313	-0.02165527	0.26977499
1463401.00000000	-0.59565488	-0.02445789	0.32901538
1459401.00000000	-0.55862033	-0.02693353	0.38565637
1455401.00000000	-0.51368814	-0.02913260	0.44043011
1451401.00000000	-0.46469308	-0.03067947	0.48871600
1447401.00000000	-0.41129761	-0.03159283	0.53153195
1443401.00000000	-0.35288528	-0.03204074	0.56936060
1439401.00000000	-0.29257788	-0.03186902	0.60058902
1435401.00000000	-0.23152820	-0.03143829	0.62511298
1431401.00000000	-0.16717651	-0.03068857	0.64438477
1427401.00000000	-0.10321112	-0.02983951	0.65746573
1423401.00000000	-0.04082932	-0.02902859	0.66489609
1419401.00000000	0.02492545	-0.02787564	0.66732437
1415401.00000000	0.09128668	-0.02643762	0.66394492
1411401.00000000	0.15513428	-0.02472537	0.65510385
1407401.00000000	0.22098883	-0.02255185	0.63978693
1403401.00000000	0.28651819	-0.01988565	0.61747476
1399401.00000000	0.34752673	-0.01679019	0.58973602
1395401.00000000	0.40694980	-0.01314142	0.55467203
1391401.00000000	0.46316489	-0.00903275	0.51250427
1387401.00000000	0.51310690	-0.00460971	0.46546344
1383401.00000000	0.55723941	-0.00030225	0.41353290
1379401.00000000	0.59626114	0.00389178	0.35576974
1375401.00000000	0.62760580	0.00755151	0.29660107
1371401.00000000	0.65269653	0.01093448	0.23533426
1367401.00000000	0.67198779	0.01394681	0.17119839
1363401.00000000	0.68488211	0.01663034	0.10734177
1359401.00000000	0.69200046	0.01916205	0.04440359
1355401.00000000	0.69359854	0.02168008	-0.02034219
1351401.00000000	0.68945847	0.02416879	-0.08451541
1347401.00000000	0.67987265	0.02648798	-0.14645169
1343401.00000000	0.66412756	0.02888309	-0.20969180
1339401.00000000	0.64136734	0.03100623	-0.27359891
1335401.00000000	0.61327585	0.03243616	-0.33325027
1331401.00000000	0.57837332	0.03324557	-0.39147791
1327401.00000000	0.53673700	0.03330545	-0.44698828
1323401.00000000	0.49082205	0.03254443	-0.49635281
1319401.00000000	0.43973337	0.03104303	-0.54091196
1315401.00000000	0.38348395	0.02898853	-0.58019537
1311401.00000000	0.32648013	0.02671301	-0.61162558
1307401.00000000	0.26739999	0.02443069	-0.63686618
1303401.00000000	0.20502283	0.02208234	-0.65670749
1299401.00000000	0.14154654	0.01983926	-0.67057489
1295401.00000000	0.07914310	0.01766641	-0.67838208
1291401.00000000	0.01497220	0.01554153	-0.68070981
1287401.00000000	-0.04957898	0.01317755	-0.67718695
1283401.00000000	-0.11094406	0.01074280	-0.66849695
1279401.00000000	-0.17448776	0.00802957	-0.65370566
1275401.00000000	-0.23909439	0.00480270	-0.63214130
1271401.00000000	-0.29937357	0.00132901	-0.60554507
1267401.00000000	-0.35812207	-0.00242160	-0.57251898
1263401.00000000	-0.41545142	-0.00667380	-0.53234085
1259401.00000000	-0.46577896	-0.01090598	-0.48911209
1255401.00000000	-0.51043652	-0.01525848	-0.44231784
1251401.00000000	-0.55135513	-0.01984732	-0.38969321
1247401.00000000	-0.58552448	-0.02407089	-0.33463248
1243401.00000000	-0.61283682	-0.02800613	-0.27920831
1239401.00000000	-0.63487787	-0.03180334	-0.22076617
1235401.00000000	-0.65055930	-0.03539444	-0.16336472
1231401.00000000	-0.65839429	-0.03826151	-0.12047595
1227401.00000000	-0.66578424	-0.03865796	-0.05932230
1223401.00000000	-0.66731784	-0.03691049	0.00221021
1219401.00000000	-0.66270685	-0.03602975	0.06772067
1215401.00000000	-0.65271207	-0.03428473	0.12975012
1211401.00000000	-0.63308777	-0.03548932	0.19721884
1207401.00000000	-0.60932587	-0.03704395	0.25728546
1203401.00000000	-0.57967139	-0.03687802	0.31471487
1199401.00000000	-0.54282477	-0.03937451	0.37188788
1195401.00000000	-0.49868387	-0.03968164	0.42726663
1191401.00000000	-0.44944351	-0.03896545	0.47776553
1187401.00000000	-0.39524796	-0.03757590	0.52323871
1183401.00000000	-0.33782776	-0.03559753	0.56246912
1179401.00000000	-0.27964752	-0.03332062	0.59461356
1175401.00000000	-0.21804855	-0.03078101	0.62155832
1171401.00000000	-0.15570767	-0.02816568	0.64234918
1167401.00000000	-0.09575821	-0.02554196	0.65678543
1163401.00000000	-0.03240982	-0.02277750	0.66651514
1159401.00000000	0.03162540	-0.01977335	0.67071051
1155401.00000000	0.09396893	-0.01649176	0.66939841
1151401.00000000	0.15821625	-0.01262997	0.66236142
1147401.00000000	0.22232816	-0.00815866	0.64875629
1143401.00000000	0.28281897	-0.00327710	0.62960446
1139401.00000000	0.34429105	0.00230344	0.60280145
1135401.00000000	0.40305347	0.00802017	0.56856021
1131401.00000000	0.45633221	0.01359961	0.52904230
1127401.00000000	0.50458643	0.01882010	0.48413733
1123401.00000000	0.54888385	0.02355835	0.43269229
1119401.00000000	0.58648495	0.02754794	0.37814957
1115401.00000000	0.61760196	0.03088593	0.32139163
1111401.00000000	0.64334714	0.03388055	0.26065945
1107401.00000000	0.66258344	0.03646783	0.19978629
1103401.00000000	0.67588443	0.03882779	0.13918945
1099401.00000000	0.68386649	0.04121417	0.07601373
1095401.00000000	0.68599600	0.04364752	0.01288596
1091401.00000000	0.68246509	0.04613480	-0.05082162
1087401.00000000	0.67233890	0.04852176	-0.11607904
1083401.00000000	0.65558118	0.05081195	-0.18078540
1079401.00000000	0.63244290	0.05273065	-0.24309824
1075401.00000000	0.60146872	0.05426700	-0.30588138
1071401.00000000	0.56247580	0.05505502	-0.36714343
1067401.00000000	0.51892404	0.05480142	-0.42213733
1063401.00000000	0.46901550	0.05390005	-0.47344083
1059401.00000000	0.41399258	0.05207175	-0.51966324
1055401.00000000	0.35705811	0.04960611	-0.55870691
1051401.00000000	0.29788187	0.04660059	-0.59158835
1047401.00000000	0.23604062	0.04339740	-0.61865997
1043401.00000000	0.17334100	0.04004044	-0.63958990
1039401.00000000	0.11047989	0.03665714	-0.65446036
1035401.00000000	0.04649628	0.03332840	-0.66369995
1031401.00000000	-0.01873489	0.02967892	-0.66734528
1027401.00000000	-0.08064984	0.02566977	-0.66529871
1023401.00000000	-0.14499698	0.02067548	-0.65720923
1019401.00000000	-0.20918234	0.01438574	-0.64285580
1015401.00000000	-0.26960757	0.00743088	-0.62282602
1011401.00000000	-0.33002820	-0.00025485	-0.59531360
1007401.00000000	-0.38744348	-0.00850940	-0.56077026
1003401.00000000	-0.44003824	-0.01711444	-0.52049808
999401.00000000	-0.48751053	-0.02516330	-0.47497507
995401.00000000	-0.53045776	-0.03286942	-0.42368732
991401.00000000	-0.56690607	-0.03957306	-0.36946591
987401.00000000	-0.59680203	-0.04515759	-0.31370932
983401.00000000	-0.62199100	-0.05017303	-0.25358777
979401.00000000	-0.64124097	-0.05422589	-0.19266299
975401.00000000	-0.65465891	-0.05764191	-0.13289816
971401.00000000	-0.66302176	-0.06156061	-0.06952228
967401.00000000	-0.66583212	-0.06569656	-0.00614719
963401.00000000	-0.66325687	-0.06950357	0.05474820
959401.00000000	-0.65499695	-0.07329300	0.11818332
955401.00000000	-0.64040369	-0.07663724	0.18256104
951401.00000000	-0.61998615	-0.07916537	0.24503448
947401.00000000	-0.59296408	-0.08056897	0.30714386
943401.00000000	-0.55895959	-0.08065302	0.36841348
939401.00000000	-0.52058536	-0.07926205	0.42380417
935401.00000000	-0.47618948	-0.07643182	0.47553107
931401.00000000	-0.42570740	-0.07266748	0.52317999
927401.00000000	-0.37319653	-0.06829428	0.56294586
923401.00000000	-0.31839420	-0.06359518	0.59606226
919401.00000000	-0.25922552	-0.05864651	0.62393512
915401.00000000	-0.19882248	-0.05383939	0.64538922
911401.00000000	-0.13837094	-0.04915790	0.66065738
907401.00000000	-0.07530563	-0.04458264	0.67058405
903401.00000000	-0.01159976	-0.03996558	0.67505005
899401.00000000	0.05094281	-0.03530649	0.67398541
895401.00000000	0.11590060	-0.03003668	0.66678098
891401.00000000	0.18129938	-0.02394095	0.65330280
887401.00000000	0.24419592	-0.01715036	0.63354736
883401.00000000	0.30641943	-0.00933350	0.60684772
879401.00000000	0.36874759	-0.00027679	0.57180270
875401.00000000	0.42558752	0.00912711	0.53128113
871401.00000000	0.47897360	0.01901254	0.48398361
867401.00000000	0.52747345	0.02864578	0.43098376
863401.00000000	0.56928787	0.03777237	0.37496033
859401.00000000	0.60413611	0.04594666	0.31733752
855401.00000000	0.63399536	0.05368729	0.25501315
851401.00000000	0.65707492	0.06059802	0.19258029
847401.00000000	0.67352655	0.06678622	0.13190744
843401.00000000	0.68503412	0.07315277	0.06747275
839401.00000000	0.69074133	0.07939166	0.00304749
835401.00000000	0.69067734	0.08545233	-0.05973495
831401.00000000	0.68484061	0.09160049	-0.12434274
827401.00000000	0.67259973	0.09759628	-0.18973651
823401.00000000	0.65440033	0.10256125	-0.25193726
819401.00000000	0.62925363	0.10628711	-0.31346640
815401.00000000	0.59738034	0.10857135	-0.37237625
811401.00000000	0.55870227	0.10882553	-0.42782498
807401.00000000	0.51388147	0.10669852	-0.47865179
803401.00000000	0.46145377	0.10249808	-0.52572342
799401.00000000	0.40596588	0.09709564	-0.56547958
795401.00000000	0.34885071	0.09085263	-0.59780377
791401.00000000	0.28728070	0.08383490	-0.62525113
787401.00000000	0.22500253	0.07659711	-0.64616217
783401.00000000	0.16324960	0.06950504	-0.66102350
779401.00000000	0.09927344	0.06218567	-0.67075806
775401.00000000	0.03494449	0.05432932	-0.67511856
771401.00000000	-0.02779169	0.04612503	-0.67361734
767401.00000000	-0.09099023	0.03690262	-0.66649585
763401.00000000	-0.15652817	0.02624637	-0.65282104
759401.00000000	-0.21984378	0.01481390	-0.63270615
755401.00000000	-0.28310678	0.00244028	-0.60484506
751401.00000000	-0.34473019	-0.01035168	-0.56952039
747401.00000000	-0.40204913	-0.02319199	-0.52826089
743401.00000000	-0.45422614	-0.03504163	-0.48210992
739401.00000000	-0.50314661	-0.04634622	-0.42922983
735401.00000000	-0.54503552	-0.05621719	-0.37407990
731401.00000000	-0.58003528	-0.06441745	-0.31765469
727401.00000000	-0.60994003	-0.07201248	-0.25725861
723401.00000000	-0.63322430	-0.07873154	-0.19631204
719401.00000000	-0.65019391	-0.08456296	-0.13564383
715401.00000000	-0.66182452	-0.09040002	-0.07167401
711401.00000000	-0.66731244	-0.09625284	-0.00842438
707401.00000000	-0.66699509	-0.10213220	0.05305475
703401.00000000	-0.66061536	-0.10803336	0.11738483
699401.00000000	-0.64796982	-0.11337045	0.18151019
695401.00000000	-0.62916870	-0.11779672	0.24378784
691401.00000000	-0.60321835	-0.12083401	0.30623688
687401.00000000	-0.57023984	-0.12157236	0.36707764
683401.00000000	-0.53197141	-0.11977496	0.42300079
679401.00000000	-0.48830038	-0.11570233	0.47489075
675401.00000000	-0.43945834	-0.10952991	0.52219534
671401.00000000	-0.38830042	-0.10236172	0.56265207
667401.00000000	-0.33493845	-0.09454965	0.59706174
663401.00000000	-0.27657281	-0.08601474	0.62723773
659401.00000000	-0.21661182	-0.07741467	0.65150348
655401.00000000	-0.15754047	-0.06918942	0.66983731
651401.00000000	-0.09621539	-0.06082870	0.68335071
647401.00000000	-0.03527057	-0.05263544	0.69157291
643401.00000000	0.02570566	-0.04416516	0.69468201
639401.00000000	0.08948560	-0.03462222	0.69205838
