7728383.00000000	0.00920596	0.00214902	0.02735452
7724383.00000000	0.00958719	0.00227231	0.02912616
7720383.00000000	0.01000723	0.00240994	0.03136865
7716383.00000000	0.01049939	0.00261221	0.03393118
7712383.00000000	0.01101221	0.00279764	0.03680917
7708383.00000000	0.01158450	0.00303012	0.04006415
7704383.00000000	0.01215735	0.00325873	0.04374850
7700383.00000000	0.01282892	0.00355927	0.04776407
7696383.00000000	0.01347751	0.00387787	0.05242349
7692383.00000000	0.01423331	0.00428275	0.05772449
7688383.00000000	0.01501550	0.00470969	0.06364786
7684383.00000000	0.01586023	0.00511966	0.07021036
7680383.00000000	0.01678217	0.00565405	0.07785562
7676383.00000000	0.01772897	0.00618811	0.08604532
7672383.00000000	0.01876959	0.00671884	0.09505774
7668383.00000000	0.02002164	0.00724216	0.10520612
7664383.00000000	0.02142734	0.00768970	0.11561072
7660383.00000000	0.02310815	0.00801031	0.12582477
7656383.00000000	0.02519785	0.00805896	0.13559778
7652383.00000000	0.02786371	0.00791925	0.14367706
7648383.00000000	0.03105716	0.00764938	0.14906952
7644383.00000000	0.03504297	0.00729599	0.15123282
7640383.00000000	0.03996878	0.00699323	0.14974966
7636383.00000000	0.04574796	0.00695892	0.14462592
7632383.00000000	0.05249887	0.00720682	0.13599240
7628383.00000000	0.06034579	0.00768900	0.12413745
7624383.00000000	0.06910245	0.00838449	0.10988159
7620383.00000000	0.07910706	0.00914447	0.09276962
7616383.00000000	0.09049777	0.00967056	0.07224319
7612383.00000000	0.10287369	0.00976562	0.04886755
7608383.00000000	0.11655447	0.00927243	0.02151596
7604383.00000000	0.13148276	0.00785727	-0.01058133
7600383.00000000	0.14667410	0.00522977	-0.04644247
7596383.00000000	0.16098401	0.00130106	-0.08522760
7592383.00000000	0.17345892	-0.00406470	-0.12734619
7588383.00000000	0.18212698	-0.01017737	-0.17035339
7584383.00000000	0.18609042	-0.01595914	-0.21253775
7580383.00000000	0.18544031	-0.02052640	-0.25455063
7576383.00000000	0.18073438	-0.02314368	-0.29514990
7572383.00000000	0.17350003	-0.02371954	-0.33264960
7568383.00000000	0.16463309	-0.02285187	-0.36903064
7564383.00000000	0.15449176	-0.02149551	-0.40443124
7560383.00000000	0.14347287	-0.02053534	-0.43715750
7556383.00000000	0.13074786	-0.02084818	-0.46735657
7552383.00000000	0.11461548	-0.02303973	-0.49552292
7548383.00000000	0.09456464	-0.02725247	-0.51934143
7544383.00000000	0.06957767	-0.03311761	-0.53840939
7540383.00000000	0.03771881	-0.04005225	-0.55261230
7536383.00000000	0.00041193	-0.04679739	-0.56068625
7532383.00000000	-0.04134470	-0.05226859	-0.56265042
7528383.00000000	-0.08746756	-0.05635992	-0.55777319
7524383.00000000	-0.13486081	-0.05856134	-0.54589478
7520383.00000000	-0.18069025	-0.05925598	-0.52725949
7516383.00000000	-0.22625427	-0.05912872	-0.50093954
7512383.00000000	-0.26891083	-0.05883154	-0.46808142
7508383.00000000	-0.30888583	-0.05906534	-0.43002963
7504383.00000000	-0.34777130	-0.05980661	-0.38647290
7500383.00000000	-0.38648743	-0.06041324	-0.33796173
7496383.00000000	-0.42381796	-0.06015106	-0.28753360
7492383.00000000	-0.46011618	-0.05803503	-0.23477371
7488383.00000000	-0.49495166	-0.05332788	-0.17902597
7484383.00000000	-0.52513861	-0.04640585	-0.12353818
7480383.00000000	-0.55029266	-0.03755991	-0.06718173
7476383.00000000	-0.56993762	-0.02697803	-0.00853271
7472383.00000000	-0.58272745	-0.01532941	0.05029977
7468383.00000000	-0.58831104	-0.00284344	0.10943680
7464383.00000000	-0.58644263	0.01063925	0.17037509
7460383.00000000	-0.57659406	0.02449088	0.23077826
7456383.00000000	-0.55882959	0.03825854	0.28985983
7452383.00000000	-0.53255814	0.05180731	0.34826642
7448383.00000000	-0.49779544	0.06443433	0.40484399
7444383.00000000	-0.45698441	0.07525266	0.45613364
7440383.00000000	-0.40965286	0.08442322	0.50345676
7436383.00000000	-0.35630914	0.09188287	0.54595514
7432383.00000000	-0.30039487	0.09746664	0.58153394
7428383.00000000	-0.24197998	0.10151239	0.61091379
7424383.00000000	-0.18118552	0.10491235	0.63422873
7420383.00000000	-0.12021014	0.10764453	0.65128348
7416383.00000000	-0.05933423	0.11032263	0.66245209
7412383.00000000	0.00396881	0.11316745	0.66818735
7408383.00000000	0.06693893	0.11636365	0.66830240
7404383.00000000	0.13017078	0.11949146	0.66297894
7400383.00000000	0.19643753	0.12263318	0.65146829
7396383.00000000	0.26245309	0.12478421	0.63376355
7392383.00000000	0.32648105	0.12551038	0.61034332
7388383.00000000	0.39093613	0.12397098	0.57956555
7384383.00000000	0.45252530	0.12046722	0.54207489
7380383.00000000	0.50865833	0.11459061	0.49952811
7376383.00000000	0.55962430	0.10712338	0.45149088
7372383.00000000	0.60474246	0.09786624	0.39794370
7368383.00000000	0.64185907	0.08830215	0.34182718
7364383.00000000	0.67170963	0.07880682	0.28371176
7360383.00000000	0.69547931	0.06960196	0.22221548
7356383.00000000	0.71252228	0.06092093	0.16042474
7352383.00000000	0.72383313	0.05303873	0.09872736
7348383.00000000	0.72983609	0.04505795	0.03403461
7344383.00000000	0.73024054	0.03695001	-0.03017407
7340383.00000000	0.72508957	0.02830524	-0.09413669
7336383.00000000	0.71370264	0.01822986	-0.15937289
7332383.00000000	0.69587152	0.00665219	-0.22325247
7328383.00000000	0.67157690	-0.00637735	-0.28436005
7324383.00000000	0.63897333	-0.02131985	-0.34501022
7320383.00000000	0.59758301	-0.03725974	-0.40368420
7316383.00000000	0.54979941	-0.05321640	-0.45662851
7312383.00000000	0.49505096	-0.06838022	-0.50504877
7308383.00000000	0.43384683	-0.08196359	-0.54880450
7304383.00000000	0.37066028	-0.09298877	-0.58519669
7300383.00000000	0.30566879	-0.10173050	-0.61523199
7296383.00000000	0.23827670	-0.10864847	-0.63983655
7292383.00000000	0.17191501	-0.11421280	-0.65787607
7288383.00000000	0.10686255	-0.11850314	-0.67020956
7284383.00000000	0.03908450	-0.12158136	-0.67790207
7280383.00000000	-0.02763531	-0.12439658	-0.67965878
7276383.00000000	-0.09373932	-0.12731491	-0.67575558
7272383.00000000	-0.16159421	-0.13101898	-0.66572604
7268383.00000000	-0.22900909	-0.13421729	-0.64982529
7264383.00000000	-0.29487869	-0.13621356	-0.62780060
7260383.00000000	-0.35938522	-0.13583411	-0.59923682
7256383.00000000	-0.42119556	-0.13325223	-0.56394614
7252383.00000000	-0.47679782	-0.12819406	-0.52375165
7248383.00000000	-0.52654974	-0.12108334	-0.47868463
7244383.00000000	-0.57075934	-0.11202966	-0.42772507
7240383.00000000	-0.60722418	-0.10218661	-0.37363306
7236383.00000000	-0.63612134	-0.09198907	-0.31762366
7232383.00000000	-0.65881250	-0.08180612	-0.25864008
7228383.00000000	-0.67505725	-0.07222366	-0.19921774
7224383.00000000	-0.68577921	-0.06292728	-0.13894992
7220383.00000000	-0.69132773	-0.05363229	-0.07621960
7216383.00000000	-0.69140039	-0.04416803	-0.01482962
7212383.00000000	-0.68644006	-0.03401691	0.04596365
7208383.00000000	-0.67520987	-0.02207462	0.10903232
7204383.00000000	-0.65682614	-0.00912949	0.17240918
7200383.00000000	-0.63178799	0.00462970	0.23373065
7196383.00000000	-0.59892804	0.01964401	0.29499689
7192383.00000000	-0.55848471	0.03494583	0.35442255
7188383.00000000	-0.51303394	0.04868616	0.40877032
7184383.00000000	-0.46122195	0.06206766	0.45993668
7180383.00000000	-0.40374869	0.07449683	0.50642636
7176383.00000000	-0.34414514	0.08502682	0.54601712
7172383.00000000	-0.28342200	0.09403494	0.57864978
7168383.00000000	-0.21915271	0.10164417	0.60616495
7164383.00000000	-0.15537564	0.10803128	0.62686984
7160383.00000000	-0.09275256	0.11371277	0.64152493
7156383.00000000	-0.02809244	0.11914175	0.65108572
7152383.00000000	0.03709717	0.12459045	0.65492078
7148383.00000000	0.10040079	0.12985727	0.65346317
7144383.00000000	0.16644690	0.13519882	0.64633569
7140383.00000000	0.23250519	0.14018735	0.63317737
7136383.00000000	0.29643436	0.14297235	0.61444302
7132383.00000000	0.35955438	0.14442047	0.58930838
7128383.00000000	0.42094812	0.14354904	0.55753021
7124383.00000000	0.47668475	0.14039505	0.52114996
7120383.00000000	0.52840210	0.13491467	0.47887762
7116383.00000000	0.57528622	0.12742850	0.43091498
7112383.00000000	0.61473160	0.11863773	0.38037924
7108383.00000000	0.64708463	0.10887119	0.32771155
7104383.00000000	0.67344214	0.09834964	0.27084439
7100383.00000000	0.69287958	0.08811926	0.21297992
7096383.00000000	0.70649243	0.07870071	0.15527802
7092383.00000000	0.71497650	0.06935675	0.09535849
7088383.00000000	0.71820236	0.06021555	0.03445422
7084383.00000000	0.71625354	0.05098251	-0.02575708
7080383.00000000	0.70877518	0.04064966	-0.08772086
7076383.00000000	0.69504492	0.02874469	-0.15068683
7072383.00000000	0.67542010	0.01550098	-0.21102652
7068383.00000000	0.64850137	0.00040598	-0.27093726
7064383.00000000	0.61294281	-0.01659372	-0.33111938
7060383.00000000	0.57078876	-0.03397717	-0.38727625
7056383.00000000	0.52126343	-0.05138846	-0.44069510
7052383.00000000	0.46471759	-0.06781729	-0.49058350
7048383.00000000	0.40412259	-0.08247836	-0.53450357
7044383.00000000	0.34125183	-0.09477222	-0.57191675
7040383.00000000	0.27487152	-0.10588162	-0.60373236
7036383.00000000	0.20908191	-0.11470941	-0.62846606
7032383.00000000	0.14561261	-0.12203970	-0.64631186
7028383.00000000	0.07941043	-0.12908560	-0.65890408
7024383.00000000	0.01346738	-0.13591403	-0.66569415
7020383.00000000	-0.04958463	-0.14235248	-0.66666205
7016383.00000000	-0.11554401	-0.14903217	-0.66194644
7012383.00000000	-0.18147177	-0.15518909	-0.65113077
7008383.00000000	-0.24525528	-0.16016922	-0.63423608
7004383.00000000	-0.30965677	-0.16399811	-0.61028976
7000383.00000000	-0.37294614	-0.16498019	-0.57912531
6996383.00000000	-0.43176270	-0.16296078	-0.54211478
6992383.00000000	-0.48672324	-0.15753455	-0.49890378
6988383.00000000	-0.53853235	-0.14896790	-0.44849991
6984383.00000000	-0.58231070	-0.13818506	-0.39513712
6980383.00000000	-0.61874973	-0.12579272	-0.33950211
6976383.00000000	-0.64885135	-0.11225565	-0.27976895
6972383.00000000	-0.67168729	-0.09905005	-0.21909607
6968383.00000000	-0.68781628	-0.08666913	-0.15895575
6964383.00000000	-0.69865234	-0.07476532	-0.09738684
6960383.00000000	-0.70420828	-0.06343152	-0.03503848
6956383.00000000	-0.70444699	-0.05241339	0.02626031
6952383.00000000	-0.69930661	-0.04079385	0.08861963
6948383.00000000	-0.68842487	-0.02825266	0.15091586
6944383.00000000	-0.67151651	-0.01468509	0.21191724
6940383.00000000	-0.64703055	-0.00001984	0.27304550
6936383.00000000	-0.61533130	0.01599884	0.33243878
6932383.00000000	-0.57685538	0.03226508	0.38793915
6928383.00000000	-0.53166403	0.04819363	0.43968115
6924383.00000000	-0.47884518	0.06361990	0.48817352
6920383.00000000	-0.42210342	0.07761838	0.52998618
6916383.00000000	-0.36213943	0.08967261	0.56567337
6912383.00000000	-0.29843881	0.10010446	0.59577664
6908383.00000000	-0.23309616	0.10856830	0.61980237
6904383.00000000	-0.16818427	0.11530502	0.63777710
6900383.00000000	-0.10196365	0.12115958	0.65050565
6896383.00000000	-0.03676450	0.12687308	0.65747961
6892383.00000000	0.02741721	0.13254361	0.65918555
6888383.00000000	0.09317993	0.13875052	0.65545505
6884383.00000000	0.16079800	0.14491345	0.64589969
6880383.00000000	0.22659943	0.15052841	0.63058939
6876383.00000000	0.29200748	0.15508179	0.60909677
6872383.00000000	0.35736835	0.15762183	0.58063422
6868383.00000000	0.41928415	0.15768011	0.54609354
6864383.00000000	0.47706335	0.15471054	0.50563574
6860383.00000000	0.53106268	0.14868021	0.45816269
6856383.00000000	0.57754816	0.14046005	0.40718042
6852383.00000000	0.61670886	0.13044788	0.35294077
6848383.00000000	0.64989023	0.11904147	0.29424777
6844383.00000000	0.67494611	0.10728094	0.23458609
6840383.00000000	0.69307147	0.09605112	0.17481790
6836383.00000000	0.70587164	0.08521271	0.11279160
6832383.00000000	0.71315344	0.07452109	0.05150519
6828383.00000000	0.71559671	0.06394165	-0.00918008
6824383.00000000	0.71284964	0.05252066	-0.07142621
6820383.00000000	0.70472894	0.03981940	-0.13307193
6816383.00000000	0.69094580	0.02557693	-0.19368613
6812383.00000000	0.67029153	0.00920285	-0.25441400
6808383.00000000	0.64197836	-0.00971213	-0.31429675
6804383.00000000	0.60602197	-0.02991678	-0.37079068
6800383.00000000	0.56283307	-0.05030826	-0.42324692
6796383.00000000	0.51193030	-0.07023303	-0.47194162
6792383.00000000	0.45616010	-0.08783383	-0.51429431
6788383.00000000	0.39594278	-0.10352588	-0.55112582
6784383.00000000	0.33099615	-0.11616763	-0.58271075
6780383.00000000	0.26574161	-0.12626361	-0.60753061
6776383.00000000	0.19963519	-0.13413354	-0.62642520
6772383.00000000	0.13190555	-0.14081650	-0.64002426
6768383.00000000	0.06592911	-0.14654047	-0.64816122
6764383.00000000	0.00071246	-0.15219122	-0.65066635
6760383.00000000	-0.06593924	-0.15837732	-0.64819620
6756383.00000000	-0.13319495	-0.16444211	-0.64022403
6752383.00000000	-0.20013840	-0.17010626	-0.62685812
6748383.00000000	-0.26752612	-0.17459650	-0.60753796
6744383.00000000	-0.33488174	-0.17695435	-0.58203638
6740383.00000000	-0.40019626	-0.17624576	-0.55096606
6736383.00000000	-0.46229349	-0.17194452	-0.51389096
6732383.00000000	-0.51994330	-0.16403259	-0.47145117
6728383.00000000	-0.56966019	-0.15328329	-0.42561160
6724383.00000000	-0.61257892	-0.14032068	-0.37553403
6720383.00000000	-0.64803815	-0.12609018	-0.32196790
6716383.00000000	-0.67536124	-0.11191122	-0.26681171
6712383.00000000	-0.69523615	-0.09835724	-0.21066718
6708383.00000000	-0.70923572	-0.08524298	-0.15286197
6704383.00000000	-0.71748804	-0.07295322	-0.09440649
6700383.00000000	-0.72050208	-0.06100345	-0.03604837
6696383.00000000	-0.71821637	-0.04849963	0.02349319
6692383.00000000	-0.71000497	-0.03517056	0.08416483
6688383.00000000	-0.69557654	-0.02083145	0.14414200
6684383.00000000	-0.67409677	-0.00473138	0.20452686
6680383.00000000	-0.64469186	0.01275848	0.26435779
6676383.00000000	-0.60802051	0.03092746	0.32172226
6672383.00000000	-0.56374625	0.04916193	0.37680078
6668383.00000000	-0.51286484	0.06665527	0.42840601
6664383.00000000	-0.45746936	0.08258624	0.47472311
6660383.00000000	-0.39777527	0.09698502	0.51617929
6656383.00000000	-0.33402893	0.10936786	0.55252567
6652383.00000000	-0.26856827	0.12000693	0.58254514
6648383.00000000	-0.20353354	0.12890295	0.60595062
6644383.00000000	-0.13701968	0.13749463	0.62350540
6640383.00000000	-0.07071359	0.14545715	0.63527927
6636383.00000000	-0.00502304	0.15309644	0.64167111
6632383.00000000	0.06192657	0.16129886	0.64274393
6628383.00000000	0.12981641	0.16964078	0.63827478
6624383.00000000	0.19679437	0.17772198	0.62842737
6620383.00000000	0.26572052	0.18571011	0.61243408
6616383.00000000	0.33440793	0.19137222	0.59016479
6612383.00000000	0.40140985	0.19387811	0.56145142
6608383.00000000	0.46478290	0.19206091	0.52650665
6604383.00000000	0.52401465	0.18573779	0.48474924
6600383.00000000	0.57596161	0.17560110	0.43775189
6596383.00000000	0.62050922	0.16231027	0.38551422
6592383.00000000	0.65671835	0.14706735	0.32956613
6588383.00000000	0.68486951	0.13145737	0.27128070
6584383.00000000	0.70564282	0.11644611	0.21212213
6580383.00000000	0.72045587	0.10195523	0.15092505
6576383.00000000	0.72926517	0.08806915	0.09019757
6572383.00000000	0.73260867	0.07474271	0.02948447
6568383.00000000	0.73052921	0.06070111	-0.03249103
6564383.00000000	0.72278293	0.04578168	-0.09467392
6560383.00000000	0.70890015	0.02931400	-0.15598285
6556383.00000000	0.68805115	0.01049557	-0.21727921
6552383.00000000	0.65873618	-0.01038983	-0.27861090
6548383.00000000	0.62118066	-0.03204465	-0.33785001
6544383.00000000	0.57492212	-0.05360641	-0.39526846
6540383.00000000	0.52081366	-0.07443427	-0.44965579
6536383.00000000	0.46208252	-0.09449185	-0.49817822
6532383.00000000	0.39869037	-0.11009088	-0.54193942
6528383.00000000	0.33230444	-0.12282138	-0.57988419
6524383.00000000	0.26513644	-0.13254333	-0.61134891
6520383.00000000	0.19849088	-0.14029962	-0.63630441
6516383.00000000	0.13149966	-0.14717099	-0.65557169
6512383.00000000	0.06513321	-0.15347571	-0.66888287
6508383.00000000	-0.00097372	-0.15972360	-0.67692389
6504383.00000000	-0.06848975	-0.16618243	-0.67997177
6500383.00000000	-0.13587003	-0.17273453	-0.67757510
6496383.00000000	-0.20320364	-0.17897995	-0.66985870
6492383.00000000	-0.27141760	-0.18388797	-0.65608749
6488383.00000000	-0.33873608	-0.18679138	-0.63574097
6484383.00000000	-0.40247021	-0.18686676	-0.60908136
6480383.00000000	-0.46189465	-0.18367786	-0.57539713
6476383.00000000	-0.51636472	-0.17740182	-0.53514227
6472383.00000000	-0.56346985	-0.16797211	-0.48950327
6468383.00000000	-0.60463815	-0.15660712	-0.43893835
6464383.00000000	-0.63943240	-0.14316080	-0.38357022
6460383.00000000	-0.66700629	-0.12906061	-0.32541867
6456383.00000000	-0.68764413	-0.11516583	-0.26675189
6452383.00000000	-0.70247739	-0.10164386	-0.20556772
6448383.00000000	-0.71165414	-0.08864948	-0.14426700
6444383.00000000	-0.71553128	-0.07606528	-0.08301352
6440383.00000000	-0.71435010	-0.06325742	-0.02113290
6436383.00000000	-0.70767999	-0.04955856	0.04104510
6432383.00000000	-0.69553653	-0.03500027	0.10153995
6428383.00000000	-0.67663480	-0.01870407	0.16259451
6424383.00000000	-0.64969690	-0.00061615	0.22433374
6420383.00000000	-0.61519629	0.01839493	0.28369757
6416383.00000000	-0.57303949	0.03739215	0.34077802
6412383.00000000	-0.52263455	0.05589313	0.39579349
6408383.00000000	-0.46707178	0.07297656	0.44570819
6404383.00000000	-0.40664090	0.08827261	0.49100076
6400383.00000000	-0.34229022	0.10177191	0.53074997
6396383.00000000	-0.27738928	0.11285693	0.56389578
6392383.00000000	-0.21260339	0.12225131	0.59057590
6388383.00000000	-0.14585770	0.13072165	0.61201431
6384383.00000000	-0.08053055	0.13865448	0.62738004
6380383.00000000	-0.01597659	0.14638458	0.63759879
6376383.00000000	0.04926242	0.15433688	0.64265121
6372383.00000000	0.11500375	0.16313583	0.64257245
6368383.00000000	0.18023102	0.17191135	0.63744403
6364383.00000000	0.24703894	0.18056729	0.62666803
6360383.00000000	0.31513162	0.18808289	0.60947043
6356383.00000000	0.38111133	0.19329593	0.58616574
6352383.00000000	0.44401495	0.19518088	0.55632660
6348383.00000000	0.50405951	0.19314923	0.51888489
6344383.00000000	0.55725693	0.18777979	0.47637823
6340383.00000000	0.60270422	0.17837085	0.42845187
6336383.00000000	0.64059631	0.16600729	0.37527344
6332383.00000000	0.66983139	0.15242068	0.31948004
6328383.00000000	0.69136761	0.13863837	0.26174405
6324383.00000000	0.70726044	0.12485980	0.20068185
6320383.00000000	0.71697449	0.11166010	0.14000476
6316383.00000000	0.72219717	0.09915945	0.07979218
6312383.00000000	0.72249142	0.08630359	0.01786337
6308383.00000000	0.71747479	0.07269214	-0.04448392
6304383.00000000	0.70844205	0.05688782	-0.10510672
6300383.00000000	0.69113394	0.03924872	-0.16812628
6296383.00000000	0.66645093	0.01892386	-0.23087170
6292383.00000000	0.63427902	-0.00318539	-0.29171628
6288383.00000000	0.59440445	-0.02686246	-0.35035883
6284383.00000000	0.54649454	-0.05094086	-0.40670770
6280383.00000000	0.49275928	-0.07438940	-0.45774448
6276383.00000000	0.43364725	-0.09649121	-0.50348740
6272383.00000000	0.36993002	-0.11618900	-0.54347751
6268383.00000000	0.30413068	-0.13240219	-0.57678070
6264383.00000000	0.23827466	-0.14545099	-0.60362793
6260383.00000000	0.17056387	-0.15652493	-0.62505881
6256383.00000000	0.10330508	-0.16621631	-0.64061414
6252383.00000000	0.03812262	-0.17512268	-0.65067157
6248383.00000000	-0.02732794	-0.18429495	-0.65560364
6244383.00000000	-0.09408932	-0.19406555	-0.65550140
6240383.00000000	-0.16050662	-0.20403116	-0.65033759
6236383.00000000	-0.22869214	-0.21366000	-0.63927243
6232383.00000000	-0.29746548	-0.22178885	-0.62235318
6228383.00000000	-0.36558066	-0.22716278	-0.59899936
6224383.00000000	-0.43149930	-0.22857175	-0.56912454
6220383.00000000	-0.49418863	-0.22533685	-0.53222260
6216383.00000000	-0.55090302	-0.21739655	-0.48948517
6212383.00000000	-0.59975867	-0.20548801	-0.44251401
6208383.00000000	-0.64147305	-0.19016617	-0.39037189
6204383.00000000	-0.67459808	-0.17296301	-0.33502676
6200383.00000000	-0.69920010	-0.15565808	-0.27816681
6196383.00000000	-0.71703348	-0.13866312	-0.21884366
6192383.00000000	-0.72848059	-0.12290323	-0.15921774
6188383.00000000	-0.73415274	-0.10825705	-0.10027203
6184383.00000000	-0.73488040	-0.09379022	-0.04019058
6180383.00000000	-0.73032962	-0.07878528	0.02138608
6176383.00000000	-0.72026743	-0.06285498	0.08239404
6172383.00000000	-0.70362708	-0.04500327	0.14448199
6168383.00000000	-0.67933716	-0.02488962	0.20752899
6164383.00000000	-0.64729135	-0.00346585	0.26928986
6160383.00000000	-0.60819019	0.01838077	0.32850058
6156383.00000000	-0.56140640	0.04046231	0.38627017
6152383.00000000	-0.50931757	0.06178979	0.43955411
6148383.00000000	-0.45369547	0.08181046	0.48707028
6144383.00000000	-0.39320837	0.10090863	0.53017728
6140383.00000000	-0.32893924	0.11829376	0.56785117
6136383.00000000	-0.26433209	0.13305817	0.59882095
6132383.00000000	-0.19795676	0.14592911	0.62426151
6128383.00000000	-0.13226910	0.15718301	0.64371857
6124383.00000000	-0.06915268	0.16730072	0.65753549
6120383.00000000	-0.00470230	0.17704349	0.66669147
6116383.00000000	0.06063660	0.18755594	0.67055362
6112383.00000000	0.12513486	0.19903918	0.66930713
6108383.00000000	0.19098398	0.21096909	0.66261816
6104383.00000000	0.25807382	0.22227927	0.64965967
6100383.00000000	0.32475296	0.23191080	0.63019022
6096383.00000000	0.39104568	0.24106433	0.60413483
6092383.00000000	0.45368793	0.24329797	0.57077292
6088383.00000000	0.50991251	0.23864453	0.53042352
6084383.00000000	0.55933261	0.22918445	0.48472827
6080383.00000000	0.60276398	0.21454803	0.43248840
6076383.00000000	0.63828180	0.19868436	0.37847162
6072383.00000000	0.66578543	0.18102844	0.32172168
6068383.00000000	0.68611685	0.16306207	0.26290692
6064383.00000000	0.69977512	0.14571228	0.20323993
6060383.00000000	0.70772092	0.12943646	0.14449991
6056383.00000000	0.71076715	0.11331793	0.08391968
6052383.00000000	0.70884058	0.09682190	0.02220038
6048383.00000000	0.70185754	0.07961288	-0.03863812
6044383.00000000	0.68906192	0.06027771	-0.10045508
6040383.00000000	0.66971451	0.03857248	-0.16228842
6036383.00000000	0.64320584	0.01429813	-0.22265762
6032383.00000000	0.60821036	-0.01177591	-0.28244012
6028383.00000000	0.56396173	-0.03930447	-0.34105023
6024383.00000000	0.51325015	-0.06567526	-0.39490924
6020383.00000000	0.45645538	-0.09039252	-0.44420758
6016383.00000000	0.39314844	-0.11289877	-0.48967505
6012383.00000000	0.32732852	-0.13147528	-0.52879150
6008383.00000000	0.26101663	-0.14629614	-0.56150415
6004383.00000000	0.19428131	-0.15810812	-0.58829153
6000383.00000000	0.12787195	-0.16821408	-0.60931421
5996383.00000000	0.06310223	-0.17728418	-0.62457581
5992383.00000000	-0.00183759	-0.18623428	-0.63508185
5988383.00000000	-0.06718387	-0.19605688	-0.64031580
5984383.00000000	-0.13192981	-0.20598489	-0.64065277
5980383.00000000	-0.19742432	-0.21560443	-0.63595401
5976383.00000000	-0.26419037	-0.22473822	-0.62549582
5972383.00000000	-0.33027335	-0.23189407	-0.60909161
5968383.00000000	-0.39388992	-0.23463452	-0.58656564
5964383.00000000	-0.45471848	-0.23372324	-0.55769788
5960383.00000000	-0.51057126	-0.22850015	-0.52269907
5956383.00000000	-0.56007227	-0.21942151	-0.48219919
5952383.00000000	-0.60389566	-0.20668829	-0.43594388
5948383.00000000	-0.63959930	-0.19109808	-0.38542856
5944383.00000000	-0.66744171	-0.17410681	-0.33185788
5940383.00000000	-0.68799551	-0.15658551	-0.27583490
5936383.00000000	-0.70248703	-0.13932544	-0.21775034
5932383.00000000	-0.71113498	-0.12289951	-0.15990936
5928383.00000000	-0.71484482	-0.10672971	-0.10059839
5924383.00000000	-0.71373541	-0.09035324	-0.04092276
5920383.00000000	-0.70771613	-0.07333182	0.01831412
5916383.00000000	-0.69595865	-0.05449783	0.07822531
5912383.00000000	-0.67720322	-0.03261264	0.14032974
5908383.00000000	-0.65097473	-0.00850626	0.20131818
5904383.00000000	-0.61648215	0.01750909	0.26138257
5900383.00000000	-0.57262613	0.04450281	0.32121631
5896383.00000000	-0.52131567	0.07070203	0.37793936
5892383.00000000	-0.46369705	0.09467371	0.43099408
5888383.00000000	-0.40122372	0.11576703	0.47958386
5884383.00000000	-0.33572528	0.13326239	0.52259589
5880383.00000000	-0.27095615	0.14728839	0.55832867
5876383.00000000	-0.20506775	0.15877866	0.58842126
5872383.00000000	-0.13990308	0.16836337	0.61225177
5868383.00000000	-0.07689578	0.17664905	0.63031863
5864383.00000000	-0.01404675	0.18492996	0.64314227
5860383.00000000	0.04988791	0.19364984	0.65118417
5856383.00000000	0.11297345	0.20262796	0.65436783
5852383.00000000	0.17721725	0.21174283	0.65256296
5848383.00000000	0.24376123	0.22056323	0.64514890
5844383.00000000	0.30960455	0.22725275	0.63193631
5840383.00000000	0.37316333	0.23075925	0.61271451
5836383.00000000	0.43576590	0.22977997	0.58641867
5832383.00000000	0.49297708	0.22535794	0.55412057
5828383.00000000	0.54449133	0.21753748	0.51619461
5824383.00000000	0.59036179	0.20638510	0.47236636
5820383.00000000	0.62896991	0.19232507	0.42381598
5816383.00000000	0.65934546	0.17647757	0.37183182
5812383.00000000	0.68273956	0.15966681	0.31626007
5808383.00000000	0.69933405	0.14307822	0.25875403
5804383.00000000	0.70972360	0.12752194	0.20119034
5800383.00000000	0.71503580	0.11243079	0.14198077
5796383.00000000	0.71531866	0.09754614	0.08165170
5792383.00000000	0.71043842	0.08232330	0.02131546
5788383.00000000	0.70025546	0.06586673	-0.03999954
5784383.00000000	0.68375616	0.04751376	-0.10175571
5780383.00000000	0.66031528	0.02674500	-0.16356174
5776383.00000000	0.62853717	0.00368765	-0.22576587
5772383.00000000	0.58764972	-0.02138760	-0.28793845
5768383.00000000	0.53855026	-0.04639532	-0.34789243
5764383.00000000	0.48352222	-0.06970728	-0.40387366
5760383.00000000	0.42081760	-0.09181119	-0.45771606
5756383.00000000	0.35512094	-0.11099588	-0.50571494
5752383.00000000	0.28792871	-0.12725806	-0.54744846
5748383.00000000	0.21992581	-0.14119748	-0.58265512
5744383.00000000	0.15205023	-0.15334293	-0.61162265
5740383.00000000	0.08570819	-0.16428674	-0.63382861
5736383.00000000	0.01945413	-0.17486362	-0.65046326
5732383.00000000	-0.04698276	-0.18562433	-0.66159839
5728383.00000000	-0.11254489	-0.19653546	-0.66760645
5724383.00000000	-0.17811288	-0.20754587	-0.66864172
5720383.00000000	-0.24558713	-0.21841626	-0.66451678
5716383.00000000	-0.31288971	-0.22799896	-0.65443857
5712383.00000000	-0.37825699	-0.23500644	-0.63831149
5708383.00000000	-0.44148810	-0.23869424	-0.61536359
5704383.00000000	-0.50004108	-0.23821533	-0.58540094
5700383.00000000	-0.55211600	-0.23365912	-0.54928735
5696383.00000000	-0.59847064	-0.22481842	-0.50565448
5692383.00000000	-0.63681430	-0.21247488	-0.45684174
5688383.00000000	-0.66647046	-0.19801773	-0.40512921
5684383.00000000	-0.68949496	-0.18190869	-0.34845575
5680383.00000000	-0.70523392	-0.16558353	-0.29038669
5676383.00000000	-0.71543524	-0.14996179	-0.23263956
5672383.00000000	-0.72065359	-0.13429108	-0.17229739
5668383.00000000	-0.72108597	-0.11900287	-0.11237457
5664383.00000000	-0.71720419	-0.10335065	-0.05266580
5660383.00000000	-0.70816437	-0.08637146	0.00881558
5656383.00000000	-0.69366418	-0.06713135	0.07126709
5652383.00000000	-0.67276630	-0.04582730	0.13340796
5648383.00000000	-0.64515970	-0.02163196	0.19472916
5644383.00000000	-0.60793076	0.00550601	0.25820331
5640383.00000000	-0.56308405	0.03298236	0.31953802
5636383.00000000	-0.51128418	0.06020206	0.37778220
5632383.00000000	-0.45271658	0.08734637	0.43297925
5628383.00000000	-0.38967279	0.11260870	0.48251132
5624383.00000000	-0.32611090	0.13327707	0.52470416
5620383.00000000	-0.25854175	0.15206015	0.56150208
5616383.00000000	-0.19076773	0.16679630	0.59215976
5612383.00000000	-0.12487064	0.17864682	0.61632065
5608383.00000000	-0.06041083	0.18886893	0.63452206
5604383.00000000	0.00389716	0.19905438	0.64732593
5600383.00000000	0.06745880	0.21027930	0.65448065
5596383.00000000	0.13089084	0.22098410	0.65698758
5592383.00000000	0.19559744	0.23169186	0.65424286
5588383.00000000	0.25982727	0.24110590	0.64566278
5584383.00000000	0.32336002	0.24895361	0.63096259
5580383.00000000	0.38762668	0.25441284	0.60896927
5576383.00000000	0.44797574	0.25531790	0.58048880
5572383.00000000	0.50315381	0.25161569	0.54615131
5568383.00000000	0.55421161	0.24323584	0.50526633
5564383.00000000	0.59983292	0.23039838	0.45887491
5560383.00000000	0.63715482	0.21383752	0.40909836
5556383.00000000	0.66744980	0.19473645	0.35481900
5552383.00000000	0.69002545	0.17530597	0.29845029
5548383.00000000	0.70569989	0.15677667	0.24171841
5544383.00000000	0.71567960	0.13901706	0.18324655
5540383.00000000	0.72052124	0.12171503	0.12351285
5536383.00000000	0.72053528	0.10466522	0.06409232
5532383.00000000	0.71544702	0.08664801	0.00397089
5528383.00000000	0.70440488	0.06647693	-0.05775806
5524383.00000000	0.68672723	0.04379883	-0.11927219
5520383.00000000	0.66171298	0.01859744	-0.17954010
5516383.00000000	0.62674316	-0.00975534	-0.24115253
5512383.00000000	0.58279141	-0.03857797	-0.30036389
5508383.00000000	0.53058502	-0.06616626	-0.35695685
5504383.00000000	0.47023788	-0.09185181	-0.41121603
5500383.00000000	0.40483606	-0.11449500	-0.46065411
5496383.00000000	0.33815701	-0.13282651	-0.50370105
5492383.00000000	0.26875806	-0.14782846	-0.54168854
5488383.00000000	0.19918320	-0.16017749	-0.57363501
5484383.00000000	0.13215002	-0.17059561	-0.59838297
5480383.00000000	0.06491681	-0.18093457	-0.61761374
5476383.00000000	-0.00266080	-0.19125131	-0.63162466
5472383.00000000	-0.06881372	-0.20173157	-0.64043420
5468383.00000000	-0.13540469	-0.21276779	-0.64437497
5464383.00000000	-0.20440622	-0.22427936	-0.64313293
5460383.00000000	-0.27309088	-0.23454688	-0.63620099
5456383.00000000	-0.34081949	-0.24282553	-0.62339944
5452383.00000000	-0.40857120	-0.24763092	-0.60337347
5448383.00000000	-0.47166391	-0.24779251	-0.57649652
5444383.00000000	-0.52789682	-0.24340622	-0.54350092
5440383.00000000	-0.57982581	-0.23441827	-0.50186356
5436383.00000000	-0.62286731	-0.22188950	-0.45459494
5432383.00000000	-0.65688654	-0.20721060	-0.40398914
5428383.00000000	-0.68376898	-0.19069348	-0.34840512
5424383.00000000	-0.70342963	-0.17365451	-0.28984921
5420383.00000000	-0.71658267	-0.15721072	-0.23111099
5416383.00000000	-0.72475879	-0.14114899	-0.17126474
5412383.00000000	-0.72816104	-0.12527216	-0.10988144
5408383.00000000	-0.72686691	-0.10950299	-0.04930444
5404383.00000000	-0.72070084	-0.09267953	0.01186118
5400383.00000000	-0.70845755	-0.07360068	0.07545560
5396383.00000000	-0.68992087	-0.05240536	0.13842526
5392383.00000000	-0.66390820	-0.02900360	0.20122607
5388383.00000000	-0.62877530	-0.00280597	0.26532181
5384383.00000000	-0.58535541	0.02441547	0.32752072
5380383.00000000	-0.53540625	0.05081476	0.38591357
5376383.00000000	-0.47719040	0.07655167	0.44227692
5372383.00000000	-0.41321484	0.10017169	0.49412164
5368383.00000000	-0.34787488	0.12019806	0.53866629
5364383.00000000	-0.27976971	0.13732950	0.57746674
5360383.00000000	-0.21105960	0.15164328	0.60982324
5356383.00000000	-0.14502197	0.16355252	0.63477264
5352383.00000000	-0.07932611	0.17466876	0.65391571
5348383.00000000	-0.01323102	0.18542953	0.66782471
5344383.00000000	0.05101111	0.19621127	0.67626151
5340383.00000000	0.11530682	0.20756866	0.67981287
5336383.00000000	0.18223438	0.21955081	0.67842056
5332383.00000000	0.24796637	0.23087799	0.67145071
5328383.00000000	0.31241367	0.24076312	0.65897818
5324383.00000000	0.37762308	0.24866000	0.63945248
5320383.00000000	0.43815787	0.25304254	0.61349039
5316383.00000000	0.49376453	0.25399930	0.58093536
5312383.00000000	0.54632819	0.25106903	0.54044022
5308383.00000000	0.59264111	0.24381400	0.49378983
5304383.00000000	0.63043658	0.23252994	0.44387683
5300383.00000000	0.66150043	0.21774008	0.38840598
5296383.00000000	0.68509570	0.20113547	0.32956519
5292383.00000000	0.70129520	0.18474020	0.27105316
5288383.00000000	0.71176883	0.16847806	0.21121793
5284383.00000000	0.71742905	0.15226257	0.14936948
5280383.00000000	0.71828314	0.13645026	0.08850226
5276383.00000000	0.71472876	0.11978949	0.02742413
5272383.00000000	0.70579849	0.10098004	-0.03670883
5268383.00000000	0.69202777	0.07932336	-0.09934180
5264383.00000000	0.67245328	0.05391132	-0.16100412
5260383.00000000	0.64309979	0.02375635	-0.22566968
5256383.00000000	0.60443134	-0.00990628	-0.28908292
5252383.00000000	0.55779648	-0.04466620	-0.34829459
5248383.00000000	0.50091174	-0.07989764	-0.40606219
5244383.00000000	0.43664819	-0.11281705	-0.45889569
5240383.00000000	0.36854117	-0.13984637	-0.50542719
5236383.00000000	0.29634253	-0.16147556	-0.54674612
5232383.00000000	0.22322708	-0.17843826	-0.58114481
5228383.00000000	0.15318423	-0.19086908	-0.60820477
5224383.00000000	0.08521375	-0.20127469	-0.62900085
5220383.00000000	0.01699249	-0.21124918	-0.64448489
5216383.00000000	-0.04910300	-0.22148523	-0.65412201
5212383.00000000	-0.11420532	-0.23170596	-0.65887054
5208383.00000000	-0.18133865	-0.24291800	-0.65851947
5204383.00000000	-0.24837939	-0.25412485	-0.65262268
5200383.00000000	-0.31444287	-0.26391400	-0.64141537
5196383.00000000	-0.38233865	-0.27157941	-0.62353799
5192383.00000000	-0.44773178	-0.27498764	-0.59931430
5188383.00000000	-0.50835110	-0.27331778	-0.56915057
5184383.00000000	-0.56507593	-0.26615698	-0.53188940
5180383.00000000	-0.61497574	-0.25376474	-0.48871124
5176383.00000000	-0.65643912	-0.23789377	-0.44216956
5172383.00000000	-0.68951221	-0.21827289	-0.39051550
5168383.00000000	-0.71411130	-0.19719775	-0.33480069
5164383.00000000	-0.73056348	-0.17732956	-0.27918683
5160383.00000000	-0.74111761	-0.15837378	-0.22172586
5156383.00000000	-0.74644846	-0.13981482	-0.16186407
5152383.00000000	-0.74709586	-0.12216998	-0.10304971
5148383.00000000	-0.74302188	-0.10416522	-0.04423672
5144383.00000000	-0.73375711	-0.08414191	0.01660114
5140383.00000000	-0.71853500	-0.06165076	0.07733197
5136383.00000000	-0.69671957	-0.03638992	0.13656415
5132383.00000000	-0.66523547	-0.00624509	0.19800858
5128383.00000000	-0.62372452	0.02620395	0.25807510
5124383.00000000	-0.57390283	0.05750180	0.31460483
5120383.00000000	-0.51309903	0.08810419	0.37100244
5116383.00000000	-0.44507043	0.11512955	0.42410468
5112383.00000000	-0.37509238	0.13692474	0.47109708
5108383.00000000	-0.30150839	0.15499475	0.51368237
5104383.00000000	-0.22825381	0.16896210	0.55017920
5100383.00000000	-0.15905377	0.17976556	0.57915735
5096383.00000000	-0.09107721	0.18924261	0.60238925
5092383.00000000	-0.02334454	0.19834247	0.62036682
5088383.00000000	0.04216895	0.20752969	0.63297449
5084383.00000000	0.10718784	0.21740503	0.64075580
5080383.00000000	0.17468118	0.22824524	0.64383136
5076383.00000000	0.24187238	0.23917871	0.64200189
5072383.00000000	0.30918939	0.24834265	0.63526532
5068383.00000000	0.37790091	0.25496234	0.62239380
5064383.00000000	0.44347003	0.25748560	0.60329318
5060383.00000000	0.50395032	0.25528568	0.57718167
5056383.00000000	0.55932034	0.24831552	0.54330521
5052383.00000000	0.60723813	0.23677994	0.50241147
5048383.00000000	0.64594101	0.22172272	0.45676932
5044383.00000000	0.67687534	0.20358472	0.40500253
5040383.00000000	0.69947992	0.18438971	0.34935397
5036383.00000000	0.71461282	0.16592343	0.29278583
5032383.00000000	0.72435605	0.14804370	0.23377649
5028383.00000000	0.72932401	0.13085287	0.17356302
5024383.00000000	0.73005734	0.11445325	0.11423654
5020383.00000000	0.72664368	0.09750763	0.05385596
5016383.00000000	0.71845279	0.07860236	-0.00896411
5012383.00000000	0.70496167	0.05741080	-0.07143927
5008383.00000000	0.68477020	0.03273785	-0.13455627
5004383.00000000	0.65582263	0.00398401	-0.19907172
5000383.00000000	0.61755038	-0.02718399	-0.26260547
4996383.00000000	0.56986908	-0.05872058	-0.32414413
4992383.00000000	0.51231387	-0.08955237	-0.38457947
4988383.00000000	0.44897968	-0.11673169	-0.43996713
4984383.00000000	0.38321301	-0.13936517	-0.48875735
4980383.00000000	0.31343628	-0.15869952	-0.53255167
4976383.00000000	0.24306473	-0.17339804	-0.56976208
4972383.00000000	0.17639227	-0.18475583	-0.59876169
4968383.00000000	0.10905426	-0.19503381	-0.62203326
4964383.00000000	0.04255823	-0.20500644	-0.63920493
4960383.00000000	-0.02226599	-0.21509854	-0.65055923
4956383.00000000	-0.08664859	-0.22567044	-0.65668948
4952383.00000000	-0.15377533	-0.23696783	-0.65794388
4948383.00000000	-0.22074142	-0.24801791	-0.65392279
4944383.00000000	-0.28917087	-0.25773727	-0.64451611
4940383.00000000	-0.35913873	-0.26422922	-0.62900735
4936383.00000000	-0.42699557	-0.26597278	-0.60735690
4932383.00000000	-0.48981863	-0.26232501	-0.58003821
4928383.00000000	-0.54903516	-0.25379211	-0.54606802
4924383.00000000	-0.60082718	-0.24130246	-0.50691077
4920383.00000000	-0.64449524	-0.22554572	-0.46359323
4916383.00000000	-0.68089880	-0.20660779	-0.41475928
4912383.00000000	-0.70880093	-0.18639499	-0.36209189
4908383.00000000	-0.72806775	-0.16710593	-0.30837878
4904383.00000000	-0.74153400	-0.14837289	-0.25170932
4900383.00000000	-0.74978546	-0.13060864	-0.19330621
4896383.00000000	-0.75322354	-0.11386105	-0.13550323
4892383.00000000	-0.75271176	-0.09699063	-0.07667480
4888383.00000000	-0.74765173	-0.07856613	-0.01570715
4884383.00000000	-0.73722302	-0.05824075	0.04490485
4880383.00000000	-0.72051950	-0.03501065	0.10574576
4876383.00000000	-0.69487616	-0.00758688	0.16885931
4872383.00000000	-0.65961795	0.02217673	0.23111371
4868383.00000000	-0.61515466	0.05219675	0.29133597
4864383.00000000	-0.55973697	0.08188217	0.35158301
4860383.00000000	-0.49676147	0.10835547	0.40890323
4856383.00000000	-0.43041467	0.13058395	0.46036816
4852383.00000000	-0.35988290	0.14926917	0.50750528
4848383.00000000	-0.28897046	0.16422278	0.54792575
4844383.00000000	-0.22024158	0.17655392	0.58051187
4840383.00000000	-0.15203348	0.18735846	0.60668536
4836383.00000000	-0.08444464	0.19736432	0.62668137
4832383.00000000	-0.01941916	0.20722360	0.64020615
4828383.00000000	0.04593344	0.21776257	0.64823151
4824383.00000000	0.11322479	0.22887161	0.65134766
4820383.00000000	0.18058884	0.24003647	0.64889206
4816383.00000000	0.24831403	0.25005692	0.64116806
4812383.00000000	0.31812201	0.25845016	0.62671439
4808383.00000000	0.38601355	0.26345493	0.60569617
4804383.00000000	0.44946191	0.26396814	0.57796451
4800383.00000000	0.50924380	0.26026663	0.54264404
4796383.00000000	0.56284619	0.25283200	0.50103589
4792383.00000000	0.60851514	0.24155573	0.45516574
4788383.00000000	0.64826468	0.22598523	0.40294528
4784383.00000000	0.67885788	0.20783734	0.34787701
4780383.00000000	0.70067886	0.18858426	0.29166367
4776383.00000000	0.71577292	0.16885086	0.23186490
4772383.00000000	0.72538022	0.14996198	0.17105957
4768383.00000000	0.72917297	0.13208661	0.11130878
4764383.00000000	0.72876514	0.11398914	0.05050937
4760383.00000000	0.72316492	0.09455893	-0.01224097
4756383.00000000	0.71209830	0.07361884	-0.07454651
4752383.00000000	0.69461768	0.04991003	-0.13701242
4748383.00000000	0.66860535	0.02227991	-0.20152139
4744383.00000000	0.63376450	-0.00764697	-0.26457953
4740383.00000000	0.58974197	-0.03868649	-0.32590302
4736383.00000000	0.53591400	-0.06960251	-0.38610089
4732383.00000000	0.47468970	-0.09831226	-0.44256949
4728383.00000000	0.40957108	-0.12305960	-0.49327524
4724383.00000000	0.33962796	-0.14438434	-0.53935889
4720383.00000000	0.26872925	-0.16158209	-0.57869839
4716383.00000000	0.20008417	-0.17501169	-0.61016333
4712383.00000000	0.13117786	-0.18651880	-0.63582947
4708383.00000000	0.06246600	-0.19697357	-0.65552853
4704383.00000000	-0.00406207	-0.20677728	-0.66919305
4700383.00000000	-0.07083228	-0.21689258	-0.67772900
4696383.00000000	-0.14015118	-0.22782181	-0.68159793
4692383.00000000	-0.20830795	-0.23857904	-0.68022067
4688383.00000000	-0.27760147	-0.24858371	-0.67379388
4684383.00000000	-0.34951410	-0.25685583	-0.66124603
4680383.00000000	-0.41873633	-0.26129514	-0.64257495
4676383.00000000	-0.48449805	-0.26091412	-0.61704968
4672383.00000000	-0.54676596	-0.25489035	-0.58300153
4668383.00000000	-0.60023566	-0.24382190	-0.54246866
4664383.00000000	-0.64363562	-0.22899637	-0.49667572
4660383.00000000	-0.67970038	-0.21076193	-0.44413361
4656383.00000000	-0.70692740	-0.19109378	-0.38770605
4652383.00000000	-0.72578674	-0.17217053	-0.33116437
4648383.00000000	-0.73927530	-0.15314523	-0.27120303
4644383.00000000	-0.74744662	-0.13485941	-0.21089240
4640383.00000000	-0.75094388	-0.11760669	-0.15249915
4636383.00000000	-0.75008939	-0.09946182	-0.09182416
4632383.00000000	-0.74435199	-0.08000568	-0.03034152
4628383.00000000	-0.73327008	-0.05885608	0.02997574
4624383.00000000	-0.71578387	-0.03502448	0.09025748
4620383.00000000	-0.68953311	-0.00746027	0.15264169
4616383.00000000	-0.65491876	0.02187506	0.21287692
4612383.00000000	-0.61126282	0.05245847	0.27152731
4608383.00000000	-0.55802164	0.08291464	0.32902252
4604383.00000000	-0.49844977	0.11037753	0.38227039
4600383.00000000	-0.43433765	0.13593118	0.42999258
4596383.00000000	-0.36445245	0.15607138	0.47506448
4592383.00000000	-0.29452747	0.17167728	0.51367542
4588383.00000000	-0.22720642	0.18424924	0.54480878
4584383.00000000	-0.15957202	0.19509253	0.57059665
4580383.00000000	-0.09349905	0.20570163	0.58996429
4576383.00000000	-0.03027310	0.21505017	0.60403302
4572383.00000000	0.03349744	0.22509821	0.61325751
4568383.00000000	0.09902472	0.23568848	0.61803745
4564383.00000000	0.16373996	0.24566281	0.61823685
4560383.00000000	0.22892068	0.25501602	0.61377533
4556383.00000000	0.29629346	0.26284491	0.60375830
4552383.00000000	0.36195651	0.26719244	0.58814383
4548383.00000000	0.42368137	0.26783273	0.56666525
4544383.00000000	0.48273312	0.26480560	0.53800098
4540383.00000000	0.53656021	0.25846759	0.50295044
4536383.00000000	0.58376248	0.24822510	0.46312372
4532383.00000000	0.62588574	0.23371652	0.41685562
4528383.00000000	0.66045447	0.21622919	0.36623071
4524383.00000000	0.68623798	0.19779926	0.31385989
4520383.00000000	0.70554474	0.17887027	0.25788281
4516383.00000000	0.71898260	0.16034988	0.19953094
4512383.00000000	0.72706543	0.14318219	0.14169556
4508383.00000000	0.73069681	0.12637439	0.08312296
4504383.00000000	0.73025949	0.10865652	0.02269482
4500383.00000000	0.72536810	0.08991705	-0.03685605
4496383.00000000	0.71548987	0.06869019	-0.09718195
4492383.00000000	0.69866367	0.04331387	-0.15979260
4488383.00000000	0.67432901	0.01419739	-0.22158942
4484383.00000000	0.64186966	-0.01814273	-0.28152518
4480383.00000000	0.59858069	-0.05348184	-0.34202829
4476383.00000000	0.54536276	-0.08905948	-0.40046732
4472383.00000000	0.48641241	-0.12128949	-0.45274561
4468383.00000000	0.42037073	-0.15047745	-0.50129736
4464383.00000000	0.35042978	-0.17463889	-0.54400269
4460383.00000000	0.28099918	-0.19361456	-0.57909637
4456383.00000000	0.21101157	-0.20877530	-0.60829099
4452383.00000000	0.14107562	-0.22097708	-0.63188739
4448383.00000000	0.07383041	-0.23146518	-0.64916168
4444383.00000000	0.00849356	-0.24213821	-0.66072375
4440383.00000000	-0.05838376	-0.25387476	-0.66741934
4436383.00000000	-0.12507159	-0.26625601	-0.66888770
4432383.00000000	-0.19148599	-0.27853809	-0.66528778
4428383.00000000	-0.26250659	-0.29070270	-0.65578616
4424383.00000000	-0.33395584	-0.29980048	-0.64020978
4420383.00000000	-0.40314633	-0.30422806	-0.61880560
4416383.00000000	-0.47211258	-0.30242856	-0.58968155
4412383.00000000	-0.53488589	-0.29404074	-0.55438773
4408383.00000000	-0.58936139	-0.28012222	-0.51375616
4404383.00000000	-0.63706702	-0.26066299	-0.46650317
4400383.00000000	-0.67555185	-0.23744135	-0.41369495
4396383.00000000	-0.70372223	-0.21369351	-0.35915015
4392383.00000000	-0.72414322	-0.18972903	-0.30109729
4388383.00000000	-0.73760416	-0.16723276	-0.24146927
4384383.00000000	-0.74527991	-0.14690625	-0.18264703
4380383.00000000	-0.74837183	-0.12730066	-0.12289224
4376383.00000000	-0.74686951	-0.10750626	-0.06150415
4372383.00000000	-0.74080896	-0.08761157	-0.00187192
4368383.00000000	-0.72978311	-0.06617239	0.05782324
4364383.00000000	-0.71231223	-0.04117010	0.11947107
4360383.00000000	-0.68716824	-0.01327576	0.18108060
4356383.00000000	-0.65412268	0.01606067	0.24103528
4352383.00000000	-0.61113214	0.04713599	0.30141086
4348383.00000000	-0.55957825	0.07755637	0.35983636
4344383.00000000	-0.50346945	0.10574823	0.41241757
4340383.00000000	-0.44086365	0.13174152	0.46145691
4336383.00000000	-0.37217490	0.15476517	0.50641495
4332383.00000000	-0.30340399	0.17283978	0.54395306
4328383.00000000	-0.23432901	0.18708423	0.57521426
4324383.00000000	-0.16539822	0.19864621	0.60058792
4320383.00000000	-0.09897110	0.20845480	0.61982870
4316383.00000000	-0.03335876	0.21796338	0.63372092
4312383.00000000	0.03408365	0.22791312	0.64286926
4308383.00000000	0.10028870	0.23766171	0.64664474
4304383.00000000	0.16659958	0.24785721	0.64558902
4300383.00000000	0.23655701	0.25785541	0.63895618
4296383.00000000	0.30792288	0.26593253	0.62642618
4292383.00000000	0.37793155	0.27019388	0.60791888
4288383.00000000	0.44584412	0.26897296	0.58296210
4284383.00000000	0.50994794	0.26179123	0.55130444
4280383.00000000	0.56510202	0.24957849	0.51467856
4276383.00000000	0.61324203	0.23285040	0.47199689
4272383.00000000	0.65314966	0.21264978	0.42301138
4268383.00000000	0.68275809	0.19179620	0.37137579
4264383.00000000	0.70440308	0.17103061	0.31706903
4260383.00000000	0.71962985	0.15041452	0.25903329
4256383.00000000	0.72885526	0.13136716	0.20109271
4252383.00000000	0.73336188	0.11310156	0.14268610
4248383.00000000	0.73310959	0.09427316	0.08122729
4244383.00000000	0.72795959	0.07533243	0.02028104
4240383.00000000	0.71730719	0.05485559	-0.04159033
4236383.00000000	0.69988550	0.03201517	-0.10461456
4232383.00000000	0.67523828	0.00648318	-0.16721698
4228383.00000000	0.64189020	-0.01954602	-0.22932629
4224383.00000000	0.59876004	-0.04636057	-0.29162363
4220383.00000000	0.54773917	-0.07338275	-0.35189987
4216383.00000000	0.49208618	-0.09893631	-0.40675616
4212383.00000000	0.43060815	-0.12197241	-0.45809656
4208383.00000000	0.36368317	-0.14369080	-0.50453314
4204383.00000000	0.29628546	-0.16488272	-0.54174292
4200383.00000000	0.22724042	-0.18201489	-0.57303687
4196383.00000000	0.15647058	-0.19671432	-0.59872583
4192383.00000000	0.08734393	-0.20682578	-0.61921149
4188383.00000000	0.01992175	-0.21575592	-0.63388742
4184383.00000000	-0.04849625	-0.22563406	-0.64301114
4180383.00000000	-0.11647894	-0.23604562	-0.64698959
4176383.00000000	-0.18397571	-0.24667346	-0.64570688
4172383.00000000	-0.25462799	-0.25690561	-0.63914044
4168383.00000000	-0.32602554	-0.26536987	-0.62720691
4164383.00000000	-0.39588681	-0.27012381	-0.60965479
4160383.00000000	-0.46615250	-0.26972568	-0.58534695
4156383.00000000	-0.53350983	-0.26317859	-0.55390262
4152383.00000000	-0.59240204	-0.25093729	-0.51716025
4148383.00000000	-0.64437988	-0.23325659	-0.47355676
4144383.00000000	-0.68762848	-0.21103897	-0.42370322
4140383.00000000	-0.72024121	-0.18723749	-0.37030383
4136383.00000000	-0.74385263	-0.16349380	-0.31401590
4132383.00000000	-0.76036371	-0.14044037	-0.25437936
4128383.00000000	-0.77058435	-0.11932651	-0.19493594
4124383.00000000	-0.77577026	-0.09930234	-0.13589859
4120383.00000000	-0.77668738	-0.07855869	-0.07441116
4116383.00000000	-0.77292270	-0.05696472	-0.01326538
4112383.00000000	-0.76398651	-0.03346802	0.04685300
4108383.00000000	-0.74817517	-0.00598840	0.10886414
4104383.00000000	-0.72364478	0.02542999	0.17109500
4100383.00000000	-0.68939447	0.05909824	0.23161221
4096383.00000000	-0.64326089	0.09359064	0.29226010
4092383.00000000	-0.58575305	0.12643399	0.35202405
4088383.00000000	-0.52194693	0.15436130	0.40705637
4084383.00000000	-0.45170093	0.17796014	0.45837375
4080383.00000000	-0.37921570	0.19630933	0.50372385
4076383.00000000	-0.30685861	0.20982675	0.54232135
4072383.00000000	-0.23557678	0.21966788	0.57450186
4068383.00000000	-0.16527039	0.22729791	0.60022491
4064383.00000000	-0.09816788	0.23380518	0.61958279
4060383.00000000	-0.03238721	0.24042657	0.63325565
4056383.00000000	0.03432077	0.24782526	0.64193658
4052383.00000000	0.10092072	0.25583246	0.64518222
4048383.00000000	0.16746832	0.26401041	0.64331052
4044383.00000000	0.23649796	0.27168707	0.63578995
4040383.00000000	0.30603839	0.27718942	0.62224719
4036383.00000000	0.37276328	0.27893686	0.60285846
4032383.00000000	0.43742044	0.27632608	0.57652966
4028383.00000000	0.49776462	0.26964651	0.54329996
4024383.00000000	0.55230347	0.26016815	0.50478516
4020383.00000000	0.60224194	0.24709299	0.46090747
4016383.00000000	0.64681802	0.22872531	0.41177405
4012383.00000000	0.68272278	0.20721881	0.36036279
4008383.00000000	0.71065701	0.18411383	0.30655844
4004383.00000000	0.73132758	0.16129755	0.25019202
4000383.00000000	0.74582736	0.14024127	0.19381491
3996383.00000000	0.75542899	0.11995706	0.13689941
3992383.00000000	0.76024890	0.09947717	0.07835291
3988383.00000000	0.76015997	0.07883423	0.02023532
3984383.00000000	0.75574319	0.05725317	-0.03617700
3980383.00000000	0.74660916	0.03272787	-0.09326855
3976383.00000000	0.73117303	0.00435040	-0.15021582
3972383.00000000	0.70767908	-0.02692023	-0.20644409
3968383.00000000	0.67362851	-0.06185916	-0.26294507
3964383.00000000	0.62976489	-0.09718515	-0.31689343
3960383.00000000	0.57702444	-0.12958859	-0.36754358
3956383.00000000	0.51509625	-0.15885986	-0.41648187
3952383.00000000	0.44533218	-0.18446500	-0.46266428
3948383.00000000	0.37367953	-0.20409103	-0.50304697
3944383.00000000	0.30005215	-0.21804810	-0.53908643
3940383.00000000	0.22767114	-0.22722406	-0.56960638
3936383.00000000	0.15894870	-0.23355026	-0.59392050
3932383.00000000	0.09221115	-0.23898337	-0.61261215
3928383.00000000	0.02538324	-0.24460352	-0.62668054
3924383.00000000	-0.03924301	-0.25202811	-0.63503979
3920383.00000000	-0.10381711	-0.25954922	-0.63888718
3916383.00000000	-0.17178839	-0.26756607	-0.63818295
3912383.00000000	-0.23946359	-0.27279028	-0.63229486
3908383.00000000	-0.30572043	-0.27508005	-0.62096207
3904383.00000000	-0.37522156	-0.27841559	-0.60249994
3900383.00000000	-0.44161285	-0.27702921	-0.57755988
3896383.00000000	-0.50328571	-0.27316357	-0.54707556
3892383.00000000	-0.56049854	-0.26486435	-0.51045395
3888383.00000000	-0.61283655	-0.25124667	-0.46706873
3884383.00000000	-0.65690570	-0.23340179	-0.41990793
3880383.00000000	-0.69251761	-0.21124597	-0.36760315
3876383.00000000	-0.71823318	-0.18685974	-0.31110788
3872383.00000000	-0.73841339	-0.16467187	-0.25437650
3868383.00000000	-0.75178403	-0.14336270	-0.19666150
3864383.00000000	-0.75699951	-0.12190411	-0.13532898
3860383.00000000	-0.75690268	-0.10039944	-0.07233997
3856383.00000000	-0.75471765	-0.07962079	-0.01247385
3852383.00000000	-0.74750909	-0.05626004	0.04857193
3848383.00000000	-0.73448047	-0.02997485	0.10867056
3844383.00000000	-0.71370798	-0.00012823	0.16884195
3840383.00000000	-0.68344565	0.03305914	0.22895178
3836383.00000000	-0.64267471	0.06839465	0.28804105
3832383.00000000	-0.59273959	0.10182010	0.34389944
3828383.00000000	-0.53335458	0.13340286	0.39776358
3824383.00000000	-0.46647339	0.16132925	0.44804190
3820383.00000000	-0.39667917	0.18377319	0.49196301
3816383.00000000	-0.32500528	0.20096735	0.52987265
3812383.00000000	-0.25211325	0.21349472	0.56206808
3808383.00000000	-0.18278790	0.22229703	0.58715616
3804383.00000000	-0.11472900	0.22951904	0.60619168
3800383.00000000	-0.04691092	0.23614029	0.61966879
3796383.00000000	0.01853366	0.24306302	0.62735428
3792383.00000000	0.08413553	0.25076666	0.62961313
3788383.00000000	0.15241339	0.25891937	0.62674826
3784383.00000000	0.22217661	0.26831644	0.61782379
3780383.00000000	0.29189941	0.27683984	0.60322046
3776383.00000000	0.36296732	0.28046951	0.58286569
3772383.00000000	0.43354517	0.27899585	0.55592810
3768383.00000000	0.49942676	0.27256821	0.52359006
3764383.00000000	0.56136966	0.26029495	0.48476636
3760383.00000000	0.61579297	0.24257263	0.44135648
3756383.00000000	0.66091516	0.22053247	0.39475104
3752383.00000000	0.69770972	0.19578192	0.34433173
3748383.00000000	0.72555634	0.17002112	0.29074680
3744383.00000000	0.74505649	0.14603296	0.23657040
3740383.00000000	0.75854587	0.12343890	0.18075003
3736383.00000000	0.76712134	0.10222128	0.12416711
3732383.00000000	0.77143802	0.08198120	0.06800772
3728383.00000000	0.77166272	0.06155099	0.01235474
3724383.00000000	0.76749991	0.03921091	-0.04455884
3720383.00000000	0.75814404	0.01414005	-0.10126736
3716383.00000000	0.74242941	-0.01405640	-0.15636301
3712383.00000000	0.71796353	-0.04646533	-0.21143790
3708383.00000000	0.68218320	-0.08203198	-0.26585306
3704383.00000000	0.63554843	-0.11708444	-0.31745383
3700383.00000000	0.57684033	-0.15020688	-0.36783276
3696383.00000000	0.50887134	-0.17847607	-0.41535870
3692383.00000000	0.43661600	-0.19992102	-0.45772949
3688383.00000000	0.36100214	-0.21515805	-0.49566962
3684383.00000000	0.28452798	-0.22496866	-0.52840109
3680383.00000000	0.21171539	-0.23109460	-0.55447391
3676383.00000000	0.14092703	-0.23567703	-0.57512158
3672383.00000000	0.07102136	-0.24003998	-0.59008725
3668383.00000000	0.00370056	-0.24485092	-0.59957944
3664383.00000000	-0.06236923	-0.25060599	-0.60415106
3660383.00000000	-0.13213492	-0.25740698	-0.60391461
3656383.00000000	-0.20228140	-0.26424448	-0.59901730
3652383.00000000	-0.27463275	-0.27007562	-0.58885962
3648383.00000000	-0.35074719	-0.27300284	-0.57295422
3644383.00000000	-0.42766187	-0.27077682	-0.55070541
3640383.00000000	-0.50058475	-0.26231281	-0.52242850
3636383.00000000	-0.56941833	-0.24763763	-0.48715106
3632383.00000000	-0.63003387	-0.22740649	-0.44608563
3628383.00000000	-0.68039801	-0.20246411	-0.39967322
3624383.00000000	-0.71895303	-0.17576315	-0.34990536
3620383.00000000	-0.74755841	-0.14905853	-0.29621060
3616383.00000000	-0.76699973	-0.12463626	-0.24099451
3612383.00000000	-0.77989679	-0.10264062	-0.18468475
3608383.00000000	-0.78763501	-0.08212442	-0.12718106
3604383.00000000	-0.79087524	-0.06244589	-0.06949796
3600383.00000000	-0.78996512	-0.04269470	-0.01249658
3596383.00000000	-0.78441425	-0.02065491	0.04608716
3592383.00000000	-0.77347791	0.00392670	0.10312744
3588383.00000000	-0.75538315	0.03177277	0.15942148
3584383.00000000	-0.72795422	0.06316217	0.21504581
3580383.00000000	-0.68895557	0.09609973	0.27006750
3576383.00000000	-0.64069687	0.12671066	0.32146381
3572383.00000000	-0.58283652	0.15483786	0.37152258
3568383.00000000	-0.51923987	0.17894269	0.41754605
3564383.00000000	-0.45124435	0.19915665	0.45917633
3560383.00000000	-0.37874957	0.21526608	0.49679034
3556383.00000000	-0.30460278	0.22672180	0.52910980
3552383.00000000	-0.23270441	0.23431259	0.55531671
3548383.00000000	-0.16262805	0.24008572	0.57604465
3544383.00000000	-0.09404544	0.24527982	0.59140509
3540383.00000000	-0.02688623	0.25091876	0.60168936
3536383.00000000	0.04007944	0.25728271	0.60698706
3532383.00000000	0.10910788	0.26458893	0.60767587
3528383.00000000	0.18051532	0.27207349	0.60335187
3524383.00000000	0.25295819	0.27818326	0.59435056
3520383.00000000	0.32897226	0.28117737	0.58011533
3516383.00000000	0.40608627	0.27867191	0.56051483
3512383.00000000	0.48001202	0.26916931	0.53576752
3508383.00000000	0.55034201	0.25250818	0.50469366
3504383.00000000	0.61346442	0.23003723	0.46792276
3500383.00000000	0.66682385	0.20349448	0.42619537
3496383.00000000	0.70953790	0.17442685	0.38000836
3492383.00000000	0.74204135	0.14485025	0.32959955
3488383.00000000	0.76506158	0.11738971	0.27670898
3484383.00000000	0.78085532	0.09277368	0.22224756
3480383.00000000	0.79150488	0.07015915	0.16571072
3476383.00000000	0.79759827	0.04902481	0.10912277
3472383.00000000	0.79972672	0.02818607	0.05253815
3468383.00000000	0.79775787	0.00614343	-0.00489267
3464383.00000000	0.79102737	-0.01790695	-0.06183618
3460383.00000000	0.77807947	-0.04497778	-0.11845404
3456383.00000000	0.75644110	-0.07593671	-0.17557376
3452383.00000000	0.72224310	-0.10716794	-0.23298917
3448383.00000000	0.68094501	-0.14044611	-0.28594748
3444383.00000000	0.62777664	-0.17033267	-0.33812326
3440383.00000000	0.56528394	-0.19583084	-0.38784741
3436383.00000000	0.49729410	-0.21647983	-0.43252716
3432383.00000000	0.42501532	-0.23177597	-0.47225546
3428383.00000000	0.35179794	-0.24241248	-0.50580991
3424383.00000000	0.28084448	-0.24810080	-0.53330539
3420383.00000000	0.20992096	-0.25090915	-0.55597891
3416383.00000000	0.14002020	-0.25293234	-0.57328745
3412383.00000000	0.07209198	-0.25504413	-0.58526892
3408383.00000000	0.00536002	-0.25819495	-0.59189792
3404383.00000000	-0.06401062	-0.26482669	-0.59289453
3400383.00000000	-0.13477029	-0.27021222	-0.58957117
3396383.00000000	-0.20749789	-0.27493948	-0.58153027
3392383.00000000	-0.28334402	-0.27722287	-0.56827737
3388383.00000000	-0.36057330	-0.27491010	-0.54941544
3384383.00000000	-0.43969641	-0.27286258	-0.52429462
3380383.00000000	-0.51158160	-0.25876187	-0.49417184
3376383.00000000	-0.57652957	-0.23909659	-0.45849518
3372383.00000000	-0.63311588	-0.21459021	-0.41766318
3368383.00000000	-0.67955505	-0.18674124	-0.37211206
3364383.00000000	-0.71575186	-0.15778354	-0.32220596
3360383.00000000	-0.74248816	-0.13036172	-0.26948920
3356383.00000000	-0.76167102	-0.10554895	-0.21556705
3352383.00000000	-0.77525580	-0.08266440	-0.15988760
3348383.00000000	-0.78424548	-0.06081555	-0.10258743
3344383.00000000	-0.78882745	-0.04006805	-0.04723279
3340383.00000000	-0.78935742	-0.01788510	0.01000073
3336383.00000000	-0.78503577	0.00619894	0.06680203
3332383.00000000	-0.77475363	0.03300729	0.12254352
3328383.00000000	-0.75610535	0.06383142	0.17901514
3324383.00000000	-0.72635623	0.09762329	0.23557776
3320383.00000000	-0.68596109	0.13019327	0.28923288
3316383.00000000	-0.63566489	0.15973886	0.34090836
3312383.00000000	-0.57812683	0.18573007	0.38982431
3308383.00000000	-0.51648727	0.20805984	0.43345032
3304383.00000000	-0.44819290	0.22732980	0.47360132
3300383.00000000	-0.37557095	0.24173737	0.50920560
3296383.00000000	-0.30193414	0.25092874	0.53927142
3292383.00000000	-0.23081177	0.25646350	0.56326746
3288383.00000000	-0.16040729	0.26043365	0.58212097
3284383.00000000	-0.09177225	0.26417001	0.59566257
3280383.00000000	-0.02435297	0.26880026	0.60409497
3276383.00000000	0.04380475	0.27478970	0.60766046
3272383.00000000	0.11364719	0.28192429	0.60643454
3268383.00000000	0.18491156	0.28938623	0.60040613
3264383.00000000	0.25892148	0.29567719	0.58945636
3260383.00000000	0.33599780	0.29866742	0.57324423
3256383.00000000	0.41251077	0.29592090	0.55216296
3252383.00000000	0.48714038	0.28612885	0.52521582
3248383.00000000	0.55666837	0.26932526	0.49282550
3244383.00000000	0.61831485	0.24601883	0.45535822
3240383.00000000	0.67052802	0.21737943	0.41262277
3236383.00000000	0.71119168	0.18634274	0.36572552
3232383.00000000	0.74062640	0.15663715	0.31676535
3228383.00000000	0.76179837	0.12902255	0.26519159
3224383.00000000	0.77661978	0.10377255	0.21174609
3220383.00000000	0.78608209	0.08107278	0.16058160
3216383.00000000	0.79212549	0.05937927	0.10593210
3212383.00000000	0.79424704	0.03662817	0.04980511
3208383.00000000	0.79183490	0.01214142	-0.00835196
3204383.00000000	0.78410284	-0.01463977	-0.06481067
3200383.00000000	0.76935089	-0.04509595	-0.12193579
3196383.00000000	0.74468347	-0.07946939	-0.17960303
3192383.00000000	0.70963007	-0.11398859	-0.23546909
3188383.00000000	0.66326190	-0.14736099	-0.29075345
3184383.00000000	0.60776126	-0.17747409	-0.34399545
3180383.00000000	0.54543152	-0.20318475	-0.39352969
3176383.00000000	0.47708676	-0.22353079	-0.43921185
3172383.00000000	0.40472589	-0.24001950	-0.47926523
3168383.00000000	0.33220425	-0.25012485	-0.51319687
3164383.00000000	0.26087100	-0.25618124	-0.54119107
3160383.00000000	0.19120581	-0.25978174	-0.56351068
3156383.00000000	0.12310022	-0.26305325	-0.57997174
3152383.00000000	0.05678662	-0.26700244	-0.59115918
3148383.00000000	-0.01147626	-0.27211752	-0.59727451
3144383.00000000	-0.08162686	-0.27841846	-0.59849426
3140383.00000000	-0.15347327	-0.28499298	-0.59468024
3136383.00000000	-0.22824722	-0.29044778	-0.58564713
3132383.00000000	-0.30567117	-0.29231741	-0.57119519
3128383.00000000	-0.38300876	-0.28877737	-0.55167514
3124383.00000000	-0.45724142	-0.27861676	-0.52685126
3120383.00000000	-0.52711179	-0.26191730	-0.49607242
3116383.00000000	-0.58931671	-0.23995551	-0.45984082
3112383.00000000	-0.64244934	-0.21374243	-0.41827322
3108383.00000000	-0.68542090	-0.18502570	-0.37165869
3104383.00000000	-0.71778488	-0.15648529	-0.32107642
3100383.00000000	-0.74080161	-0.13055115	-0.26865787
3096383.00000000	-0.75696182	-0.10692383	-0.21367603
3092383.00000000	-0.76763327	-0.08546698	-0.15723102
3088383.00000000	-0.77373242	-0.06550613	-0.10057285
3084383.00000000	-0.77541171	-0.04568518	-0.04288657
3080383.00000000	-0.77244138	-0.02488004	0.01528085
3076383.00000000	-0.76395557	-0.00196118	0.07361270
3072383.00000000	-0.74852185	0.02371646	0.13167606
3068383.00000000	-0.72444788	0.05187082	0.18889145
3064383.00000000	-0.69009213	0.08107880	0.24553848
3060383.00000000	-0.64507562	0.10903384	0.30152335
3056383.00000000	-0.59238690	0.13366199	0.35478812
3052383.00000000	-0.53479349	0.15566574	0.40408109
3048383.00000000	-0.47264005	0.17611224	0.44883221
3044383.00000000	-0.40471115	0.19443481	0.48905316
3040383.00000000	-0.33407642	0.20859048	0.52321442
3036383.00000000	-0.26283752	0.21842374	0.55121942
3032383.00000000	-0.19373651	0.22517886	0.57284650
3028383.00000000	-0.12539111	0.23064548	0.58913403
3024383.00000000	-0.05790967	0.23612982	0.60020282
3020383.00000000	0.00961148	0.24272763	0.60634528
3016383.00000000	0.07736075	0.25059933	0.60739600
3012383.00000000	0.14587454	0.25949942	0.60391541
3008383.00000000	0.21751221	0.26874817	0.59556284
3004383.00000000	0.29099026	0.27598709	0.58255637
3000383.00000000	0.36404367	0.27846390	0.56503708
2996383.00000000	0.43644141	0.27370358	0.54223999
2992383.00000000	0.50469150	0.26413202	0.51437177
2988383.00000000	0.56818585	0.24866254	0.48059903
2984383.00000000	0.62154477	0.22755670	0.44188544
2980383.00000000	0.66585587	0.20330756	0.39773141
2976383.00000000	0.70007120	0.17889172	0.34997687
2972383.00000000	0.72534860	0.15535449	0.29934430
2968383.00000000	0.74361884	0.13341992	0.24595566
2964383.00000000	0.75581937	0.11337573	0.19112204
2960383.00000000	0.76293155	0.09491879	0.13605762
2956383.00000000	0.76580380	0.07676773	0.07957104
2952383.00000000	0.76428580	0.05814114	0.02284512
2948383.00000000	0.75799011	0.03779025	-0.03492545
2944383.00000000	0.74579977	0.01430179	-0.09335446
2940383.00000000	0.72598599	-0.01282947	-0.15225064
2936383.00000000	0.69698206	-0.04335236	-0.21046902
2932383.00000000	0.65640707	-0.07669919	-0.26888596
2928383.00000000	0.60374680	-0.10991199	-0.32640695
2924383.00000000	0.54272852	-0.13964572	-0.38032333
2920383.00000000	0.47259909	-0.16539087	-0.43190741
2916383.00000000	0.39740292	-0.18571567	-0.47882321
2912383.00000000	0.32195084	-0.20033304	-0.51903418
2908383.00000000	0.24842514	-0.21055170	-0.55240753
2904383.00000000	0.17690012	-0.21814941	-0.57969476
2900383.00000000	0.10755554	-0.22460468	-0.60091818
2896383.00000000	0.04047107	-0.23112762	-0.61656885
2892383.00000000	-0.02667252	-0.23864240	-0.62715363
2888383.00000000	-0.09245050	-0.24717435	-0.63261401
2884383.00000000	-0.15890375	-0.25612814	-0.63338470
2880383.00000000	-0.22721777	-0.26559512	-0.62950977
2876383.00000000	-0.29851804	-0.27278711	-0.62036462
2872383.00000000	-0.36890192	-0.27614420	-0.60594608
2868383.00000000	-0.43885110	-0.27423132	-0.58520844
2864383.00000000	-0.50412988	-0.26621948	-0.55813382
2860383.00000000	-0.56266086	-0.25418353	-0.52502521
2856383.00000000	-0.61417734	-0.23679745	-0.48494446
2852383.00000000	-0.65638574	-0.21580429	-0.43975873
2848383.00000000	-0.68942215	-0.19274881	-0.39047034
2844383.00000000	-0.71388974	-0.16918076	-0.33737875
2840383.00000000	-0.73068066	-0.14685785	-0.28245224
2836383.00000000	-0.74150104	-0.12599429	-0.22575702
2832383.00000000	-0.74736044	-0.10661371	-0.16915308
2828383.00000000	-0.74904880	-0.08742917	-0.11060135
2824383.00000000	-0.74638452	-0.06762949	-0.05163547
2820383.00000000	-0.73927121	-0.04630191	0.00765280
2816383.00000000	-0.72641412	-0.02197589	0.06804767
2812383.00000000	-0.70639844	0.00605881	0.12923828
2808383.00000000	-0.67853528	0.03645544	0.18848526
2804383.00000000	-0.64041901	0.06920120	0.24852081
2800383.00000000	-0.59168246	0.10254523	0.30842651
2796383.00000000	-0.53674719	0.13315576	0.36384686
2792383.00000000	-0.47534521	0.16157285	0.41539728
2788383.00000000	-0.40756287	0.18691321	0.46270227
2784383.00000000	-0.33775369	0.20699588	0.50342398
2780383.00000000	-0.26684320	0.22221161	0.53800620
2776383.00000000	-0.19526660	0.23388510	0.56691653
2772383.00000000	-0.12559601	0.24319586	0.58938934
2768383.00000000	-0.05825897	0.25163745	0.60597067
2764383.00000000	0.00907574	0.26050104	0.61713986
2760383.00000000	0.07600113	0.27023764	0.62324969
2756383.00000000	0.14230182	0.28055997	0.62427771
2752383.00000000	0.21141458	0.29136301	0.62024390
2748383.00000000	0.28249945	0.30101724	0.61086572
2744383.00000000	0.35381009	0.30743137	0.59625833
2740383.00000000	0.42575879	0.30869229	0.57590784
2736383.00000000	0.49537836	0.30338834	0.54965192
2732383.00000000	0.55957416	0.29156873	0.51742078
2728383.00000000	0.61711566	0.27366742	0.47914413
2724383.00000000	0.66682492	0.25023813	0.43435352
2720383.00000000	0.70549768	0.22408902	0.38534894
2716383.00000000	0.73396698	0.19732541	0.33234073
2712383.00000000	0.75362442	0.17160394	0.27669479
2708383.00000000	0.76610791	0.14810538	0.21937857
2704383.00000000	0.77288684	0.12689996	0.16181317
2700383.00000000	0.77496500	0.10714227	0.10340393
2696383.00000000	0.77264719	0.08721762	0.04421320
2692383.00000000	0.76555157	0.06618384	-0.01520639
2688383.00000000	0.75243658	0.04223782	-0.07648114
2684383.00000000	0.73257150	0.01517007	-0.13712115
2680383.00000000	0.70399277	-0.01421786	-0.19685233
2676383.00000000	0.66540137	-0.04595773	-0.25640756
2672383.00000000	0.61688422	-0.07796695	-0.31444235
2668383.00000000	0.56169312	-0.10709433	-0.36827451
2664383.00000000	0.50046497	-0.13402533	-0.41863058
2660383.00000000	0.43387830	-0.15856561	-0.46489008
2656383.00000000	0.36498199	-0.17945505	-0.50499475
2652383.00000000	0.29449298	-0.19610873	-0.53934940
2648383.00000000	0.22350726	-0.20907690	-0.56814178
2644383.00000000	0.15368411	-0.21973502	-0.59082172
2640383.00000000	0.08826773	-0.22864319	-0.60725754
2636383.00000000	0.02297360	-0.23735782	-0.61908313
2632383.00000000	-0.04229532	-0.24729758	-0.62561404
2628383.00000000	-0.10732306	-0.25812732	-0.62728659
2624383.00000000	-0.17370856	-0.26991431	-0.62401733
2620383.00000000	-0.24221075	-0.28174265	-0.61550952
2616383.00000000	-0.31116190	-0.29132602	-0.60186774
2612383.00000000	-0.38073483	-0.29683820	-0.58250543
2608383.00000000	-0.44900491	-0.29630325	-0.55730307
2604383.00000000	-0.51246344	-0.28920621	-0.52661185
2600383.00000000	-0.56950037	-0.27579639	-0.49058856
2596383.00000000	-0.61969208	-0.25667236	-0.44798495
2592383.00000000	-0.65951938	-0.23450195	-0.40114368
2588383.00000000	-0.68925607	-0.21128558	-0.35075641
2584383.00000000	-0.71134119	-0.18827148	-0.29614069
2580383.00000000	-0.72599588	-0.16650290	-0.23891742
2576383.00000000	-0.73464697	-0.14696381	-0.18125763
2572383.00000000	-0.73899185	-0.12822302	-0.12194604
2568383.00000000	-0.73900580	-0.10964267	-0.06072775
2564383.00000000	-0.73460510	-0.09114899	-0.00081134
2560383.00000000	-0.72516043	-0.07069565	0.06075909
2556383.00000000	-0.70930432	-0.04728580	0.12414349
2552383.00000000	-0.68692310	-0.02160916	0.18572647
2548383.00000000	-0.65521185	0.00743005	0.24865494
2544383.00000000	-0.61383456	0.03844418	0.31122583
2540383.00000000	-0.56426526	0.06906183	0.37083478
2536383.00000000	-0.50719864	0.09740958	0.42751578
2532383.00000000	-0.44316449	0.12446616	0.48064755
2528383.00000000	-0.37622375	0.14729199	0.52712711
2524383.00000000	-0.30613870	0.16869760	0.56664026
2520383.00000000	-0.23599155	0.18420718	0.59998944
2516383.00000000	-0.16724966	0.19651932	0.62624817
2512383.00000000	-0.10120779	0.20687509	0.64581821
2508383.00000000	-0.03428369	0.21717261	0.66023386
2504383.00000000	0.03252829	0.22793845	0.66901364
2500383.00000000	0.09705334	0.23963339	0.67239206
2496383.00000000	0.16482794	0.25336884	0.67051752
2492383.00000000	0.23379575	0.26637860	0.66320850
2488383.00000000	0.30380231	0.27766849	0.65018832
2484383.00000000	0.37508789	0.28555725	0.63112253
2480383.00000000	0.44557895	0.28723373	0.60543118
2476383.00000000	0.51112482	0.28167300	0.57373392
2472383.00000000	0.56969348	0.26906375	0.53625146
2468383.00000000	0.62058337	0.25012494	0.49247604
2464383.00000000	0.66121136	0.22698236	0.44379749
2460383.00000000	0.69101022	0.20258734	0.39223059
2456383.00000000	0.71224384	0.17820538	0.33682578
2452383.00000000	0.72679022	0.15557013	0.27996701
2448383.00000000	0.73537921	0.13497507	0.22303116
2444383.00000000	0.73943799	0.11489139	0.16337491
2440383.00000000	0.73916559	0.09542438	0.10374628
2436383.00000000	0.73441666	0.07573865	0.04456769
2432383.00000000	0.72445761	0.05389844	-0.01637097
2428383.00000000	0.70818927	0.02893002	-0.07826538
2424383.00000000	0.68462662	0.00142838	-0.13907959
2420383.00000000	0.65176666	-0.02953583	-0.20046277
2416383.00000000	0.60864664	-0.06172391	-0.26128714
2412383.00000000	0.55687521	-0.09227142	-0.31944458
2408383.00000000	0.49722534	-0.12002347	-0.37479950
2404383.00000000	0.43036737	-0.14405261	-0.42758289
2400383.00000000	0.36047000	-0.16305807	-0.47478796
2396383.00000000	0.29033530	-0.17673691	-0.51583612
2392383.00000000	0.22064630	-0.18669098	-0.55075790
2388383.00000000	0.15295782	-0.19377594	-0.57926788
2384383.00000000	0.08710605	-0.19997568	-0.60172989
2380383.00000000	0.02148608	-0.20580798	-0.61904279
2376383.00000000	-0.04409409	-0.21200662	-0.63121353
2372383.00000000	-0.10844214	-0.21902304	-0.63819724
2368383.00000000	-0.17426749	-0.22643863	-0.64042529
2364383.00000000	-0.24190402	-0.23356912	-0.63749060
2360383.00000000	-0.30946585	-0.23943900	-0.62872446
2356383.00000000	-0.37558371	-0.24249146	-0.61375040
2352383.00000000	-0.44028958	-0.24187109	-0.59140652
2348383.00000000	-0.50025537	-0.23727219	-0.56192682
2344383.00000000	-0.55408609	-0.22882983	-0.52567575
2340383.00000000	-0.60252521	-0.21642606	-0.48200214
2336383.00000000	-0.64294421	-0.20077866	-0.43310196
2332383.00000000	-0.67465054	-0.18329956	-0.38061026
2328383.00000000	-0.69866956	-0.16512115	-0.32483905
2324383.00000000	-0.71628052	-0.14739142	-0.26650500
2320383.00000000	-0.72778851	-0.13103900	-0.20818890
2316383.00000000	-0.73462497	-0.11531775	-0.14933646
2312383.00000000	-0.73694519	-0.09966013	-0.08937439
2308383.00000000	-0.73477637	-0.08363281	-0.02960962
2304383.00000000	-0.72754877	-0.06608362	0.03101324
2300383.00000000	-0.71400110	-0.04572263	0.09351614
2296383.00000000	-0.69334525	-0.02288507	0.15537531
2292383.00000000	-0.66391678	0.00261450	0.21738480
2288383.00000000	-0.62401849	0.02982370	0.28027118
2284383.00000000	-0.57551657	0.05588690	0.34084674
2280383.00000000	-0.52043494	0.07966196	0.39820593
2276383.00000000	-0.45827420	0.10115649	0.45319324
2272383.00000000	-0.39295407	0.11950406	0.50289114
2268383.00000000	-0.32664032	0.13477469	0.54619644
2264383.00000000	-0.25956604	0.14768195	0.58332721
2260383.00000000	-0.19155392	0.15895444	0.61427875
2256383.00000000	-0.12594647	0.16911041	0.63802780
2252383.00000000	-0.06047662	0.17897025	0.65610153
2248383.00000000	0.00478448	0.18912079	0.66844666
2244383.00000000	0.07024777	0.19988867	0.67544937
2240383.00000000	0.13655505	0.21119089	0.67703152
2236383.00000000	0.20486932	0.22282486	0.67302579
2232383.00000000	0.27226474	0.23391727	0.66304593
2228383.00000000	0.33930356	0.24276367	0.64632510
2224383.00000000	0.40494370	0.24806628	0.62216861
2220383.00000000	0.46579941	0.24958627	0.59064795
2216383.00000000	0.52082831	0.24713992	0.55254559
2212383.00000000	0.57053418	0.24041949	0.50746024
2208383.00000000	0.61378320	0.22922916	0.45648022
2204383.00000000	0.64886566	0.21449072	0.40199478
2200383.00000000	0.67653879	0.19733359	0.34398941
2196383.00000000	0.69670316	0.17914511	0.28369754
2192383.00000000	0.71000461	0.16141010	0.22331146
2188383.00000000	0.71791168	0.14419388	0.16219287
2184383.00000000	0.72090689	0.12700583	0.09984753
2180383.00000000	0.71930161	0.10994138	0.03823599
2176383.00000000	0.71266351	0.09186743	-0.02386575
2172383.00000000	0.70013937	0.07170386	-0.08802570
2168383.00000000	0.68102319	0.04961804	-0.15140073
2164383.00000000	0.65416031	0.02510440	-0.21534241
2160383.00000000	0.61845624	-0.00157104	-0.27956491
2156383.00000000	0.57525708	-0.02857242	-0.34119760
2152383.00000000	0.52557297	-0.05523370	-0.39921997
2148383.00000000	0.46950687	-0.08141269	-0.45331995
2144383.00000000	0.40900027	-0.10577158	-0.50169922
2140383.00000000	0.34623569	-0.12711728	-0.54286288
2136383.00000000	0.28051160	-0.14544910	-0.57805066
2132383.00000000	0.21393686	-0.16061981	-0.60656195
2128383.00000000	0.14882254	-0.17326440	-0.62862326
2124383.00000000	0.08394489	-0.18485937	-0.64494690
2120383.00000000	0.01847778	-0.19641953	-0.65572507
2116383.00000000	-0.04606342	-0.20822836	-0.66125830
2112383.00000000	-0.11150229	-0.22081647	-0.66124936
2108383.00000000	-0.17859103	-0.23358429	-0.65580444
2104383.00000000	-0.24578555	-0.24582220	-0.64418042
2100383.00000000	-0.31429654	-0.25644620	-0.62609143
2096383.00000000	-0.38295462	-0.26316354	-0.60092404
2092383.00000000	-0.44833575	-0.26437268	-0.56908972
2088383.00000000	-0.50891531	-0.25916409	-0.53070425
2084383.00000000	-0.56473520	-0.24830762	-0.48532440
2080383.00000000	-0.61141766	-0.23246152	-0.43528546
2076383.00000000	-0.64875043	-0.21396283	-0.38206604
2072383.00000000	-0.67825836	-0.19379092	-0.32450583
2068383.00000000	-0.69994150	-0.17398544	-0.26503915
2064383.00000000	-0.71461075	-0.15539786	-0.20528778
2060383.00000000	-0.72366727	-0.13773587	-0.14408777
2056383.00000000	-0.72710889	-0.12088971	-0.08182693
2052383.00000000	-0.72567371	-0.10469244	-0.02004257
2048383.00000000	-0.71938071	-0.08783511	0.04244818
2044383.00000000	-0.70723425	-0.06913821	0.10644696
2040383.00000000	-0.68907355	-0.04844556	0.16916141
2036383.00000000	-0.66351846	-0.02489511	0.23152313
2032383.00000000	-0.62828467	0.00197729	0.29508044
2028383.00000000	-0.58466498	0.02956619	0.35551764
2024383.00000000	-0.53314279	0.05646930	0.41237683
2020383.00000000	-0.47273920	0.08211063	0.46688348
2016383.00000000	-0.40851282	0.10421756	0.51511349
2012383.00000000	-0.34290140	0.12244595	0.55654297
2008383.00000000	-0.27414761	0.13773077	0.59305389
2004383.00000000	-0.20549277	0.15006238	0.62289584
2000383.00000000	-0.13928842	0.16034708	0.64615359
1996383.00000000	-0.07273141	0.16999875	0.66389392
1992383.00000000	-0.00607233	0.17976154	0.67646713
1988383.00000000	0.05929117	0.18967578	0.68371185
1984383.00000000	0.12463104	0.20015549	0.68572015
1980383.00000000	0.19118518	0.21111423	0.68218326
1976383.00000000	0.25648517	0.22141528	0.67299994
1972383.00000000	0.32113019	0.23008981	0.65736002
1968383.00000000	0.38614529	0.23620132	0.63397281
1964383.00000000	0.44640555	0.23821921	0.60402246
1960383.00000000	0.50103152	0.23583102	0.56740845
1956383.00000000	0.55096399	0.22891190	0.52325308
1952383.00000000	0.59403088	0.21769049	0.47297021
1948383.00000000	0.62820523	0.20376288	0.42023492
1944383.00000000	0.65560529	0.18749728	0.36359912
1940383.00000000	0.67628015	0.17009671	0.30410599
1936383.00000000	0.69031647	0.15313422	0.24481906
1932383.00000000	0.69928430	0.13641196	0.18420917
1928383.00000000	0.70332047	0.11997610	0.12308997
1924383.00000000	0.70256830	0.10379468	0.06252893
1920383.00000000	0.69702182	0.08707321	0.00200262
1916383.00000000	0.68574377	0.06829510	-0.06142490
1912383.00000000	0.66856268	0.04783560	-0.12380859
1908383.00000000	0.64427786	0.02509930	-0.18571231
1904383.00000000	0.61165012	0.00013467	-0.24729987
1900383.00000000	0.57133694	-0.02508139	-0.30605872
1896383.00000000	0.52366199	-0.04937140	-0.36176083
1892383.00000000	0.46735889	-0.07309027	-0.41570929
1888383.00000000	0.40630426	-0.09329196	-0.46477322
1884383.00000000	0.34342447	-0.10966785	-0.50817422
1880383.00000000	0.27619482	-0.12360638	-0.54757703
1876383.00000000	0.20905759	-0.13502728	-0.58044791
1872383.00000000	0.14369955	-0.14449240	-0.60690588
1868383.00000000	0.07839258	-0.15288303	-0.62760001
1864383.00000000	0.01302902	-0.16104913	-0.64309293
1860383.00000000	-0.05135205	-0.16955573	-0.65317722
1856383.00000000	-0.11629318	-0.17899692	-0.65820374
1852383.00000000	-0.18267401	-0.18825848	-0.65834427
1848383.00000000	-0.24705939	-0.19595868	-0.65364755
1844383.00000000	-0.31079596	-0.20252841	-0.64327121
1840383.00000000	-0.37492682	-0.20701425	-0.62640002
1836383.00000000	-0.43478839	-0.20926096	-0.60330081
1832383.00000000	-0.48935089	-0.20777798	-0.57399142
1828383.00000000	-0.53965546	-0.20311652	-0.53737030
1824383.00000000	-0.58331354	-0.19545840	-0.49468823
1820383.00000000	-0.61972772	-0.18516864	-0.44737411
1816383.00000000	-0.65020718	-0.17236435	-0.39416058
1812383.00000000	-0.67384552	-0.15814240	-0.33685205
1808383.00000000	-0.69040256	-0.14403897	-0.27933380
1804383.00000000	-0.70151608	-0.13001010	-0.21990677
1800383.00000000	-0.70765707	-0.11619714	-0.15934998
1796383.00000000	-0.70901099	-0.10264627	-0.09898618
1792383.00000000	-0.70573779	-0.08842825	-0.03669333
1788383.00000000	-0.69729074	-0.07309171	0.02714334
1784383.00000000	-0.68403922	-0.05599838	0.08912018
1780383.00000000	-0.66329807	-0.03704617	0.15298862
1776383.00000000	-0.63432739	-0.01515085	0.21853540
1772383.00000000	-0.59773242	0.00813925	0.28190891
1768383.00000000	-0.55285754	0.03231039	0.34348322
1764383.00000000	-0.49875891	0.05698557	0.40371704
1760383.00000000	-0.43955960	0.07966315	0.45768405
1756383.00000000	-0.37618973	0.09971786	0.50563101
1752383.00000000	-0.30892767	0.11696207	0.54769016
1748383.00000000	-0.24038452	0.13103372	0.58251236
1744383.00000000	-0.17343936	0.14218573	0.60992120
1740383.00000000	-0.10530887	0.15183688	0.63127338
1736383.00000000	-0.03799817	0.16050482	0.64672885
1732383.00000000	0.02730850	0.16837326	0.65620810
1728383.00000000	0.09351874	0.17635724	0.66072113
1724383.00000000	0.16027036	0.18383026	0.65990790
1720383.00000000	0.22704120	0.19042224	0.65349875
1716383.00000000	0.29344000	0.19560379	0.64136710
1712383.00000000	0.35927979	0.19833304	0.62273758
1708383.00000000	0.42082843	0.19781110	0.59818640
1704383.00000000	0.47798444	0.19405368	0.56766922
1700383.00000000	0.53191721	0.18670004	0.52949265
1696383.00000000	0.57889532	0.17674130	0.48605481
1692383.00000000	0.61799130	0.16501489	0.43904300
1688383.00000000	0.65119736	0.15151236	0.38648984
1684383.00000000	0.67735535	0.13737476	0.33058908
1680383.00000000	0.69668686	0.12365253	0.27413089
1676383.00000000	0.71065198	0.10996671	0.21526926
1672383.00000000	0.71948059	0.09665018	0.15533325
1668383.00000000	0.72326755	0.08374850	0.09594989
1664383.00000000	0.72226569	0.07068561	0.03631848
1660383.00000000	0.71564133	0.05655792	-0.02567136
1656383.00000000	0.70337335	0.04158740	-0.08678912
1652383.00000000	0.68462250	0.02534479	-0.14764691
1648383.00000000	0.65726425	0.00713660	-0.21092264
1644383.00000000	0.62214099	-0.01168530	-0.27300543
1640383.00000000	0.58022815	-0.03036716	-0.33218762
1636383.00000000	0.53046332	-0.04886517	-0.39005966
1632383.00000000	0.47424652	-0.06645425	-0.44478857
1628383.00000000	0.41533524	-0.08197720	-0.49298550
1624383.00000000	0.35240295	-0.09581842	-0.53639984
1620383.00000000	0.28637186	-0.10786224	-0.57410376
1616383.00000000	0.22256357	-0.11763373	-0.60369421
1612383.00000000	0.15751709	-0.12635129	-0.62756799
1608383.00000000	0.09161456	-0.13436942	-0.64565753
1604383.00000000	0.02782004	-0.14190665	-0.65758200
1600383.00000000	-0.03687695	-0.14953796	-0.66455853
1596383.00000000	-0.10353394	-0.15740952	-0.66625372
1592383.00000000	-0.16910742	-0.16490054	-0.66247620
1588383.00000000	-0.23441211	-0.17171533	-0.65324387
1584383.00000000	-0.30088675	-0.17724463	-0.63737543
1580383.00000000	-0.36298657	-0.18027374	-0.61582083
1576383.00000000	-0.42118445	-0.18043594	-0.58793463
1572383.00000000	-0.47724759	-0.17736133	-0.55188043
1568383.00000000	-0.52711636	-0.17103976	-0.50919391
1564383.00000000	-0.56925833	-0.16204111	-0.46154532
1560383.00000000	-0.60510614	-0.15076602	-0.40779803
1556383.00000000	-0.63363831	-0.13828113	-0.35049243
1552383.00000000	-0.65454034	-0.12600143	-0.29313202
1548383.00000000	-0.67014517	-0.11356943	-0.23269180
1544383.00000000	-0.68060937	-0.10114221	-0.16983084
1540383.00000000	-0.68570490	-0.08929739	-0.10873535
1536383.00000000	-0.68604611	-0.07734509	-0.04641779
1532383.00000000	-0.68111465	-0.06449661	0.01807971
1528383.00000000	-0.67047263	-0.05105637	0.08127106
1524383.00000000	-0.65356146	-0.03631244	0.14504956
1520383.00000000	-0.62855493	-0.01952405	0.21128799
1516383.00000000	-0.59677435	-0.00217249	0.27490289
1512383.00000000	-0.55793573	0.01568777	0.33654526
1508383.00000000	-0.51177304	0.03381573	0.39625989
1504383.00000000	-0.46014420	0.05141132	0.45109387
1500383.00000000	-0.40546365	0.06758395	0.49937387
1496383.00000000	-0.34639761	0.08248602	0.54223486
1492383.00000000	-0.28481058	0.09547662	0.57870825
1488383.00000000	-0.22428537	0.10614618	0.60765906
1484383.00000000	-0.16173914	0.11547638	0.63122000
1480383.00000000	-0.09789557	0.12391336	0.64922482
1476383.00000000	-0.03597433	0.13163867	0.66119629
1472383.00000000	0.02675912	0.13936700	0.66818237
1468383.00000000	0.09149762	0.14742471	0.66982254
1464383.00000000	0.15553738	0.15528314	0.66613647
1460383.00000000	0.21902039	0.16260391	0.65683047
1456383.00000000	0.28518390	0.16886313	0.64059793
1452383.00000000	0.34765323	0.17249625	0.61829138
1448383.00000000	0.40667825	0.17313077	0.58972305
1444383.00000000	0.46382904	0.17029694	0.55306793
1440383.00000000	0.51434131	0.16439246	0.51069638
1436383.00000000	0.55680237	0.15608002	0.46429156
1432383.00000000	0.59394177	0.14543326	0.41118442
1428383.00000000	0.62333948	0.13384940	0.35558395
1424383.00000000	0.64556049	0.12224155	0.29901379
1420383.00000000	0.66211234	0.11068781	0.24087656
1416383.00000000	0.67363809	0.09898126	0.17990359
1412383.00000000	0.67983170	0.08793082	0.12066028
1408383.00000000	0.68126596	0.07683313	0.06021045
1404383.00000000	0.67748041	0.06513934	-0.00256702
1400383.00000000	0.66849118	0.05316690	-0.06432837
1396383.00000000	0.65344958	0.04025284	-0.12703339
1392383.00000000	0.63136279	0.02595364	-0.19169144
1388383.00000000	0.60331543	0.01144443	-0.25364063
1384383.00000000	0.56933530	-0.00324362	-0.31326495
1380383.00000000	0.52769250	-0.01874124	-0.37323355
1376383.00000000	0.48115411	-0.03372217	-0.42840631
1372383.00000000	0.43129581	-0.04784805	-0.47780283
1368383.00000000	0.37560660	-0.06158331	-0.52349603
1364383.00000000	0.31665106	-0.07399646	-0.56300119
1360383.00000000	0.25733038	-0.08450714	-0.59510870
1356383.00000000	0.19618350	-0.09365460	-0.62130432
1352383.00000000	0.13322192	-0.10179034	-0.64175964
1348383.00000000	0.07132553	-0.10903540	-0.65588306
1344383.00000000	0.00942944	-0.11608679	-0.66466293
1340383.00000000	-0.05503101	-0.12337885	-0.66809387
1336383.00000000	-0.11838803	-0.13054108	-0.66605695
1332383.00000000	-0.18176852	-0.13758237	-0.65845428
1328383.00000000	-0.24730811	-0.14432874	-0.64450162
1324383.00000000	-0.31123682	-0.14964713	-0.62457803
1320383.00000000	-0.37283383	-0.15295602	-0.59861526
1316383.00000000	-0.43324896	-0.15343347	-0.56550693
1312383.00000000	-0.48919711	-0.15064490	-0.52587662
1308383.00000000	-0.53830734	-0.14506305	-0.48169980
1304383.00000000	-0.58189362	-0.13689951	-0.43173669
1300383.00000000	-0.61873145	-0.12682693	-0.37695395
1296383.00000000	-0.64717575	-0.11625421	-0.32133115
1292383.00000000	-0.66962366	-0.10524115	-0.26271637
1288383.00000000	-0.68594577	-0.09421573	-0.20183859
1284383.00000000	-0.69637735	-0.08406870	-0.14228455
1280383.00000000	-0.70166101	-0.07391754	-0.08164832
1276383.00000000	-0.70184753	-0.06362262	-0.01939896
1272383.00000000	-0.69661316	-0.05295309	0.04270663
1268383.00000000	-0.68570551	-0.04147675	0.10420346
1264383.00000000	-0.66825031	-0.02852359	0.16655249
1260383.00000000	-0.64382925	-0.01422787	0.22808539
1256383.00000000	-0.61227106	0.00111551	0.28801059
1252383.00000000	-0.57197955	0.01772064	0.34762030
1248383.00000000	-0.52466016	0.03411499	0.40379831
1244383.00000000	-0.47289377	0.04932257	0.45398251
1240383.00000000	-0.41465536	0.06350388	0.50055991
1236383.00000000	-0.35206631	0.07606769	0.54168732
1232383.00000000	-0.28877429	0.08636044	0.57547263
1228383.00000000	-0.22399686	0.09499869	0.60321112
1224383.00000000	-0.15881363	0.10229550	0.62494791
1220383.00000000	-0.09467004	0.10861908	0.64075058
1216383.00000000	-0.02973465	0.11473224	0.65134305
1212383.00000000	0.03725186	0.12114484	0.65681549
1208383.00000000	0.10333994	0.12762341	0.65693726
1204383.00000000	0.16822119	0.13399963	0.65174048
1200383.00000000	0.23557071	0.14012561	0.64067050
1196383.00000000	0.30074564	0.14504727	0.62338510
1192383.00000000	0.36340601	0.14833774	0.59991843
1188383.00000000	0.42576315	0.14957666	0.56829926
1184383.00000000	0.48173727	0.14824777	0.53074695
1180383.00000000	0.53194128	0.14457138	0.48750333
1176383.00000000	0.57738220	0.13842627	0.43721918
1172383.00000000	0.61608850	0.13023666	0.38169553
1168383.00000000	0.64645447	0.12107617	0.32447696
1164383.00000000	0.67069922	0.11124554	0.26374200
1160383.00000000	0.68829675	0.10125079	0.20130984
1156383.00000000	0.69972672	0.09185782	0.13954315
1152383.00000000	0.70566452	0.08239810	0.07591687
1148383.00000000	0.70617651	0.07270013	0.00999435
1144383.00000000	0.70114932	0.06300925	-0.05372806
1140383.00000000	0.69066620	0.05284119	-0.11643536
1136383.00000000	0.67388599	0.04128854	-0.18099329
1132383.00000000	0.65052759	0.02841669	-0.24497598
1128383.00000000	0.62104202	0.01446759	-0.30690381
1124383.00000000	0.58350986	-0.00107874	-0.36912122
1120383.00000000	0.53963263	-0.01720041	-0.42770929
1116383.00000000	0.49167819	-0.03290152	-0.48029999
1112383.00000000	0.43713516	-0.04856812	-0.52913419
1108383.00000000	0.37791687	-0.06336411	-0.57218295
1104383.00000000	0.31651804	-0.07628860	-0.60786093
1100383.00000000	0.25354291	-0.08718646	-0.63659106
1096383.00000000	0.19019644	-0.09627716	-0.65868347
1092383.00000000	0.12793170	-0.10392755	-0.67424136
1088383.00000000	0.06382977	-0.11115765	-0.68453146
1084383.00000000	-0.00157651	-0.11830676	-0.68931564
1080383.00000000	-0.06421146	-0.12511917	-0.68844473
1076383.00000000	-0.12839688	-0.13203174	-0.68186099
1072383.00000000	-0.19285422	-0.13865909	-0.66941702
1068383.00000000	-0.25635892	-0.14448318	-0.65087128
1064383.00000000	-0.31731870	-0.14878650	-0.62660587
1060383.00000000	-0.37694958	-0.15092804	-0.59584338
1056383.00000000	-0.43196991	-0.15075809	-0.56010211
1052383.00000000	-0.48125867	-0.14820770	-0.52021484
1048383.00000000	-0.52795670	-0.14321313	-0.47292636
1044383.00000000	-0.56718222	-0.13665100	-0.42265570
1040383.00000000	-0.59834460	-0.12943665	-0.37154514
1036383.00000000	-0.62500589	-0.12141174	-0.31526276
1032383.00000000	-0.64543311	-0.11327554	-0.25707559
1028383.00000000	-0.66005273	-0.10526398	-0.19834253
1024383.00000000	-0.66929712	-0.09754919	-0.13834335
1020383.00000000	-0.67328616	-0.08969458	-0.07702264
1016383.00000000	-0.67204111	-0.08188959	-0.01589990
1012383.00000000	-0.66527634	-0.07346530	0.04630157
1008383.00000000	-0.65188516	-0.06378378	0.11189072
1004383.00000000	-0.63243811	-0.05308142	0.17514633
1000383.00000000	-0.60682455	-0.04124673	0.23684454
996383.00000000	-0.57302417	-0.02755389	0.30003180
992383.00000000	-0.53285629	-0.01303180	0.36042825
988383.00000000	-0.48730234	0.00180823	0.41673419
984383.00000000	-0.43407211	0.01728430	0.47137799
980383.00000000	-0.37767789	0.03178000	0.51941226
976383.00000000	-0.31998370	0.04478305	0.55997150
972383.00000000	-0.25855884	0.05686801	0.59551575
968383.00000000	-0.19471814	0.06772430	0.62491187
964383.00000000	-0.13264093	0.07690848	0.64709592
960383.00000000	-0.06824725	0.08561139	0.66412985
956383.00000000	-0.00345316	0.09406549	0.67547113
952383.00000000	0.05909491	0.10225732	0.68085770
948383.00000000	0.12069559	0.11048712	0.68126126
944383.00000000	0.18513177	0.11939044	0.67594424
940383.00000000	0.24594052	0.12782645	0.66500217
936383.00000000	0.30609824	0.13596753	0.64762988
932383.00000000	0.36815097	0.14361792	0.62165646
928383.00000000	0.42632101	0.14938388	0.58792914
924383.00000000	0.47964191	0.15255188	0.54704346
920383.00000000	0.52902170	0.15273880	0.49791486
916383.00000000	0.57256906	0.14956726	0.44221158
912383.00000000	0.60731586	0.14397067	0.38520325
908383.00000000	0.63624036	0.13652841	0.32350339
904383.00000000	0.65797586	0.12824417	0.26113489
900383.00000000	0.67314746	0.11997604	0.19932413
896383.00000000	0.68286908	0.11163736	0.13543304
892383.00000000	0.68708618	0.10337122	0.07065991
888383.00000000	0.68567267	0.09516614	0.00619525
884383.00000000	0.67839221	0.08650494	-0.05992828
880383.00000000	0.66454169	0.07689005	-0.12677161
876383.00000000	0.64454971	0.06625259	-0.19153653
872383.00000000	0.61774435	0.05420502	-0.25555270
868383.00000000	0.58260492	0.04050595	-0.32014395
864383.00000000	0.54133212	0.02629517	-0.38053619
860383.00000000	0.49496490	0.01213602	-0.43592053
856383.00000000	0.44172388	-0.00208490	-0.48845984
852383.00000000	0.38416071	-0.01531900	-0.53532465
848383.00000000	0.32576419	-0.02722571	-0.57438385
844383.00000000	0.26430054	-0.03834085	-0.60780844
840383.00000000	0.20188745	-0.04827893	-0.63459647
836383.00000000	0.14095291	-0.05673596	-0.65461304
832383.00000000	0.07959155	-0.06542810	-0.66909546
828383.00000000	0.01700925	-0.07414160	-0.67820920
824383.00000000	-0.04436783	-0.08285437	-0.68205862
820383.00000000	-0.10665359	-0.09182162	-0.68058261
816383.00000000	-0.17015738	-0.10112576	-0.67310568
812383.00000000	-0.23152771	-0.11073102	-0.65955075
808383.00000000	-0.29091006	-0.12004398	-0.63957788
804383.00000000	-0.35012161	-0.12897226	-0.61159946
800383.00000000	-0.40575534	-0.13634866	-0.57607706
796383.00000000	-0.45586270	-0.14141226	-0.53488309
792383.00000000	-0.50164249	-0.14412180	-0.48718948
788383.00000000	-0.54270258	-0.14452460	-0.43352716
784383.00000000	-0.57617606	-0.14281506	-0.37888403
780383.00000000	-0.60475159	-0.13913678	-0.31965329
776383.00000000	-0.62727515	-0.13350336	-0.25764539
772383.00000000	-0.64333896	-0.12759741	-0.19705060
768383.00000000	-0.65432965	-0.12175357	-0.13433304
764383.00000000	-0.65983545	-0.11638818	-0.07161978
760383.00000000	-0.66002966	-0.11124118	-0.00901807
756383.00000000	-0.65485837	-0.10580215	0.05484390
752383.00000000	-0.64379251	-0.09981122	0.12006760
748383.00000000	-0.62687967	-0.09261420	0.18572461
744383.00000000	-0.60408365	-0.08393970	0.24953278
740383.00000000	-0.57447086	-0.07312747	0.31391785
736383.00000000	-0.53802399	-0.06040778	0.37684494
732383.00000000	-0.49679114	-0.04658624	0.43431567
728383.00000000	-0.44841266	-0.03137747	0.48939014
724383.00000000	-0.39575876	-0.01613574	0.53801999
720383.00000000	-0.34066238	-0.00192813	0.57890732
716383.00000000	-0.28073376	0.01173947	0.61430905
712383.00000000	-0.21988852	0.02363519	0.64199918
708383.00000000	-0.15937729	0.03373676	0.66268134
704383.00000000	-0.09734424	0.04276035	0.67771613
700383.00000000	-0.03464505	0.05089252	0.68698987
696383.00000000	0.02748315	0.05854675	0.69089877
692383.00000000	0.08979214	0.06650723	0.68938870
688383.00000000	0.15319479	0.07473077	0.68208746
684383.00000000	0.21558374	0.08331277	0.66858521
680383.00000000	0.27564273	0.09189203	0.64894150
676383.00000000	0.33636301	0.10085672	0.62103119
672383.00000000	0.39312491	0.10902426	0.58648160
668383.00000000	0.44526440	0.11578894	0.54553143
664383.00000000	0.49521283	0.12122638	0.49607104
660383.00000000	0.53934958	0.12461792	0.44142288
656383.00000000	0.57618439	0.12595840	0.38517871
652383.00000000	0.60821790	0.12557965	0.32458755
648383.00000000	0.63406778	0.12376877	0.26211130
644383.00000000	0.65377820	0.12121851	0.19948615
640383.00000000	0.66804724	0.11823318	0.13488690
636383.00000000	0.67656180	0.11535730	0.07011609
632383.00000000	0.67933957	0.11279779	0.00654889
628383.00000000	0.67658463	0.11034766	-0.05864282
624383.00000000	0.66806070	0.10755948	-0.12410641
620383.00000000	0.65392386	0.10408737	-0.18832458
616383.00000000	0.63392749	0.09940201	-0.25129160
612383.00000000	0.60717715	0.09297772	-0.31457892
608383.00000000	0.57349051	0.08452875	-0.37608502
604383.00000000	0.53443881	0.07424841	-0.43274057
600383.00000000	0.48753979	0.06188174	-0.48702347
596383.00000000	0.43518668	0.04855756	-0.53546118
592383.00000000	0.37922284	0.03378360	-0.57601840
588383.00000000	0.31865558	0.02007947	-0.61102725
584383.00000000	0.25603348	0.00728772	-0.63872308
580383.00000000	0.19340485	-0.00401346	-0.65939413
576383.00000000	0.12977872	-0.01488873	-0.67421317
572383.00000000	0.06454831	-0.02522791	-0.68367484
568383.00000000	0.00052341	-0.03549332	-0.68718781
564383.00000000	-0.06193054	-0.04591925	-0.68519556
560383.00000000	-0.12633444	-0.05726831	-0.67702121
556383.00000000	-0.18895300	-0.06888434	-0.66241360
552383.00000000	-0.24951163	-0.08083203	-0.64160989
548383.00000000	-0.31119501	-0.09347430	-0.61237592
544383.00000000	-0.36866074	-0.10377692	-0.57632690
540383.00000000	-0.42092245	-0.11307959	-0.53530045
536383.00000000	-0.46950031	-0.12113367	-0.48844580
532383.00000000	-0.51377069	-0.12676340	-0.43624130
528383.00000000	-0.55176910	-0.13006958	-0.38121289
524383.00000000	-0.58506464	-0.13121432	-0.32143665
520383.00000000	-0.61290213	-0.13077695	-0.25766885
516383.00000000	-0.63360706	-0.12963065	-0.19427466
512383.00000000	-0.64801233	-0.12822198	-0.13065387
508383.00000000	-0.65644888	-0.12678806	-0.06703473
504383.00000000	-0.65888867	-0.12520773	-0.00328647
500383.00000000	-0.65570630	-0.12301147	0.06023093
496383.00000000	-0.64642871	-0.12023346	0.12587140
492383.00000000	-0.63120184	-0.11672217	0.19008832
488383.00000000	-0.60954019	-0.11174576	0.25420908
484383.00000000	-0.58100693	-0.10497900	0.31792017
480383.00000000	-0.54531992	-0.09592242	0.38042642
476383.00000000	-0.50542850	-0.08585541	0.43663574
472383.00000000	-0.45897964	-0.07394998	0.49021951
468383.00000000	-0.40803766	-0.06098483	0.53834213
464383.00000000	-0.35493839	-0.04811905	0.57939111
460383.00000000	-0.29765622	-0.03521036	0.61535031
456383.00000000	-0.23837570	-0.02320218	0.64493475
452383.00000000	-0.17901187	-0.01194617	0.66799417
448383.00000000	-0.11707684	-0.00133408	0.68598602
444383.00000000	-0.05352200	0.00868573	0.69850006
440383.00000000	0.00777347	0.01827780	0.70536362
436383.00000000	0.06926758	0.02812622	0.70717606
432383.00000000	0.13169595	0.03883173	0.70309540
428383.00000000	0.19292661	0.05014563	0.69279456
424383.00000000	0.25280191	0.06215491	0.67564062
420383.00000000	0.31186911	0.07479861	0.65046579
416383.00000000	0.36880298	0.08709467	0.61714764
412383.00000000	0.42137445	0.09821472	0.57677887
408383.00000000	0.47091983	0.10788947	0.52847159
404383.00000000	0.51510873	0.11528024	0.47480164
400383.00000000	0.55339139	0.12043329	0.41767902
396383.00000000	0.58668079	0.12350024	0.35634702
392383.00000000	0.61382660	0.12483896	0.29389893
388383.00000000	0.63481522	0.12489862	0.23185452
384383.00000000	0.65057153	0.12416141	0.16928821
380383.00000000	0.66113684	0.12337564	0.10651096
376383.00000000	0.66658298	0.12267288	0.04343066
372383.00000000	0.66690189	0.12211456	-0.02166443
368383.00000000	0.66185257	0.12135974	-0.08621054
364383.00000000	0.65151498	0.12006955	-0.14999136
360383.00000000	0.63547812	0.11763742	-0.21454865
356383.00000000	0.61303549	0.11364120	-0.27964020
352383.00000000	0.58470126	0.10793317	-0.34185315
348383.00000000	0.55064624	0.10064584	-0.40080789
344383.00000000	0.51006320	0.09175201	-0.45720804
340383.00000000	0.46424173	0.08139258	-0.50855499
336383.00000000	0.41452103	0.07001855	-0.55349545
332383.00000000	0.35916852	0.05764886	-0.59350009
328383.00000000	0.30170288	0.04527026	-0.62594763
324383.00000000	0.24301593	0.03359879	-0.65128711
320383.00000000	0.18218671	0.02224200	-0.67096683
316383.00000000	0.12091022	0.01152347	-0.68455283
312383.00000000	0.05959467	0.00126126	-0.69235840
308383.00000000	-0.00522604	-0.01850125	-0.69623465
304383.00000000	-0.06867468	-0.02979092	-0.69301028
300383.00000000	-0.13167050	-0.04148007	-0.68330362
296383.00000000	-0.19481104	-0.05355490	-0.66617993
292383.00000000	-0.25834100	-0.06636261	-0.64082507
288383.00000000	-0.32044955	-0.07910739	-0.60670886
284383.00000000	-0.37941464	-0.09050351	-0.56439569
280383.00000000	-0.43629953	-0.10048456	-0.51297214
276383.00000000	-0.48754395	-0.10821909	-0.45615680
272383.00000000	-0.53200021	-0.11331711	-0.39605716
268383.00000000	-0.57131207	-0.11618884	-0.33102197
264383.00000000	-0.60328470	-0.11718552	-0.26458789
260383.00000000	-0.62748315	-0.11726831	-0.20039655
256383.00000000	-0.64526874	-0.11689493	-0.13712140
252383.00000000	-0.65744818	-0.11644330	-0.07307590
248383.00000000	-0.66388321	-0.11610001	-0.00971158
244383.00000000	-0.66507205	-0.11587582	0.05329926
240383.00000000	-0.66059192	-0.11552350	0.11933740
236383.00000000	-0.65044653	-0.11471204	0.18422809
232383.00000000	-0.63423010	-0.11259604	0.24891196
228383.00000000	-0.61122318	-0.10873715	0.31418088
224383.00000000	-0.58253961	-0.10297269	0.37569589
220383.00000000	-0.54778735	-0.09544592	0.43408771
216383.00000000	-0.50646515	-0.08604257	0.48931558
212383.00000000	-0.46047604	-0.07548367	0.53838513
208383.00000000	-0.41031131	-0.06457114	0.58111163
204383.00000000	-0.35567560	-0.05347189	0.61783359
200383.00000000	-0.29869919	-0.04322449	0.64769785
196383.00000000	-0.23954669	-0.03429214	0.67147583
192383.00000000	-0.17807620	-0.02544882	0.68927704
188383.00000000	-0.11687555	-0.01740594	0.70110336
184383.00000000	-0.05504214	-0.01010480	0.70775760
180383.00000000	0.00862064	-0.00244009	0.70901935
176383.00000000	0.07158115	0.00528946	0.70479489
172383.00000000	0.13427350	0.01317221	0.69471234
168383.00000000	0.19771542	0.02142041	0.67803415
164383.00000000	0.26195139	0.02983484	0.65403909
160383.00000000	0.32388177	0.03774008	0.62349789
156383.00000000	0.38299933	0.04514615	0.58669849
152383.00000000	0.43999954	0.05205890	0.54290323
148383.00000000	0.49129361	0.05790662	0.49504419
144383.00000000	0.53672491	0.06258997	0.44328287
140383.00000000	0.57742084	0.06669211	0.38610736
136383.00000000	0.61018402	0.06936230	0.32869833
132383.00000000	0.63699527	0.07172012	0.26920090
128383.00000000	0.65763116	0.07376736	0.20893549
124383.00000000	0.67248935	0.07553323	0.14765228
120383.00000000	0.68167126	0.07729657	0.08641074
116383.00000000	0.68546872	0.07914655	0.02517859
112383.00000000	0.68359427	0.08131525	-0.03647162
108383.00000000	0.67610727	0.08343762	-0.09752545
104383.00000000	0.66279428	0.08534155	-0.15800983
100383.00000000	0.64293301	0.08640933	-0.21830005
96383.00000000	0.61686142	0.08620496	-0.27597363
92383.00000000	0.58443576	0.08487698	-0.33044128
88383.00000000	0.54534869	0.08184119	-0.38074344
84383.00000000	0.50049643	0.07730707	-0.42503082
80383.00000000	0.45163770	0.07150204	-0.46173187
76383.00000000	0.39698889	0.06456525	-0.49223703
72383.00000000	0.33977240	0.05678479	-0.51470975
68383.00000000	0.28029160	0.04884857	-0.52972229
64383.00000000	0.21876593	0.04096735	-0.53762241
60383.00000000	0.15640082	0.03309955	-0.53866238
56383.00000000	0.09377780	0.02598862	-0.53320560
52383.00000000	0.03182526	0.01969632	-0.52201547
48383.00000000	-0.03081659	0.01455170	-0.50565311
44383.00000000	-0.09207449	0.01057272	-0.48556631
40383.00000000	-0.15237494	0.00765793	-0.46245139
36383.00000000	-0.21250183	0.00483136	-0.43680646
32383.00000000	-0.26977103	0.00172253	-0.40955182
28383.00000000	-0.32297128	-0.00241879	-0.38098779
24383.00000000	-0.37284079	-0.00815384	-0.34972043
20383.00000000	-0.41678360	-0.01518030	-0.31597653
16383.00000000	-0.45410739	-0.02290692	-0.27945297
12383.00000000	-0.48498792	-0.03056226	-0.23967715
8383.00000000	-0.50795505	-0.03709692	-0.19907318
4383.00000000	-0.52415439	-0.04189056	-0.15684354
383.00000000	-0.53292236	-0.04474255	-0.11613806
