7862474.00000000	0.01405859	-0.00163223	0.10860590
7861074.00000000	0.01406989	-0.00162619	0.11067160
7859674.00000000	0.01423956	-0.00156610	0.11466022
7858274.00000000	0.01440842	-0.00152179	0.11890155
7856874.00000000	0.01461728	-0.00138947	0.12323599
7855474.00000000	0.01486472	-0.00124521	0.12769315
7854074.00000000	0.01509271	-0.00104831	0.13216388
7852674.00000000	0.01529706	-0.00077936	0.13669504
7851274.00000000	0.01554608	-0.00049011	0.14136505
7849874.00000000	0.01579687	-0.00009354	0.14610977
7848474.00000000	0.01613943	0.00030350	0.15074359
7847074.00000000	0.01657019	0.00079053	0.15540210
7845674.00000000	0.01701761	0.00131665	0.15980276
7844274.00000000	0.01755777	0.00190787	0.16388464
7842874.00000000	0.01821371	0.00254919	0.16766647
7841474.00000000	0.01891162	0.00322946	0.17116571
7840074.00000000	0.01967261	0.00390494	0.17429773
7838674.00000000	0.02036380	0.00456848	0.17707278
7837274.00000000	0.02158768	0.00516995	0.17937485
7835874.00000000	0.02290201	0.00572000	0.18116855
7834474.00000000	0.02431448	0.00622949	0.18246384
7833074.00000000	0.02585895	0.00671017	0.18308890
7831674.00000000	0.02757251	0.00706351	0.18315295
7830274.00000000	0.02949377	0.00738699	0.18261145
7828874.00000000	0.03159891	0.00758478	0.18151553
7827474.00000000	0.03376019	0.00779926	0.17996204
7826074.00000000	0.03615338	0.00805585	0.17784158
7824674.00000000	0.03869604	0.00825980	0.17523932
7823274.00000000	0.04138620	0.00844586	0.17214365
7821874.00000000	0.04431259	0.00860028	0.16869916
7820474.00000000	0.04740561	0.00873184	0.16474957
7819074.00000000	0.05061182	0.00884268	0.16055545
7817674.00000000	0.05396606	0.00891028	0.15600488
7816274.00000000	0.05745874	0.00897638	0.15118698
7814874.00000000	0.06109641	0.00909439	0.14611237
7813474.00000000	0.06488416	0.00921072	0.14073474
7812074.00000000	0.06892615	0.00930518	0.13502692
7810674.00000000	0.07316263	0.00939725	0.12892050
7809274.00000000	0.07761551	0.00946643	0.12241644
7807874.00000000	0.08217542	0.00949985	0.11566907
7806474.00000000	0.08704126	0.00949988	0.10830280
7805074.00000000	0.09195114	0.00945609	0.10068930
7803674.00000000	0.09702682	0.00933755	0.09267108
7802274.00000000	0.10225443	0.00915082	0.08430942
7800874.00000000	0.10775458	0.00892197	0.07510815
7799474.00000000	0.11346204	0.00847699	0.06537997
7798074.00000000	0.11933789	0.00800266	0.05491818
7796674.00000000	0.12563977	0.00739130	0.04357022
7795274.00000000	0.13192310	0.00671561	0.03174048
7793874.00000000	0.13825732	0.00590906	0.01933038
7792474.00000000	0.14467517	0.00483475	0.00637366
7791074.00000000	0.15106512	0.00368909	-0.00705624
7789674.00000000	0.15731992	0.00242493	-0.02079114
7788274.00000000	0.16375366	0.00104239	-0.03553809
7786874.00000000	0.16999759	-0.00047717	-0.05058643
7785474.00000000	0.17621182	-0.00208804	-0.06650702
7784074.00000000	0.18212503	-0.00384525	-0.08266119
7782674.00000000	0.18775348	-0.00562988	-0.09920523
7781274.00000000	0.19300336	-0.00749124	-0.11593796
7779874.00000000	0.19772131	-0.00929523	-0.13269919
7778474.00000000	0.20195313	-0.01112164	-0.14943839
7777074.00000000	0.20565027	-0.01286243	-0.16635483
7775674.00000000	0.20872964	-0.01448550	-0.18285843
7774274.00000000	0.21135510	-0.01603696	-0.19971997
7772874.00000000	0.21336877	-0.01744849	-0.21653656
7771474.00000000	0.21479449	-0.01871085	-0.23350443
7770074.00000000	0.21565881	-0.01974411	-0.24987253
7768674.00000000	0.21601208	-0.02058838	-0.26591260
7767274.00000000	0.21586008	-0.02118436	-0.28142862
7765874.00000000	0.21527753	-0.02163248	-0.29668439
7764474.00000000	0.21429547	-0.02190506	-0.31153201
7763074.00000000	0.21298987	-0.02197485	-0.32615659
7761674.00000000	0.21136844	-0.02186771	-0.34050403
7760274.00000000	0.20953391	-0.02161313	-0.35471756
7758874.00000000	0.20741507	-0.02121692	-0.36903687
7757474.00000000	0.20504086	-0.02063342	-0.38293637
7756074.00000000	0.20255951	-0.01994592	-0.39679288
7754674.00000000	0.19993655	-0.01917181	-0.40997440
7753274.00000000	0.19710495	-0.01828360	-0.42289484
7751874.00000000	0.19425870	-0.01734528	-0.43553531
7750474.00000000	0.19131140	-0.01631421	-0.44786316
7749074.00000000	0.18787299	-0.01510526	-0.46041241
7747674.00000000	0.18429352	-0.01387646	-0.47257822
7746274.00000000	0.18022232	-0.01258176	-0.48457327
7744874.00000000	0.17591919	-0.01120404	-0.49616537
7743474.00000000	0.17105963	-0.00983588	-0.50739514
7742074.00000000	0.16581812	-0.00839087	-0.51802866
7740674.00000000	0.16012366	-0.00691830	-0.52831738
7739274.00000000	0.15360541	-0.00545737	-0.53802579
7737874.00000000	0.14652097	-0.00403235	-0.54725479
7736474.00000000	0.13866467	-0.00254883	-0.55599033
7735074.00000000	0.12974442	-0.00103442	-0.56434689
7733674.00000000	0.11993890	0.00050204	-0.57208670
7732274.00000000	0.10918967	0.00206760	-0.57924628
7730874.00000000	0.09750620	0.00357770	-0.58572104
7729474.00000000	0.08511505	0.00514957	-0.59137875
7728074.00000000	0.07187186	0.00664438	-0.59630551
7726674.00000000	0.05807663	0.00812979	-0.60045825
7725274.00000000	0.04328613	0.00958139	-0.60382642
7723874.00000000	0.02808850	0.01102463	-0.60645676
7722474.00000000	0.01202463	0.01247498	-0.60825513
7721074.00000000	-0.00503918	0.01389386	-0.60934756
7719674.00000000	-0.02250125	0.01526163	-0.60949365
7718274.00000000	-0.04014676	0.01653995	-0.60870245
7716874.00000000	-0.05801593	0.01777869	-0.60701376
7715474.00000000	-0.07611154	0.01894498	-0.60441696
7714074.00000000	-0.09406403	0.01996396	-0.60088000
7712674.00000000	-0.11190936	0.02086490	-0.59649570
7711274.00000000	-0.12976071	0.02168124	-0.59118512
7709874.00000000	-0.14764331	0.02233698	-0.58488089
7708474.00000000	-0.16567960	0.02288931	-0.57732642
7707074.00000000	-0.18352518	0.02326373	-0.56887805
7705674.00000000	-0.20085706	0.02349692	-0.55942224
7704274.00000000	-0.21767603	0.02350925	-0.54922018
7702874.00000000	-0.23422794	0.02335626	-0.53816248
7701474.00000000	-0.24996683	0.02308997	-0.52647406
7700074.00000000	-0.26567175	0.02266693	-0.51382516
7698674.00000000	-0.28082394	0.02215332	-0.50051645
7697274.00000000	-0.29614740	0.02157645	-0.48615549
7695874.00000000	-0.31129037	0.02092511	-0.47093179
7694474.00000000	-0.32613083	0.02015616	-0.45512405
7693074.00000000	-0.34093716	0.01936298	-0.43862845
7691674.00000000	-0.35554120	0.01853598	-0.42153827
7690274.00000000	-0.37002646	0.01770627	-0.40395242
7688874.00000000	-0.38390259	0.01690417	-0.38635440
7687474.00000000	-0.39761243	0.01617224	-0.36845303
7686074.00000000	-0.41132285	0.01537326	-0.35012390
7684674.00000000	-0.42532162	0.01461865	-0.33089264
7683274.00000000	-0.43922156	0.01391122	-0.31124442
7681874.00000000	-0.45289865	0.01317328	-0.29135120
7680474.00000000	-0.46633978	0.01240860	-0.27125839
7679074.00000000	-0.47937299	0.01180664	-0.25112744
7677674.00000000	-0.49191565	0.01107532	-0.23107153
7676274.00000000	-0.50434174	0.01038617	-0.21041360
7674874.00000000	-0.51591821	0.00980765	-0.19040195
7673474.00000000	-0.52726425	0.00918729	-0.16983792
7672074.00000000	-0.53808649	0.00853833	-0.14905594
7670674.00000000	-0.54849551	0.00786380	-0.12782651
7669274.00000000	-0.55838882	0.00729437	-0.10617426
7667874.00000000	-0.56749582	0.00670630	-0.08458157
7666474.00000000	-0.57599084	0.00608615	-0.06276624
7665074.00000000	-0.58345090	0.00559076	-0.04160629
7663674.00000000	-0.59025198	0.00506137	-0.02001987
7662274.00000000	-0.59614563	0.00448419	0.00156033
7660874.00000000	-0.60147601	0.00389011	0.02359576
7659474.00000000	-0.60596750	0.00336121	0.04598386
7658074.00000000	-0.60965521	0.00279904	0.06884064
7656674.00000000	-0.61254166	0.00232568	0.09167322
7655274.00000000	-0.61440137	0.00186176	0.11467517
7653874.00000000	-0.61533240	0.00138864	0.13789438
7652474.00000000	-0.61534879	0.00099332	0.16119284
7651074.00000000	-0.61445789	0.00067404	0.18426968
7649674.00000000	-0.61269833	0.00031906	0.20714542
7648274.00000000	-0.61009476	0.00000223	0.22949826
7646874.00000000	-0.60647379	-0.00032916	0.25242410
7645474.00000000	-0.60179117	-0.00062292	0.27554868
7644074.00000000	-0.59609726	-0.00098297	0.29871350
7642674.00000000	-0.58920026	-0.00133646	0.32227646
7641274.00000000	-0.58122623	-0.00172528	0.34545316
7639874.00000000	-0.57271191	-0.00208646	0.36749588
7638474.00000000	-0.56297260	-0.00253543	0.38969827
7637074.00000000	-0.55219098	-0.00307629	0.41152032
7635674.00000000	-0.54062531	-0.00363184	0.43261667
7634274.00000000	-0.52808017	-0.00421680	0.45338931
7632874.00000000	-0.51452094	-0.00485391	0.47369330
7631474.00000000	-0.49981665	-0.00546078	0.49379953
7630074.00000000	-0.48425806	-0.00609146	0.51316394
7628674.00000000	-0.46809116	-0.00667938	0.53145630
7627274.00000000	-0.45127139	-0.00723828	0.54905511
7625874.00000000	-0.43410147	-0.00781808	0.56548331
7624474.00000000	-0.41605338	-0.00839008	0.58134299
7623074.00000000	-0.39753207	-0.00888098	0.59632822
7621674.00000000	-0.37801559	-0.00930298	0.61086105
7620274.00000000	-0.35779657	-0.00967584	0.62461151
7618874.00000000	-0.33746094	-0.01006299	0.63732739
7617474.00000000	-0.31601743	-0.01023718	0.64948917
7616074.00000000	-0.29462643	-0.01056570	0.66068826
7614674.00000000	-0.27313809	-0.01071790	0.67080569
7613274.00000000	-0.25185641	-0.01087283	0.67980515
7611874.00000000	-0.23039407	-0.01093326	0.68819400
7610474.00000000	-0.20898843	-0.01087967	0.69560086
7609074.00000000	-0.18707291	-0.01084457	0.70239099
7607674.00000000	-0.16438287	-0.01078699	0.70863132
7606274.00000000	-0.14145868	-0.01070435	0.71409628
7604874.00000000	-0.11869022	-0.01054501	0.71867990
7603474.00000000	-0.09519022	-0.01034796	0.72268195
7602074.00000000	-0.07210562	-0.01015775	0.72567682
7600674.00000000	-0.04941830	-0.00990701	0.72795636
7599274.00000000	-0.02609021	-0.00968158	0.72947510
7597874.00000000	-0.00323376	-0.00947379	0.73037912
7596474.00000000	0.01957956	-0.00918781	0.73051569
7595074.00000000	0.04310388	-0.00893362	0.72984436
7593674.00000000	0.06731903	-0.00870804	0.72843115
7592274.00000000	0.09185043	-0.00845587	0.72619907
7590874.00000000	0.11656256	-0.00821017	0.72306512
7589474.00000000	0.14072971	-0.00788562	0.71902072
7588074.00000000	0.16486041	-0.00766885	0.71411285
7586674.00000000	0.18873987	-0.00740909	0.70851334
7585274.00000000	0.21189673	-0.00722153	0.70231839
7583874.00000000	0.23590588	-0.00696964	0.69488144
7582474.00000000	0.25985654	-0.00675150	0.68663232
7581074.00000000	0.28373364	-0.00660886	0.67744946
7579674.00000000	0.30801517	-0.00642441	0.66702847
7578274.00000000	0.33146170	-0.00630078	0.65597528
7576874.00000000	0.35486469	-0.00614053	0.64369159
7575474.00000000	0.37748026	-0.00605545	0.63087585
7574074.00000000	0.39937411	-0.00608099	0.61732108
7572674.00000000	0.42105011	-0.00602130	0.60288321
7571274.00000000	0.44216132	-0.00600162	0.58756827
7569874.00000000	0.46272928	-0.00596320	0.57156946
7568474.00000000	0.48326706	-0.00594824	0.55421036
7567074.00000000	0.50304688	-0.00607614	0.53624564
7565674.00000000	0.52218097	-0.00624405	0.51758496
7564274.00000000	0.54009012	-0.00644839	0.49876251
7562874.00000000	0.55730121	-0.00674570	0.47916284
7561474.00000000	0.57383615	-0.00695477	0.45909024
7560074.00000000	0.58927692	-0.00724179	0.43888602
7558674.00000000	0.60376657	-0.00743341	0.41844894
7557274.00000000	0.61777518	-0.00766580	0.39719370
7555874.00000000	0.63072003	-0.00800613	0.37611539
7554474.00000000	0.64310254	-0.00824039	0.35434164
7553074.00000000	0.65461450	-0.00846002	0.33223260
7551674.00000000	0.66530927	-0.00867902	0.31005136
7550274.00000000	0.67515744	-0.00887363	0.28780807
7548874.00000000	0.68422708	-0.00899179	0.26529422
7547474.00000000	0.69229797	-0.00901398	0.24339432
7546074.00000000	0.69991684	-0.00902377	0.22055215
7544674.00000000	0.70666663	-0.00912189	0.19820609
7543274.00000000	0.71274432	-0.00920691	0.17533658
7541874.00000000	0.71822156	-0.00930649	0.15229517
7540474.00000000	0.72293826	-0.00934103	0.12931369
7539074.00000000	0.72706519	-0.00939215	0.10584979
7537674.00000000	0.73044028	-0.00949576	0.08240417
7536274.00000000	0.73302344	-0.00967584	0.05963293
7534874.00000000	0.73495444	-0.00976221	0.03699051
7533474.00000000	0.73624698	-0.00982245	0.01409445
7532074.00000000	0.73691833	-0.00998984	-0.00938028
7530674.00000000	0.73685074	-0.01015286	-0.03275766
7529274.00000000	0.73608990	-0.01025146	-0.05653156
7527874.00000000	0.73458417	-0.01026355	-0.08044571
7526474.00000000	0.73230453	-0.01021008	-0.10455786
7525074.00000000	0.72926733	-0.01015738	-0.12829706
7523674.00000000	0.72553836	-0.01018893	-0.15162158
7522274.00000000	0.72102258	-0.01023969	-0.17496494
7520874.00000000	0.71568735	-0.01024561	-0.19818979
7519474.00000000	0.70943198	-0.01028421	-0.22175223
7518074.00000000	0.70238507	-0.01018533	-0.24499991
7516674.00000000	0.69423575	-0.01014975	-0.26889478
7515274.00000000	0.68527786	-0.01012012	-0.29222345
7513874.00000000	0.67529376	-0.01001486	-0.31571292
7512474.00000000	0.66432080	-0.00995349	-0.33889435
7511074.00000000	0.65255756	-0.00989957	-0.36152026
7509674.00000000	0.64011215	-0.00983801	-0.38348209
7508274.00000000	0.62663885	-0.00968283	-0.40524512
7506874.00000000	0.61252423	-0.00950552	-0.42624960
7505474.00000000	0.59732068	-0.00919354	-0.44717984
7504074.00000000	0.58136520	-0.00889566	-0.46739636
7502674.00000000	0.56427307	-0.00849240	-0.48742010
7501274.00000000	0.54651132	-0.00802844	-0.50669455
7499874.00000000	0.52795053	-0.00754126	-0.52533948
7498474.00000000	0.50935522	-0.00716544	-0.54267950
7497074.00000000	0.49015039	-0.00675842	-0.55933945
7495674.00000000	0.47074875	-0.00624948	-0.57480466
7494274.00000000	0.45108093	-0.00571017	-0.58950229
7492874.00000000	0.43032346	-0.00510641	-0.60391965
7491474.00000000	0.40871490	-0.00442847	-0.61769336
7490074.00000000	0.38675516	-0.00382651	-0.63067047
7488674.00000000	0.36467914	-0.00313354	-0.64267593
7487274.00000000	0.34244278	-0.00244534	-0.65375763
7485874.00000000	0.32057986	-0.00184415	-0.66370917
7484474.00000000	0.29837299	-0.00108600	-0.67300806
7483074.00000000	0.27606409	-0.00041360	-0.68138446
7481674.00000000	0.25345255	0.00035352	-0.68916254
7480274.00000000	0.23077597	0.00105075	-0.69620374
7478874.00000000	0.20820764	0.00167877	-0.70234888
7477474.00000000	0.18481906	0.00238031	-0.70790753
7476074.00000000	0.16146368	0.00312949	-0.71270563
7474674.00000000	0.13821423	0.00381497	-0.71665369
7473274.00000000	0.11483047	0.00442218	-0.71995877
7471874.00000000	0.09211554	0.00499039	-0.72240262
7470474.00000000	0.06878177	0.00560776	-0.72434116
7469074.00000000	0.04539029	0.00620850	-0.72545316
7467674.00000000	0.02219522	0.00676505	-0.72584842
7466274.00000000	-0.00147836	0.00729230	-0.72556396
7464874.00000000	-0.02569781	0.00781525	-0.72451740
7463474.00000000	-0.04978879	0.00823337	-0.72263132
7462074.00000000	-0.07393753	0.00884888	-0.71997614
7460674.00000000	-0.09812042	0.00930338	-0.71649384
7459274.00000000	-0.12250464	0.00975946	-0.71212540
7457874.00000000	-0.14675345	0.01018207	-0.70698248
7456474.00000000	-0.17028015	0.01049146	-0.70120407
7455074.00000000	-0.19444778	0.01085117	-0.69441098
7453674.00000000	-0.21899673	0.01121393	-0.68647446
7452274.00000000	-0.24358502	0.01143256	-0.67772729
7450874.00000000	-0.26800803	0.01156403	-0.66804483
7449474.00000000	-0.29278711	0.01171243	-0.65720395
7448074.00000000	-0.31640500	0.01177298	-0.64609802
7446674.00000000	-0.34056430	0.01183282	-0.63359000
7445274.00000000	-0.36355490	0.01182840	-0.62074319
7443874.00000000	-0.38636496	0.01178210	-0.60707916
7442474.00000000	-0.40863089	0.01170309	-0.59267490
7441074.00000000	-0.43073386	0.01152136	-0.57729065
7439674.00000000	-0.45233563	0.01121259	-0.56117377
7438274.00000000	-0.47390979	0.01090973	-0.54383929
7436874.00000000	-0.49425888	0.01067975	-0.52635336
7435474.00000000	-0.51408511	0.01035312	-0.50817422
7434074.00000000	-0.53280615	0.01002780	-0.48970737
7432674.00000000	-0.55055569	0.00972076	-0.47086975
7431274.00000000	-0.56760117	0.00943298	-0.45148035
7429874.00000000	-0.58383792	0.00920566	-0.43138736
7428474.00000000	-0.59938751	0.00901782	-0.41098904
7427074.00000000	-0.61406055	0.00888620	-0.39012027
7425674.00000000	-0.62814386	0.00872354	-0.36838062
7424274.00000000	-0.64097363	0.00858286	-0.34689078
7422874.00000000	-0.65308511	0.00847433	-0.32472012
7421474.00000000	-0.66398828	0.00832523	-0.30296182
7420074.00000000	-0.67395395	0.00817227	-0.28126788
7418674.00000000	-0.68296402	0.00809521	-0.25966904
7417274.00000000	-0.69122632	0.00801459	-0.23775970
7415874.00000000	-0.69868985	0.00789868	-0.21576978
7414474.00000000	-0.70563974	0.00789081	-0.19286758
7413074.00000000	-0.71179440	0.00784946	-0.16983481
7411674.00000000	-0.71719516	0.00788660	-0.14667014
7410274.00000000	-0.72171317	0.00789886	-0.12367496
7408874.00000000	-0.72550150	0.00796338	-0.10045325
7407474.00000000	-0.72839914	0.00806699	-0.07783887
7406074.00000000	-0.73068076	0.00814517	-0.05480560
7404674.00000000	-0.73216714	0.00828027	-0.03202750
7403274.00000000	-0.73289914	0.00848532	-0.00872525
7401874.00000000	-0.73282544	0.00875003	0.01513620
7400474.00000000	-0.73196783	0.00888589	0.03913223
7399074.00000000	-0.73024777	0.00907538	0.06309192
7397674.00000000	-0.72771793	0.00942017	0.08722748
7396274.00000000	-0.72434744	0.00963342	0.11098505
7394874.00000000	-0.72003671	0.00981744	0.13513602
7393474.00000000	-0.71501788	0.01007507	0.15850909
7392074.00000000	-0.70900397	0.01035989	0.18239996
7390674.00000000	-0.70204996	0.01068250	0.20636185
7389274.00000000	-0.69411462	0.01092691	0.23047202
7387874.00000000	-0.68536435	0.01130731	0.25415536
7386474.00000000	-0.67506317	0.01135324	0.27916852
7385074.00000000	-0.66397299	0.01133609	0.30349359
7383674.00000000	-0.65215552	0.01136746	0.32723416
7382274.00000000	-0.63935767	0.01141962	0.35074188
7380874.00000000	-0.62582571	0.01140182	0.37364758
7379474.00000000	-0.61140594	0.01130716	0.39626215
7378074.00000000	-0.59619998	0.01115311	0.41833023
7376674.00000000	-0.57987787	0.01096677	0.44040912
7375274.00000000	-0.56279965	0.01066391	0.46198846
7373874.00000000	-0.54460065	0.01032346	0.48326923
7372474.00000000	-0.52613214	0.00985034	0.50353918
7371074.00000000	-0.50708023	0.00935266	0.52291092
7369674.00000000	-0.48794394	0.00889404	0.54106720
7368274.00000000	-0.46824411	0.00842114	0.55866196
7366874.00000000	-0.44815533	0.00785577	0.57519293
7365474.00000000	-0.42810239	0.00737894	0.59066092
7364074.00000000	-0.40723389	0.00687326	0.60564899
7362674.00000000	-0.38574234	0.00638693	0.61991440
7361274.00000000	-0.36339847	0.00582437	0.63359637
7359874.00000000	-0.34112570	0.00530801	0.64614340
7358474.00000000	-0.31939160	0.00485889	0.65747873
7357074.00000000	-0.29707581	0.00445834	0.66813504
7355674.00000000	-0.27546680	0.00411053	0.67745273
7354274.00000000	-0.25367603	0.00376004	0.68616956
7352874.00000000	-0.23124438	0.00346146	0.69420901
7351474.00000000	-0.20858859	0.00317746	0.70160675
7350074.00000000	-0.18523474	0.00282150	0.70827701
7348674.00000000	-0.16232581	0.00262012	0.71400742
7347274.00000000	-0.13905130	0.00236115	0.71906213
7345874.00000000	-0.11612292	0.00216647	0.72326855
7344474.00000000	-0.09376999	0.00207578	0.72671106
7343074.00000000	-0.07103345	0.00182172	0.72935971
7341674.00000000	-0.04766583	0.00155255	0.73140012
7340274.00000000	-0.02519635	0.00129279	0.73260715
7338874.00000000	-0.00156784	0.00118909	0.73317218
7337474.00000000	0.02235754	0.00099463	0.73298355
7336074.00000000	0.04672644	0.00082007	0.73181985
7334674.00000000	0.07087851	0.00063800	0.72998691
7333274.00000000	0.09417911	0.00039813	0.72748132
7331874.00000000	0.11744333	0.00013724	0.72408771
7330474.00000000	0.14084436	-0.00013846	0.71980371
7329074.00000000	0.16437936	-0.00059555	0.71469748
7327674.00000000	0.18767105	-0.00093304	0.70878964
7326274.00000000	0.21169598	-0.00138583	0.70179431
7324874.00000000	0.23538333	-0.00177029	0.69400455
7323474.00000000	0.25999155	-0.00225287	0.68485205
7322074.00000000	0.28377985	-0.00276205	0.67512402
7320674.00000000	0.30724481	-0.00331625	0.66449371
7319274.00000000	0.32990274	-0.00396628	0.65313382
7317874.00000000	0.35176978	-0.00467151	0.64127341
7316474.00000000	0.37372748	-0.00532547	0.62818472
7315074.00000000	0.39560522	-0.00607751	0.61434061
7313674.00000000	0.41677252	-0.00700415	0.59971829
7312274.00000000	0.43824127	-0.00787070	0.58371350
7310874.00000000	0.45912155	-0.00884659	0.56696249
7309474.00000000	0.47891663	-0.00979190	0.54980707
7308074.00000000	0.49806491	-0.01086264	0.53210928
7306674.00000000	0.51637152	-0.01163712	0.51385510
7305274.00000000	0.53387006	-0.01243695	0.49509720
7303874.00000000	0.55089334	-0.01323199	0.47558472
7302474.00000000	0.56677686	-0.01393069	0.45591327
7301074.00000000	0.58232028	-0.01467117	0.43532101
7299674.00000000	0.59691132	-0.01533429	0.41449646
7298274.00000000	0.61081854	-0.01590189	0.39321365
7296874.00000000	0.62384067	-0.01646942	0.37129736
7295474.00000000	0.63553625	-0.01692218	0.35039963
7294074.00000000	0.64672156	-0.01741373	0.32853928
7292674.00000000	0.65696997	-0.01774295	0.30694977
7291274.00000000	0.66652496	-0.01805850	0.28504309
7289874.00000000	0.67545386	-0.01833847	0.26266910
7288474.00000000	0.68354312	-0.01865594	0.24022372
7287074.00000000	0.69106738	-0.01885135	0.21721692
7285674.00000000	0.69784326	-0.01882199	0.19404498
7284274.00000000	0.70385782	-0.01895139	0.17058212
7282874.00000000	0.70909033	-0.01899976	0.14725958
7281474.00000000	0.71342484	-0.01913080	0.12482971
7280074.00000000	0.71717438	-0.01919260	0.10201114
7278674.00000000	0.72023230	-0.01928333	0.07906635
7277274.00000000	0.72262341	-0.01931516	0.05662463
7275874.00000000	0.72434631	-0.01918573	0.03335989
7274474.00000000	0.72544406	-0.01915665	0.00968304
7273074.00000000	0.72575903	-0.01915289	-0.01388870
7271674.00000000	0.72537305	-0.01915518	-0.03808710
7270274.00000000	0.72424380	-0.01895386	-0.06193561
7268874.00000000	0.72233813	-0.01879694	-0.08573788
7267474.00000000	0.71971539	-0.01874664	-0.10993945
7266074.00000000	0.71635464	-0.01871262	-0.13345294
7264674.00000000	0.71220255	-0.01877783	-0.15741345
7263274.00000000	0.70721930	-0.01867383	-0.18122220
7261874.00000000	0.70155933	-0.01863654	-0.20464301
7260474.00000000	0.69471353	-0.01857660	-0.22917990
7259074.00000000	0.68695325	-0.01852347	-0.25371289
7257674.00000000	0.67848294	-0.01850119	-0.27770377
7256274.00000000	0.66894498	-0.01848068	-0.30192737
7254874.00000000	0.65897018	-0.01854996	-0.32470126
7253474.00000000	0.64765256	-0.01860251	-0.34843564
7252074.00000000	0.63599512	-0.01847229	-0.37078351
7250674.00000000	0.62321735	-0.01834338	-0.39329825
7249274.00000000	0.60961935	-0.01820544	-0.41539310
7247874.00000000	0.59477542	-0.01799417	-0.43762137
7246474.00000000	0.57904742	-0.01768173	-0.45949557
7245074.00000000	0.56287924	-0.01752747	-0.48036807
7243674.00000000	0.54614328	-0.01742120	-0.50043680
7242274.00000000	0.52866327	-0.01707233	-0.51984604
7240874.00000000	0.51076202	-0.01660886	-0.53832407
7239474.00000000	0.49244131	-0.01605206	-0.55583252
7238074.00000000	0.47364651	-0.01548584	-0.57265900
7236674.00000000	0.45374194	-0.01482101	-0.58902985
7235274.00000000	0.43362341	-0.01414978	-0.60446515
7233874.00000000	0.41252939	-0.01350232	-0.61933411
7232474.00000000	0.39098795	-0.01279077	-0.63335284
7231074.00000000	0.36957782	-0.01216180	-0.64614136
7229674.00000000	0.34817072	-0.01148276	-0.65790259
7228274.00000000	0.32676028	-0.01081058	-0.66862994
7226874.00000000	0.30521994	-0.01004489	-0.67846777
7225474.00000000	0.28312521	-0.00928964	-0.68771964
7224074.00000000	0.26106097	-0.00866577	-0.69594287
7222674.00000000	0.23849731	-0.00801273	-0.70345093
7221274.00000000	0.21566803	-0.00732034	-0.71021948
7219874.00000000	0.19281400	-0.00664291	-0.71609363
7218474.00000000	0.16978607	-0.00590207	-0.72130975
7217074.00000000	0.14679581	-0.00527115	-0.72566144
7215674.00000000	0.12414374	-0.00470419	-0.72924142
7214274.00000000	0.10148810	-0.00416257	-0.73202649
7212874.00000000	0.07856354	-0.00361542	-0.73411032
7211474.00000000	0.05575607	-0.00307840	-0.73546851
7210074.00000000	0.03210992	-0.00242593	-0.73611151
7208674.00000000	0.00833127	-0.00188330	-0.73596396
7207274.00000000	-0.01554022	-0.00119476	-0.73506760
7205874.00000000	-0.04010925	-0.00056940	-0.73314331
7204474.00000000	-0.06366949	0.00007922	-0.73058514
7203074.00000000	-0.08736926	0.00075009	-0.72720532
7201674.00000000	-0.11118277	0.00141458	-0.72289993
7200274.00000000	-0.13531888	0.00204568	-0.71763641
7198874.00000000	-0.15874591	0.00274780	-0.71168967
7197474.00000000	-0.18252719	0.00341110	-0.70477991
7196074.00000000	-0.20720905	0.00412372	-0.69660944
7194674.00000000	-0.23159366	0.00472867	-0.68749539
7193274.00000000	-0.25611792	0.00523160	-0.67739667
7191874.00000000	-0.28041669	0.00590372	-0.66625015
7190474.00000000	-0.30409494	0.00653632	-0.65441574
7189074.00000000	-0.32754593	0.00726166	-0.64164685
7187674.00000000	-0.35053040	0.00783286	-0.62804877
7186274.00000000	-0.37307944	0.00827542	-0.61371622
7184874.00000000	-0.39577524	0.00883612	-0.59817023
7183474.00000000	-0.41828271	0.00942609	-0.58177972
7182074.00000000	-0.44104465	0.01005869	-0.56404565
7180674.00000000	-0.46280978	0.01015906	-0.54581540
7179274.00000000	-0.48371332	0.01048413	-0.52714987
7177874.00000000	-0.50370535	0.01094156	-0.50807568
7176474.00000000	-0.52292224	0.01138959	-0.48843488
7175074.00000000	-0.54110205	0.01161771	-0.46874319
7173674.00000000	-0.55883536	0.01183295	-0.44823511
7172274.00000000	-0.57539352	0.01237054	-0.42785016
7170874.00000000	-0.59200851	0.01270950	-0.40582413
7169474.00000000	-0.60748523	0.01310205	-0.38383090
7168074.00000000	-0.62204019	0.01352060	-0.36157858
7166674.00000000	-0.63545236	0.01391293	-0.33935352
7165274.00000000	-0.64790988	0.01432376	-0.31700766
7163874.00000000	-0.65905844	0.01482748	-0.29515015
7162474.00000000	-0.66934811	0.01525616	-0.27340765
7161074.00000000	-0.67872037	0.01561673	-0.25159015
7159674.00000000	-0.68772821	0.01590030	-0.22877280
7158274.00000000	-0.69597729	0.01632547	-0.20554868
7156874.00000000	-0.70331107	0.01666846	-0.18207492
7155474.00000000	-0.70986615	0.01694467	-0.15861081
7154074.00000000	-0.71555557	0.01722177	-0.13519370
7152674.00000000	-0.72042068	0.01745395	-0.11169113
7151274.00000000	-0.72423239	0.01782138	-0.08961929
7149874.00000000	-0.72747516	0.01811667	-0.06732999
7148474.00000000	-0.73000708	0.01839923	-0.04427194
7147074.00000000	-0.73183353	0.01877551	-0.02101575
7145674.00000000	-0.73287213	0.01910159	0.00259586
7144274.00000000	-0.73320129	0.01938248	0.02618655
7142874.00000000	-0.73267477	0.01960413	0.05055219
7141474.00000000	-0.73127420	0.01990082	0.07478442
7140074.00000000	-0.72907303	0.02022910	0.09867154
7138674.00000000	-0.72607703	0.02047052	0.12252676
7137274.00000000	-0.72226743	0.02078360	0.14627966
7135874.00000000	-0.71775650	0.02113522	0.16905179
7134474.00000000	-0.71222076	0.02155841	0.19300964
7133074.00000000	-0.70564627	0.02200754	0.21711975
7131674.00000000	-0.69803458	0.02242233	0.24150143
7130274.00000000	-0.68975958	0.02282071	0.26516370
7128874.00000000	-0.68041971	0.02316165	0.28891058
7127474.00000000	-0.67018649	0.02337546	0.31231882
7126074.00000000	-0.65895190	0.02355081	0.33565381
7124674.00000000	-0.64699295	0.02366760	0.35838641
7123274.00000000	-0.63414728	0.02379950	0.38068411
7121874.00000000	-0.62105875	0.02410922	0.40185913
7120474.00000000	-0.60658392	0.02416370	0.42347006
7119074.00000000	-0.59078760	0.02406747	0.44516336
7117674.00000000	-0.57430716	0.02395319	0.46621182
7116274.00000000	-0.55692584	0.02368433	0.48685800
7114874.00000000	-0.53930005	0.02341223	0.50623178
7113474.00000000	-0.52087234	0.02307294	0.52501132
7112074.00000000	-0.50198444	0.02263770	0.54304590
7110674.00000000	-0.48279480	0.02220413	0.55997333
7109274.00000000	-0.46309836	0.02186249	0.57619290
7107874.00000000	-0.44309415	0.02136792	0.59165063
7106474.00000000	-0.42298465	0.02062720	0.60610596
7105074.00000000	-0.40097778	0.02027039	0.62059396
7103674.00000000	-0.37901532	0.01989359	0.63391809
7102274.00000000	-0.35695990	0.01935059	0.64639972
7100874.00000000	-0.33497354	0.01878415	0.65778589
7099474.00000000	-0.31312067	0.01823505	0.66813913
7098074.00000000	-0.29112537	0.01769556	0.67772128
7096674.00000000	-0.26904767	0.01727856	0.68651978
7095274.00000000	-0.24705994	0.01679944	0.69441461
7093874.00000000	-0.22427258	0.01631070	0.70191153
7092474.00000000	-0.20141769	0.01580560	0.70861575
7091074.00000000	-0.17835391	0.01529944	0.71453180
7089674.00000000	-0.15609229	0.01490063	0.71948294
7088274.00000000	-0.13305942	0.01433621	0.72389694
7086874.00000000	-0.11016418	0.01378455	0.72753418
7085474.00000000	-0.08731418	0.01320023	0.73047867
7084074.00000000	-0.06495462	0.01262296	0.73257376
7082674.00000000	-0.04199826	0.01204993	0.73415567
7081274.00000000	-0.01947833	0.01161270	0.73486490
7079874.00000000	0.00389978	0.01115796	0.73487955
7078474.00000000	0.02745752	0.01072241	0.73411353
7077074.00000000	0.05107819	0.01017123	0.73261569
7075674.00000000	0.07426270	0.00958289	0.73020251
7074274.00000000	0.09768295	0.00907513	0.72719116
7072874.00000000	0.12111298	0.00871622	0.72331430
7071474.00000000	0.14428839	0.00804559	0.71868237
7070074.00000000	0.16754163	0.00733286	0.71304636
7068674.00000000	0.19168213	0.00653952	0.70631009
7067274.00000000	0.21590720	0.00543881	0.69864603
7065874.00000000	0.24009668	0.00467093	0.68992493
7064474.00000000	0.26401535	0.00390384	0.68027704
7063074.00000000	0.28780673	0.00276892	0.66958545
7061674.00000000	0.31063498	0.00168045	0.65841333
7060274.00000000	0.33290921	0.00109293	0.64651361
7058874.00000000	0.35551328	0.00021387	0.63342899
7057474.00000000	0.37757797	-0.00095535	0.61948755
7056074.00000000	0.39942236	-0.00221777	0.60463065
7054674.00000000	0.42127414	-0.00313269	0.58853644
7053274.00000000	0.44282761	-0.00418805	0.57147021
7051874.00000000	0.46341299	-0.00541437	0.55397485
7050474.00000000	0.48298563	-0.00651276	0.53616568
7049074.00000000	0.50177121	-0.00742508	0.51783679
7047674.00000000	0.52000479	-0.00834201	0.49872659
7046274.00000000	0.53741711	-0.00921506	0.47918872
7044874.00000000	0.55397131	-0.01004202	0.45934775
7043474.00000000	0.57064117	-0.01063766	0.43806735
7042074.00000000	0.58603308	-0.01122507	0.41684943
7040674.00000000	0.60088022	-0.01192886	0.39477130
7039274.00000000	0.61434058	-0.01251862	0.37317175
7037874.00000000	0.62710181	-0.01329993	0.35114441
7036474.00000000	0.63912546	-0.01387637	0.32884445
7035074.00000000	0.64994131	-0.01403030	0.30702844
7033674.00000000	0.66007770	-0.01430930	0.28481833
7032274.00000000	0.66933698	-0.01443576	0.26269131
7030874.00000000	0.67796872	-0.01448032	0.24026358
7029474.00000000	0.68593661	-0.01468344	0.21745834
7028074.00000000	0.69315030	-0.01482275	0.19449408
7026674.00000000	0.69965445	-0.01494272	0.17126453
7025274.00000000	0.70540906	-0.01512061	0.14810526
7023874.00000000	0.71041718	-0.01515530	0.12492169
7022474.00000000	0.71468173	-0.01520828	0.10209039
7021074.00000000	0.71818274	-0.01532382	0.07954547
7019674.00000000	0.72110568	-0.01547845	0.05650531
7018274.00000000	0.72340695	-0.01566858	0.03257614
7016874.00000000	0.72496646	-0.01580215	0.00895447
7015474.00000000	0.72583136	-0.01592831	-0.01538184
7014074.00000000	0.72590591	-0.01615500	-0.03931375
7012674.00000000	0.72524710	-0.01642538	-0.06317007
7011274.00000000	0.72385229	-0.01674295	-0.08704474
7009874.00000000	0.72170776	-0.01703568	-0.11063443
7008474.00000000	0.71885870	-0.01733276	-0.13400568
7007074.00000000	0.71521896	-0.01774677	-0.15759183
7005674.00000000	0.71065671	-0.01814917	-0.18187332
7004274.00000000	0.70537979	-0.01857254	-0.20564474
7002874.00000000	0.69904099	-0.01891547	-0.23002649
7001474.00000000	0.69179169	-0.01945105	-0.25459973
7000074.00000000	0.68367834	-0.02002197	-0.27858401
6998674.00000000	0.67465335	-0.02047995	-0.30255124
6997274.00000000	0.66484857	-0.02094049	-0.32581021
6995874.00000000	0.65421652	-0.02142905	-0.34868994
6994474.00000000	0.64288339	-0.02194037	-0.37097849
6993074.00000000	0.63041254	-0.02241946	-0.39336240
6991674.00000000	0.61702628	-0.02290631	-0.41536032
6990274.00000000	0.60260477	-0.02341687	-0.43731439
6988874.00000000	0.58691440	-0.02393677	-0.45908118
6987474.00000000	0.57105426	-0.02434622	-0.47936325
6986074.00000000	0.55445291	-0.02476208	-0.49909760
6984674.00000000	0.53746271	-0.02512628	-0.51774756
6983274.00000000	0.51981430	-0.02549634	-0.53566547
6981874.00000000	0.50141742	-0.02583560	-0.55293704
6980474.00000000	0.48244373	-0.02599707	-0.56948785
6979074.00000000	0.46276596	-0.02606146	-0.58528091
6977674.00000000	0.44255576	-0.02608102	-0.60031601
6976274.00000000	0.42198987	-0.02607999	-0.61439798
6974874.00000000	0.40119901	-0.02600977	-0.62748114
6973474.00000000	0.37989166	-0.02588205	-0.63989413
6972074.00000000	0.35892328	-0.02575854	-0.65118387
6970674.00000000	0.33751733	-0.02557614	-0.66173163
6969274.00000000	0.31582089	-0.02530252	-0.67148627
6967874.00000000	0.29377029	-0.02509311	-0.68059470
6966474.00000000	0.27154602	-0.02479825	-0.68891599
6965074.00000000	0.24883374	-0.02454092	-0.69653827
6963674.00000000	0.22575607	-0.02418964	-0.70341046
6962274.00000000	0.20281824	-0.02386035	-0.70953046
6960874.00000000	0.17997266	-0.02353799	-0.71474969
6959474.00000000	0.15778781	-0.02327579	-0.71926465
6958074.00000000	0.13519321	-0.02296307	-0.72308725
6956674.00000000	0.11307098	-0.02259787	-0.72618527
6955274.00000000	0.08971149	-0.02228568	-0.72875528
6953874.00000000	0.06682877	-0.02192410	-0.73050427
6952474.00000000	0.04300638	-0.02151059	-0.73149945
6951074.00000000	0.01927271	-0.02107321	-0.73180539
6949674.00000000	-0.00415790	-0.02071228	-0.73133481
6948274.00000000	-0.02785098	-0.02024527	-0.73014215
6946874.00000000	-0.05159262	-0.01981671	-0.72812103
6945474.00000000	-0.07541922	-0.01935074	-0.72558633
6944074.00000000	-0.09865964	-0.01878540	-0.72217422
6942674.00000000	-0.12238000	-0.01806662	-0.71791345
6941274.00000000	-0.14615112	-0.01736688	-0.71279727
6939874.00000000	-0.17049634	-0.01658484	-0.70669666
6938474.00000000	-0.19513855	-0.01577850	-0.69957932
6937074.00000000	-0.21987640	-0.01482538	-0.69167249
6935674.00000000	-0.24390671	-0.01399753	-0.68290445
6934274.00000000	-0.26765146	-0.01297916	-0.67332486
6932874.00000000	-0.29128644	-0.01191299	-0.66280814
6931474.00000000	-0.31474124	-0.01073727	-0.65151212
6930074.00000000	-0.33783978	-0.00951157	-0.63940570
6928674.00000000	-0.36122769	-0.00817883	-0.62608734
6927274.00000000	-0.38480307	-0.00665326	-0.61150751
6925874.00000000	-0.40762985	-0.00517834	-0.59637833
6924474.00000000	-0.42992032	-0.00369406	-0.58047736
6923074.00000000	-0.45138373	-0.00225348	-0.56409973
6921674.00000000	-0.47213806	-0.00079340	-0.54710309
6920274.00000000	-0.49214243	0.00082373	-0.52943283
6918874.00000000	-0.51093378	0.00224008	-0.51165573
6917474.00000000	-0.52966403	0.00379175	-0.49273563
6916074.00000000	-0.54787753	0.00532980	-0.47308209
6914674.00000000	-0.56489584	0.00675140	-0.45321558
6913274.00000000	-0.58110233	0.00809302	-0.43294601
6911874.00000000	-0.59664456	0.00944199	-0.41204312
6910474.00000000	-0.61144513	0.01057538	-0.39053134
6909074.00000000	-0.62506918	0.01170810	-0.36900681
6907674.00000000	-0.63778134	0.01275531	-0.34716068
6906274.00000000	-0.64916187	0.01369028	-0.32602875
6904874.00000000	-0.66018826	0.01458011	-0.30388202
6903474.00000000	-0.67010202	0.01542560	-0.28202493
6902074.00000000	-0.67950439	0.01619720	-0.25945898
6900674.00000000	-0.68797226	0.01695999	-0.23668304
6899274.00000000	-0.69561758	0.01755746	-0.21396478
6897874.00000000	-0.70241940	0.01820044	-0.19131326
6896474.00000000	-0.70842490	0.01875421	-0.16846329
6895074.00000000	-0.71355856	0.01935739	-0.14588306
6893674.00000000	-0.71805292	0.01973431	-0.12310461
6892274.00000000	-0.72174774	0.02017255	-0.10072345
6890874.00000000	-0.72483749	0.02069809	-0.07742538
6889474.00000000	-0.72718335	0.02114023	-0.05390903
6888074.00000000	-0.72875317	0.02158789	-0.03048926
6886674.00000000	-0.72955447	0.02219873	-0.00612051
6885274.00000000	-0.72961362	0.02277060	0.01747202
6883874.00000000	-0.72891852	0.02336859	0.04097522
6882474.00000000	-0.72743863	0.02393201	0.06433688
6881074.00000000	-0.72522507	0.02458890	0.08760107
6879674.00000000	-0.72224466	0.02513559	0.11098718
6878274.00000000	-0.71822440	0.02574615	0.13547748
6876874.00000000	-0.71343506	0.02638522	0.15974997
6875474.00000000	-0.70776407	0.02700546	0.18396542
6874074.00000000	-0.70103253	0.02761774	0.20862439
6872674.00000000	-0.69348331	0.02820419	0.23293048
6871274.00000000	-0.68490323	0.02872339	0.25731705
6869874.00000000	-0.67572134	0.02919595	0.28080075
6868474.00000000	-0.66544754	0.02964072	0.30459583
6867074.00000000	-0.65432297	0.02998950	0.32795102
6865674.00000000	-0.64237296	0.03031824	0.35093680
6864274.00000000	-0.62909622	0.03063254	0.37421680
6862874.00000000	-0.61525839	0.03087335	0.39670572
6861474.00000000	-0.60020044	0.03097055	0.41925391
6860074.00000000	-0.58466098	0.03110580	0.44072778
6858674.00000000	-0.56867017	0.03112338	0.46145575
6857274.00000000	-0.55188672	0.03104755	0.48166867
6855874.00000000	-0.53402374	0.03094415	0.50167706
6854474.00000000	-0.51608417	0.03083353	0.52042545
6853074.00000000	-0.49766510	0.03058841	0.53834909
6851674.00000000	-0.47859018	0.03029590	0.55570062
6850274.00000000	-0.45868524	0.02993649	0.57252213
6848874.00000000	-0.43809476	0.02962390	0.58877963
6847474.00000000	-0.41725421	0.02922198	0.60398590
6846074.00000000	-0.39646838	0.02887436	0.61804538
6844674.00000000	-0.37544128	0.02845160	0.63131259
6843274.00000000	-0.35424667	0.02804660	0.64364249
6841874.00000000	-0.33249484	0.02763391	0.65522351
6840474.00000000	-0.31101648	0.02713965	0.66570026
6839074.00000000	-0.28869003	0.02671472	0.67564087
6837674.00000000	-0.26652951	0.02628442	0.68470874
6836274.00000000	-0.24423621	0.02578482	0.69292474
6834874.00000000	-0.22175665	0.02535391	0.70033139
6833474.00000000	-0.19916666	0.02493198	0.70697946
6832074.00000000	-0.17654584	0.02454031	0.71282333
6830674.00000000	-0.15390417	0.02416003	0.71797116
6829274.00000000	-0.13136243	0.02379471	0.72233627
6827874.00000000	-0.10876193	0.02345593	0.72604053
6826474.00000000	-0.08613571	0.02315451	0.72884369
6825074.00000000	-0.06324976	0.02271863	0.73116650
6823674.00000000	-0.03977829	0.02239331	0.73273700
6822274.00000000	-0.01586649	0.02223611	0.73348581
6820874.00000000	0.00778128	0.02192590	0.73352832
6819474.00000000	0.03145483	0.02159512	0.73279852
6818074.00000000	0.05498727	0.02124011	0.73131183
6816674.00000000	0.07872058	0.02094147	0.72907623
6815274.00000000	0.10295026	0.02053366	0.72597922
6813874.00000000	0.12707544	0.02011938	0.72203357
6812474.00000000	0.15145126	0.01962796	0.71723709
6811074.00000000	0.17687692	0.01904471	0.71132864
6809674.00000000	0.20108121	0.01845038	0.70461661
6808274.00000000	0.22576074	0.01777322	0.69695041
6806874.00000000	0.24990759	0.01690604	0.68845349
6805474.00000000	0.27396548	0.01607034	0.67896698
6804074.00000000	0.29830057	0.01501047	0.66831186
6802674.00000000	0.32166452	0.01391803	0.65702460
6801274.00000000	0.34478162	0.01280881	0.64478427
6799874.00000000	0.36864346	0.01155078	0.63103360
6798474.00000000	0.39148694	0.01028522	0.61666357
6797074.00000000	0.41418716	0.00890015	0.60110785
6795674.00000000	0.43620325	0.00743085	0.58483994
6794274.00000000	0.45708667	0.00602533	0.56822385
6792874.00000000	0.47727429	0.00458139	0.55091425
6791474.00000000	0.49689432	0.00298914	0.53274878
6790074.00000000	0.51591098	0.00149728	0.51384375
6788674.00000000	0.53427850	0.00013156	0.49430582
6787274.00000000	0.55201959	-0.00138467	0.47381247
6785874.00000000	0.56876199	-0.00278262	0.45323441
6784474.00000000	0.58470773	-0.00418274	0.43204675
6783074.00000000	0.59956900	-0.00544876	0.41074039
6781674.00000000	0.61346762	-0.00657065	0.38930536
6780274.00000000	0.62695355	-0.00748978	0.36699142
6778874.00000000	0.63909473	-0.00866452	0.34529791
6777474.00000000	0.65072745	-0.00971915	0.32271466
6776074.00000000	0.66169559	-0.01063028	0.29956088
6774674.00000000	0.67178702	-0.01161612	0.27628821
6773274.00000000	0.68088455	-0.01263492	0.25327908
6771874.00000000	0.68935349	-0.01327609	0.22975247
6770474.00000000	0.69684625	-0.01394052	0.20645267
6769074.00000000	0.70358655	-0.01460815	0.18337036
6767674.00000000	0.70949304	-0.01523950	0.16048148
6766274.00000000	0.71483057	-0.01580069	0.13693472
6764874.00000000	0.71930121	-0.01646191	0.11379269
6763474.00000000	0.72305676	-0.01704651	0.09075900
6762074.00000000	0.72615314	-0.01770267	0.06721216
6760674.00000000	0.72852649	-0.01833228	0.04353922
6759274.00000000	0.73012369	-0.01896045	0.01990314
6757874.00000000	0.73097162	-0.01958041	-0.00354700
6756474.00000000	0.73109058	-0.02031033	-0.02728128
6755074.00000000	0.73035587	-0.02085388	-0.05105670
6753674.00000000	0.72888669	-0.02159973	-0.07464426
6752274.00000000	0.72669617	-0.02226953	-0.09794717
6750874.00000000	0.72359253	-0.02308139	-0.12152817
6749474.00000000	0.71958972	-0.02392590	-0.14592587
6748074.00000000	0.71471533	-0.02477283	-0.16988635
6746674.00000000	0.70900977	-0.02577222	-0.19359644
6745274.00000000	0.70223981	-0.02658765	-0.21779285
6743874.00000000	0.69452362	-0.02746289	-0.24170746
6742474.00000000	0.68602615	-0.02843182	-0.26526593
6741074.00000000	0.67643930	-0.02930060	-0.28886557
6739674.00000000	0.66591043	-0.03010931	-0.31235565
6738274.00000000	0.65462482	-0.03094104	-0.33505280
6736874.00000000	0.64227988	-0.03168854	-0.35779681
6735474.00000000	0.62922195	-0.03244391	-0.37994791
6734074.00000000	0.61520663	-0.03313751	-0.40180319
6732674.00000000	0.60010190	-0.03386288	-0.42355112
6731274.00000000	0.58430551	-0.03435437	-0.44460748
6729874.00000000	0.56780258	-0.03481265	-0.46502707
6728474.00000000	0.55066382	-0.03510104	-0.48477832
6727074.00000000	0.53291031	-0.03530768	-0.50388150
6725674.00000000	0.51488425	-0.03536725	-0.52181601
6724274.00000000	0.49596783	-0.03528693	-0.53957938
6722874.00000000	0.47627261	-0.03506256	-0.55654721
6721474.00000000	0.45608777	-0.03478262	-0.57286771
6720074.00000000	0.43538007	-0.03441174	-0.58836771
6718674.00000000	0.41438858	-0.03397940	-0.60306583
6717274.00000000	0.39368784	-0.03360028	-0.61650095
6715874.00000000	0.37237045	-0.03296213	-0.62932501
6714474.00000000	0.35149326	-0.03243292	-0.64084766
6713074.00000000	0.33042868	-0.03178665	-0.65170758
6711674.00000000	0.30901389	-0.03109256	-0.66183585
6710274.00000000	0.28650241	-0.03041183	-0.67171539
6708874.00000000	0.26411789	-0.02972488	-0.68055881
6707474.00000000	0.24107574	-0.02901636	-0.68886929
6706074.00000000	0.21880957	-0.02835971	-0.69596722
6704674.00000000	0.19617160	-0.02764841	-0.70247977
6703274.00000000	0.17403879	-0.02700671	-0.70824567
6701874.00000000	0.15160229	-0.02631161	-0.71327039
6700474.00000000	0.12872061	-0.02558038	-0.71767386
6699074.00000000	0.10576791	-0.02495099	-0.72141290
6697674.00000000	0.08210391	-0.02428146	-0.72448907
6696274.00000000	0.05837094	-0.02371414	-0.72690686
6694874.00000000	0.03466180	-0.02310928	-0.72863470
6693474.00000000	0.01098157	-0.02255457	-0.72960309
6692074.00000000	-0.01247046	-0.02204022	-0.72974463
6690674.00000000	-0.03608383	-0.02158060	-0.72925305
6689274.00000000	-0.05946674	-0.02106592	-0.72805484
6687874.00000000	-0.08290997	-0.02065109	-0.72614795
6686474.00000000	-0.10692450	-0.02016196	-0.72340802
6685074.00000000	-0.13044696	-0.01968225	-0.71991119
6683674.00000000	-0.15450247	-0.01922534	-0.71549542
6682274.00000000	-0.17864478	-0.01871759	-0.71023215
6680874.00000000	-0.20244910	-0.01822729	-0.70431308
6679474.00000000	-0.22614423	-0.01770264	-0.69749899
6678074.00000000	-0.24983148	-0.01716043	-0.68991187
6676674.00000000	-0.27325781	-0.01654144	-0.68134863
6675274.00000000	-0.29661978	-0.01591235	-0.67186261
6673874.00000000	-0.31975848	-0.01522437	-0.66148761
6672474.00000000	-0.34265521	-0.01449728	-0.65012662
6671074.00000000	-0.36535056	-0.01376749	-0.63784454
6669674.00000000	-0.38806808	-0.01294073	-0.62446887
6668274.00000000	-0.40997540	-0.01209161	-0.61054840
6666874.00000000	-0.43145792	-0.01115005	-0.59573621
6665474.00000000	-0.45241956	-0.01011160	-0.58005997
6664074.00000000	-0.47257733	-0.00899872	-0.56396201
6662674.00000000	-0.49235327	-0.00782214	-0.54693445
6661274.00000000	-0.51127783	-0.00657245	-0.52935190
6659874.00000000	-0.52962488	-0.00526361	-0.51114880
6658474.00000000	-0.54753281	-0.00392773	-0.49195068
6657074.00000000	-0.56446439	-0.00263297	-0.47261862
6655674.00000000	-0.58063058	-0.00123618	-0.45256854
6654274.00000000	-0.59607153	0.00022211	-0.43198795
6652874.00000000	-0.61025046	0.00168912	-0.41151764
6651474.00000000	-0.62349600	0.00313354	-0.39095395
6650074.00000000	-0.63609491	0.00454767	-0.36977811
6648674.00000000	-0.64796890	0.00580704	-0.34806216
6647274.00000000	-0.65920828	0.00704526	-0.32594214
6645874.00000000	-0.66950934	0.00822949	-0.30364127
6644474.00000000	-0.67885913	0.00942767	-0.28133997
6643074.00000000	-0.68757947	0.01066574	-0.25852646
6641674.00000000	-0.69524826	0.01179672	-0.23607709
6640274.00000000	-0.70209146	0.01289920	-0.21366589
6638874.00000000	-0.70823126	0.01393365	-0.19127698
6637474.00000000	-0.71362466	0.01488644	-0.16870364
6636074.00000000	-0.71831433	0.01592624	-0.14586978
6634674.00000000	-0.72228177	0.01693314	-0.12302274
6633274.00000000	-0.72547437	0.01794934	-0.09987326
6631874.00000000	-0.72800510	0.01895670	-0.07609674
6630474.00000000	-0.72981534	0.01989178	-0.05262903
6629074.00000000	-0.73084338	0.02090289	-0.02871921
6627674.00000000	-0.73104626	0.02193375	-0.00504190
6626274.00000000	-0.73048419	0.02293341	0.01819806
6624874.00000000	-0.72913309	0.02397150	0.04189267
6623474.00000000	-0.72708429	0.02503070	0.06512878
6622074.00000000	-0.72405957	0.02604501	0.08943243
6620674.00000000	-0.72015808	0.02705591	0.11372003
6619274.00000000	-0.71533383	0.02807614	0.13870016
6617874.00000000	-0.70954532	0.02911606	0.16355371
6616474.00000000	-0.70290250	0.03010324	0.18812714
6615074.00000000	-0.69532962	0.03102081	0.21249231
6613674.00000000	-0.68683234	0.03182678	0.23698672
6612274.00000000	-0.67745181	0.03251706	0.26103375
6610874.00000000	-0.66704755	0.03310886	0.28531024
6609474.00000000	-0.65563138	0.03361142	0.30952841
6608074.00000000	-0.64328052	0.03403403	0.33351730
6606674.00000000	-0.63013440	0.03434695	0.35723669
6605274.00000000	-0.61587329	0.03451013	0.38111600
6603874.00000000	-0.60091592	0.03451959	0.40426926
6602474.00000000	-0.58538507	0.03434351	0.42669272
6601074.00000000	-0.56908273	0.03402029	0.44858929
6599674.00000000	-0.55220172	0.03364917	0.46985568
6598274.00000000	-0.53472308	0.03323068	0.49040594
6596874.00000000	-0.51619067	0.03266815	0.51105060
6595474.00000000	-0.49727664	0.03205215	0.53041855
6594074.00000000	-0.47745523	0.03131369	0.54964813
6592674.00000000	-0.45770898	0.03056577	0.56737735
6591274.00000000	-0.43781442	0.02988449	0.58413797
6589874.00000000	-0.41749905	0.02921048	0.60002588
6588474.00000000	-0.39687393	0.02850729	0.61510394
6587074.00000000	-0.37614117	0.02784271	0.62909244
6585674.00000000	-0.35493842	0.02717734	0.64233405
6584274.00000000	-0.33382990	0.02660379	0.65460855
6582874.00000000	-0.31191901	0.02602011	0.66634091
6581474.00000000	-0.28991800	0.02543042	0.67695905
6580074.00000000	-0.26783353	0.02487924	0.68677533
6578674.00000000	-0.24569495	0.02437036	0.69562524
6577274.00000000	-0.22365289	0.02393661	0.70359607
6575874.00000000	-0.20148633	0.02357184	0.71072879
6574474.00000000	-0.17948026	0.02325928	0.71705417
6573074.00000000	-0.15791086	0.02296310	0.72260162
6571674.00000000	-0.13540585	0.02267740	0.72743835
6570274.00000000	-0.11252039	0.02241263	0.73159906
6568874.00000000	-0.08929318	0.02221332	0.73499194
6567474.00000000	-0.06627933	0.02203140	0.73761115
6566074.00000000	-0.04293967	0.02183157	0.73941949
6564674.00000000	-0.02002390	0.02169006	0.74037698
6563274.00000000	0.00298639	0.02149973	0.74053104
6561874.00000000	0.02614182	0.02134961	0.73988855
6560474.00000000	0.05014490	0.02127823	0.73833322
6559074.00000000	0.07347882	0.02120264	0.73605423
6557674.00000000	0.09764990	0.02106158	0.73278482
6556274.00000000	0.12142355	0.02095367	0.72856863
6554874.00000000	0.14588306	0.02073740	0.72334924
6553474.00000000	0.16993256	0.02056955	0.71731857
6552074.00000000	0.19435397	0.02035864	0.71015683
6550674.00000000	0.21845862	0.02006375	0.70209891
6549274.00000000	0.24257019	0.01974500	0.69294510
6547874.00000000	0.26667563	0.01945935	0.68267737
6546474.00000000	0.29070596	0.01907166	0.67140253
6545074.00000000	0.31483130	0.01862411	0.65889401
6543674.00000000	0.33820218	0.01811639	0.64572916
6542274.00000000	0.36125473	0.01753995	0.63174759
6540874.00000000	0.38447574	0.01697125	0.61637589
6539474.00000000	0.40716418	0.01635342	0.60009949
6538074.00000000	0.42903049	0.01562164	0.58329941
6536674.00000000	0.45005234	0.01490372	0.56589310
6535274.00000000	0.47080264	0.01409982	0.54768518
6533874.00000000	0.49102884	0.01334772	0.52861856
6532474.00000000	0.51017899	0.01243961	0.50921457
6531074.00000000	0.52838858	0.01150131	0.48951559
6529674.00000000	0.54609924	0.01061700	0.46906989
6528274.00000000	0.56304120	0.00963016	0.44818494
6526874.00000000	0.57915027	0.00867377	0.42693768
6525474.00000000	0.59425815	0.00775238	0.40548813
6524074.00000000	0.60820209	0.00671677	0.38414474
6522674.00000000	0.62140994	0.00576199	0.36256067
6521274.00000000	0.63371036	0.00472409	0.34078812
6519874.00000000	0.64553040	0.00386053	0.31826550
6518474.00000000	0.65637225	0.00304001	0.29574374
6517074.00000000	0.66653494	0.00217831	0.27287979
6515674.00000000	0.67563193	0.00136505	0.25033066
6514274.00000000	0.68433420	0.00064963	0.22658493
6512874.00000000	0.69190286	-0.00010114	0.20369162
6511474.00000000	0.69862469	-0.00086737	0.18122888
6510074.00000000	0.70467273	-0.00161807	0.15830222
6508674.00000000	0.71003647	-0.00231305	0.13543057
6507274.00000000	0.71459558	-0.00293057	0.11260678
6505874.00000000	0.71858810	-0.00369873	0.08924222
6504474.00000000	0.72177997	-0.00448889	0.06574823
6503074.00000000	0.72430212	-0.00533762	0.04214230
6501674.00000000	0.72605222	-0.00615268	0.01859329
6500274.00000000	0.72703363	-0.00692444	-0.00509137
6498874.00000000	0.72723154	-0.00765594	-0.02874524
6497474.00000000	0.72671030	-0.00858414	-0.05245541
6496074.00000000	0.72548111	-0.00953558	-0.07540723
6494674.00000000	0.72348920	-0.01055756	-0.09879086
6493274.00000000	0.72068781	-0.01161447	-0.12195483
6491874.00000000	0.71685291	-0.01262210	-0.14667670
6490474.00000000	0.71222464	-0.01386905	-0.17108640
6489074.00000000	0.70665643	-0.01515601	-0.19534338
6487674.00000000	0.70036951	-0.01633905	-0.21913934
6486274.00000000	0.69328824	-0.01755911	-0.24254446
6484874.00000000	0.68529111	-0.01890878	-0.26586169
6483474.00000000	0.67627487	-0.02035635	-0.28943253
6482074.00000000	0.66631348	-0.02174783	-0.31275778
6480674.00000000	0.65568771	-0.02315649	-0.33546225
6479274.00000000	0.64418909	-0.02452673	-0.35791592
6477874.00000000	0.63175909	-0.02583286	-0.38022110
6476474.00000000	0.61846164	-0.02713931	-0.40207135
6475074.00000000	0.60433539	-0.02839401	-0.42352191
6473674.00000000	0.58962888	-0.02960574	-0.44418594
6472274.00000000	0.57418509	-0.03067490	-0.46433386
6470874.00000000	0.55796048	-0.03166187	-0.48393851
6469474.00000000	0.54127060	-0.03252234	-0.50268069
6468074.00000000	0.52398239	-0.03334167	-0.52084381
6466674.00000000	0.50554379	-0.03403223	-0.53861530
6465274.00000000	0.48622134	-0.03470068	-0.55594409
6463874.00000000	0.46685944	-0.03521442	-0.57200464
6462474.00000000	0.44714035	-0.03560809	-0.58731131
6461074.00000000	0.42694406	-0.03594189	-0.60174323
6459674.00000000	0.40642938	-0.03619980	-0.61531927
6458274.00000000	0.38550885	-0.03628467	-0.62802762
6456874.00000000	0.36464929	-0.03635513	-0.63983713
6455474.00000000	0.34406064	-0.03638892	-0.65047119
6454074.00000000	0.32287607	-0.03634750	-0.66059534
6452674.00000000	0.30072672	-0.03623788	-0.67032681
6451274.00000000	0.27829437	-0.03603613	-0.67926306
6449874.00000000	0.25616946	-0.03582480	-0.68731775
6448474.00000000	0.23373087	-0.03553906	-0.69463898
6447074.00000000	0.21122388	-0.03528906	-0.70124878
6445674.00000000	0.18882495	-0.03504532	-0.70712695
6444274.00000000	0.16659558	-0.03476895	-0.71212546
6442874.00000000	0.14353571	-0.03447598	-0.71670660
6441474.00000000	0.12031528	-0.03419305	-0.72057889
6440074.00000000	0.09742603	-0.03387549	-0.72364764
6438674.00000000	0.07415732	-0.03359415	-0.72599792
6437274.00000000	0.05079581	-0.03326294	-0.72766046
6435874.00000000	0.02663751	-0.03292679	-0.72871951
6434474.00000000	0.00317807	-0.03257501	-0.72883774
6433074.00000000	-0.02001080	-0.03219827	-0.72850247
6431674.00000000	-0.04330182	-0.03175922	-0.72719788
6430274.00000000	-0.06677057	-0.03129312	-0.72524783
6428874.00000000	-0.09116171	-0.03077341	-0.72241965
6427474.00000000	-0.11511288	-0.03028387	-0.71880350
6426074.00000000	-0.13980115	-0.02970004	-0.71418845
6424674.00000000	-0.16398679	-0.02909082	-0.70883771
6423274.00000000	-0.18811404	-0.02834714	-0.70251920
6421874.00000000	-0.21256241	-0.02753232	-0.69516867
6420474.00000000	-0.23666406	-0.02669095	-0.68700922
6419074.00000000	-0.26019608	-0.02575940	-0.67805548
6417674.00000000	-0.28399960	-0.02474582	-0.66810181
6416274.00000000	-0.30765402	-0.02363354	-0.65716745
6414874.00000000	-0.33138245	-0.02251242	-0.64507187
6413474.00000000	-0.35527853	-0.02130536	-0.63192941
6412074.00000000	-0.37854001	-0.01998669	-0.61787000
6410674.00000000	-0.40113992	-0.01856924	-0.60301767
6409274.00000000	-0.42324686	-0.01704861	-0.58739053
6407874.00000000	-0.44427982	-0.01557037	-0.57141946
6406474.00000000	-0.46517413	-0.01408197	-0.55436002
6405074.00000000	-0.48546503	-0.01254733	-0.53644559
6403674.00000000	-0.50505368	-0.01095831	-0.51788608
6402274.00000000	-0.52394174	-0.00947748	-0.49857565
6400874.00000000	-0.54247198	-0.00799365	-0.47833640
6399474.00000000	-0.55984558	-0.00647662	-0.45805643
6398074.00000000	-0.57663385	-0.00500446	-0.43689816
6396674.00000000	-0.59207169	-0.00356818	-0.41600897
6395274.00000000	-0.60683240	-0.00216037	-0.39450562
6393874.00000000	-0.62055615	-0.00079807	-0.37295361
6392474.00000000	-0.63351031	0.00054886	-0.35106348
6391074.00000000	-0.64530408	0.00194199	-0.32944235
6389674.00000000	-0.65669302	0.00317975	-0.30704391
6388274.00000000	-0.66718787	0.00425668	-0.28446198
6386874.00000000	-0.67699353	0.00534903	-0.26157037
6385474.00000000	-0.68592310	0.00637262	-0.23877640
6384074.00000000	-0.69392249	0.00727917	-0.21611847
6382674.00000000	-0.70128232	0.00820789	-0.19313474
6381274.00000000	-0.70793735	0.00912836	-0.17002158
6379874.00000000	-0.71394110	0.01004166	-0.14669476
6378474.00000000	-0.71907681	0.01083997	-0.12358713
6377074.00000000	-0.72365875	0.01162268	-0.09989752
6375674.00000000	-0.72750394	0.01249335	-0.07610654
6374274.00000000	-0.73061398	0.01328696	-0.05224573
6372874.00000000	-0.73307587	0.01408691	-0.02781015
6371474.00000000	-0.73467432	0.01500848	-0.00458063
6370074.00000000	-0.73568829	0.01588733	0.01914227
6368674.00000000	-0.73590558	0.01663754	0.04263708
6367274.00000000	-0.73542670	0.01741232	0.06676614
6365874.00000000	-0.73416718	0.01826395	0.09061505
6364474.00000000	-0.73203339	0.01901382	0.11566330
6363074.00000000	-0.72912964	0.01981781	0.14045319
6361674.00000000	-0.72533609	0.02076920	0.16556125
6360274.00000000	-0.72074908	0.02161517	0.18994205
6358874.00000000	-0.71543195	0.02244269	0.21381857
6357474.00000000	-0.70922079	0.02325769	0.23783875
6356074.00000000	-0.70225604	0.02408450	0.26133917
6354674.00000000	-0.69424042	0.02489160	0.28501035
6353274.00000000	-0.68541693	0.02568051	0.30820914
6351874.00000000	-0.67554019	0.02645773	0.33166879
6350474.00000000	-0.66503052	0.02726349	0.35401196
6349074.00000000	-0.65343054	0.02808499	0.37655911
6347674.00000000	-0.64135306	0.02885385	0.39776404
6346274.00000000	-0.62826205	0.02958044	0.41888770
6344874.00000000	-0.61464697	0.03024911	0.43905121
6343474.00000000	-0.60018137	0.03075906	0.45866370
6342074.00000000	-0.58488013	0.03132138	0.47785736
6340674.00000000	-0.56884787	0.03181772	0.49629996
6339274.00000000	-0.55179556	0.03227908	0.51442377
6337874.00000000	-0.53399872	0.03266425	0.53183673
6336474.00000000	-0.51536816	0.03304257	0.54870966
6335074.00000000	-0.49640033	0.03329388	0.56455536
6333674.00000000	-0.47715915	0.03346481	0.57940250
6332274.00000000	-0.45740659	0.03356924	0.59354300
6330874.00000000	-0.43760376	0.03359686	0.60671399
6329474.00000000	-0.41704907	0.03360278	0.61928244
6328074.00000000	-0.39612155	0.03354303	0.63118445
6326674.00000000	-0.37480609	0.03340237	0.64234665
6325274.00000000	-0.35286337	0.03326083	0.65280881
6323874.00000000	-0.33073654	0.03305798	0.66256674
6322474.00000000	-0.30842480	0.03280679	0.67156046
6321074.00000000	-0.28590146	0.03252649	0.67977533
6319674.00000000	-0.26349744	0.03221112	0.68724396
6318274.00000000	-0.24113440	0.03190872	0.69401312
6316874.00000000	-0.21863272	0.03159253	0.70003186
6315474.00000000	-0.19600369	0.03127887	0.70547739
6314074.00000000	-0.17277176	0.03097168	0.71039847
6312674.00000000	-0.14959198	0.03069153	0.71463528
6311274.00000000	-0.12620422	0.03040732	0.71810486
6309874.00000000	-0.10291623	0.03015173	0.72101416
6308474.00000000	-0.07966769	0.02991885	0.72317050
6307074.00000000	-0.05687033	0.02968298	0.72469366
6305674.00000000	-0.03382571	0.02943692	0.72548273
6304274.00000000	-0.01056345	0.02922824	0.72564938
6302874.00000000	0.01307056	0.02905792	0.72521613
6301474.00000000	0.03769794	0.02892453	0.72397751
6300074.00000000	0.06191968	0.02873926	0.72190524
6298674.00000000	0.08652936	0.02855884	0.71911130
6297274.00000000	0.11135086	0.02836108	0.71541016
6295874.00000000	0.13604263	0.02816815	0.71097162
6294474.00000000	0.16069998	0.02792108	0.70563647
6293074.00000000	0.18509109	0.02762973	0.69950641
6291674.00000000	0.20888242	0.02734460	0.69284406
6290274.00000000	0.23298495	0.02702850	0.68510172
6288874.00000000	0.25708374	0.02666711	0.67651453
6287474.00000000	0.28163501	0.02617273	0.66668311
6286074.00000000	0.30556720	0.02565045	0.65620380
6284674.00000000	0.32977151	0.02513477	0.64456381
6283274.00000000	0.35327396	0.02452368	0.63206845
6281874.00000000	0.37615878	0.02383636	0.61899628
6280474.00000000	0.39829904	0.02308618	0.60528961
6279074.00000000	0.42028476	0.02229865	0.59047656
6277674.00000000	0.44116071	0.02137927	0.57517337
6276274.00000000	0.46234824	0.02042493	0.55864343
6274874.00000000	0.48258722	0.01936877	0.54148093
6273474.00000000	0.50240472	0.01824658	0.52344702
6272074.00000000	0.52134201	0.01713193	0.50484665
6270674.00000000	0.53930051	0.01601202	0.48586157
6269274.00000000	0.55649905	0.01473624	0.46631924
6267874.00000000	0.57276337	0.01350204	0.44635999
6266474.00000000	0.58793655	0.01232544	0.42633905
6265074.00000000	0.60246954	0.01111093	0.40573636
6263674.00000000	0.61629782	0.00984427	0.38440259
6262274.00000000	0.62934769	0.00866818	0.36264368
6260874.00000000	0.64135159	0.00745364	0.34103366
6259474.00000000	0.65269727	0.00624768	0.31878595
6258074.00000000	0.66307343	0.00514337	0.29635220
6256674.00000000	0.67277332	0.00406525	0.27367310
6255274.00000000	0.68143658	0.00302130	0.25128906
6253874.00000000	0.68930557	0.00195120	0.22877341
6252474.00000000	0.69644049	0.00116455	0.20594623
6251074.00000000	0.70296509	0.00028226	0.18240332
6249674.00000000	0.70870078	-0.00058813	0.15885260
6248274.00000000	0.71368375	-0.00154623	0.13500278
6246874.00000000	0.71781226	-0.00242773	0.11136212
6245474.00000000	0.72125214	-0.00337640	0.08780435
6244074.00000000	0.72394238	-0.00451523	0.06449881
6242674.00000000	0.72597290	-0.00555673	0.04093124
6241274.00000000	0.72721603	-0.00657376	0.01717435
6239874.00000000	0.72774817	-0.00768347	-0.00667874
6238474.00000000	0.72749677	-0.00876541	-0.03072018
6237074.00000000	0.72644870	-0.00989023	-0.05500668
6235674.00000000	0.72460818	-0.01109851	-0.07940509
6234274.00000000	0.72189322	-0.01237372	-0.10424231
6232874.00000000	0.71837872	-0.01369281	-0.12893216
6231474.00000000	0.71407590	-0.01503152	-0.15323270
6230074.00000000	0.70882208	-0.01643634	-0.17797852
6228674.00000000	0.70277927	-0.01777933	-0.20215036
6227274.00000000	0.69574792	-0.01917316	-0.22651462
6225874.00000000	0.68783380	-0.02066104	-0.25078638
6224474.00000000	0.67885815	-0.02211182	-0.27528650
6223074.00000000	0.66882541	-0.02363089	-0.29982895
6221674.00000000	0.65792548	-0.02509164	-0.32382449
6220274.00000000	0.64593933	-0.02658237	-0.34787662
